6
3
1
6
4
5
5
4
6
4
2
7
6
6
6
4
2
6
5
6
4
5
46
0
41
7
5
5
46
4
5
4
7
0
5
4
4
6
55
49
8
6
6
2
4
6
8
41
5
5
49
5
4
2
8
1
4
49
4
6
47
7
47
5
5
5
7
5
3
6
5
4
5
5
4
4
55
5
8
3
6
6
50
5
5
4
5
6
6
7
7
2
6
1
6
4
7
4
4
4
4
4
3
5
3
5
4
6
7
50
4
7
6
4
9
7
4
5
49
5
4
50
6
5
6
5
47
2
5
5
4
6
7
5
5
0
4
7
5
7
50
49
6
7
4
6
5
4
4
4
50
9
6
41
4
2
4
4
4
5
8
6
3
4
4
7
6
7
5
7
6
3
6
8
7
6
5
3
6
2
6
8
5
6
4
5
6
8
5
1
4
4
5
3
7
5
5
7
5
5
6
47
4
5
7
5
4
7
7
2
4
7
4
4
4
1
4
3
8
6
4
7
4
4
4
5
2
5
4
5
7
4
4
6
7
4
2
6
6
5
6
4
6
3
6
2
7
6
5
6
6
4
55
5
4
6
5
5
7
6
2
4
5
6
4
46
5
8
6
7
49
5
5
0
6
2
4
5
5
9
6
6
0
5
4
2
5
6
6
5
8
3
4
4
50
6
5
5
4
3
6
7
5
5
6
8
7
6
6
7
5
4
5
1
4
6
41
5
49
5
5
3
5
8
5
7
6
4
2
6
4
41
5
1
5
3
6
4
5
4
5
7
4
3
4
6
2
41
5
4
5
6
4
5
5
55
41
0
5
5
5
50
8
3
5
6
47
6
6
6
7
8
6
5
3
7
4
4
4
4
5
7
50
5
6
2
6
3
6
2
6
6
1
7
4
5
9
6
4
6
6
6
9
7
2
7
5
8
1
2
7
9
2
6
4
4
6
7
50
8
2
49
5
6
4
6
5
6
5
5
1
4
2
