38
193
61
168
207
166
25
90
77
150
28
112
169
140
145
199
189
88
173
182
93
161
141
106
140
153
5
194
67
211
192
47
14
13
3
63
114
39
127
171
154
41
192
92
202
62
193
186
31
187
26
73
158
68
204
213
40
39
143
32
154
116
61
16
178
165
187
25
102
11
112
14
111
41
192
51
149
24
82
42
145
3
179
133
194
47
195
103
99
67
100
13
184
5
76
130
148
26
147
167
75
8
47
33
93
57
164
60
176
81
61
177
48
39
211
167
134
88
217
88
184
95
102
37
33
12
198
153
175
156
45
117
109
183
44
173
12
59
179
155
178
158
110
44
60
20
137
176
5
46
81
119
217
41
186
40
189
75
75
91
142
141
169
71
144
140
194
76
123
164
63
47
89
8
59
186
102
28
7
178
42
184
74
206
162
32
78
9
82
208
115
169
190
199
1
101
83
122
76
121
5
167
146
149
108
91
104
3
124
102
119
129
96
147
114
199
25
128
215
166
179
169
211
106
138
210
65
36
184
173
192
185
11
61
138
38
206
151
32
78
28
88
98
177
58
14
70
216
177
52
167
135
182
13
59
126
67
109
115
74
128
54
75
2
75
136
53
13
153
95
148
179
111
34
10
100
86
24
131
154
138
55
214
195
126
114
15
125
62
80
109
7
42
95
211
204
63
215
12
86
38
96
216
19
107
8
199
86
83
9
146
16
44
69
155
183
109
192
160
120
63
107
3
39
163
48
131
154
124
196
158
57
145
185
206
5
12
109
159
174
64
3
182
18
127
56
190
9
55
76
136
171
148
129
62
180
38
43
200
176
175
173
136
164
140
121
96
49
148
104
61
167
136
60
155
70
146
197
194
142
137
184
141
90
116
61
25
135
104
64
93
13
72
169
122
11
150
110
153
61
162
181
1
169
47
166
194
173
124
58
139
57
2
67
84
24
143
147
32
187
4
172
136
56
15
65
106
184
26
188
184
78
79
37
169
127
119
206
47
80
193
136
30
22
101
55
192
157
122
71
106
11
118
146
105
159
209
173
85
153
21
10
164
68
83
162
208
192
147
118
111
28
46
205
160
68
91
73
41
143
152
121
112
89
137
98
76
19
92
122
39
76
65
182
13
37
63
29
113
131
2
135
137
29
49
4
96
169
202
137
190
186
86
127
136
109
50
85
159
26
164
203
160
110
198
137
206
166
208
108
145
115
90
216
210
58
196
59
162
49
183
184
201
166
216
97
38
132
105
52
213
185
103
204
184
183
32
204
17
66
14
162
8
212
84
171
73
14
175
121
91
192
124
122
36
145
14
86
52
217
46
142
72
39
13
73
127
216
144
81
190
182
164
70
207
67
182
146
203
108
197
82
157
75
81
57
190
7
23
28
195
196
36
47
200
175
179
22
136
189
94
75
153
143
139
126
50
38
197
23
202
112
131
20
195
28
162
22
121
148
59
166
208
170
40
19
148
88
99
85
188
49
174
55
21
60
14
208
5
5
57
181
191
76
128
26
186
104
11
42
126
214
94
93
69
176
168
1
106
29
91
62
32
45
24
108
12
43
201
211
61
50
190
33
16
104
22
189
16
31
2
49
160
79
177
137
6
148
164
171
138
215
162
121
175
195
93
179
108
154
198
90
111
168
18
54
15
145
52
204
124
197
199
41
29
106
173
155
197
87
152
68
200
145
189
112
39
40
155
196
28
116
89
80
52
44
166
31
42
212
115
35
124
38
172
142
191
69
140
27
103
97
134
177
75
20
62
53
12
52
130
70
101
166
63
58
206
99
189
109
179
146
21
69
188
186
78
203
111
105
184
61
27
38
168
214
204
132
13
2
200
105
200
85
45
34
216
135
109
147
17
198
65
192
37
121
55
182
124
88
139
188
119
29
79
44
204
121
59
184
177
201
66
191
143
72
136
24
196
83
24
56
67
4
110
61
101
147
36
3
192
162
173
184
154
46
166
192
200
200
26
190
22
27
143
48
206
17
182
216
141
120
186
53
132
80
111
139
112
97
187
203
132
200
54
75
175
138
158
187
94
126
201
131
88
45
31
45
148
147
149
171
36
42
191
11
40
152
205
167
172
189
145
93
101
175
90
137
85
75
163
28
40
205
33
38
43
30
101
161
168
112
77
147
99
22
95
84
111
32
99
9
6
94
128
92
66
176
118
115
161
107
12
44
8
114
156
136
212
212
161
22
100
44
141
189
86
67
131
125
54
142
210
175
103
217
145
176
171
202
49
125
32
166
1
58
193
72
134
165
