123
67
48
57
187
108
94
77
153
163
30
144
20
89
178
43
10
95
99
150
161
73
106
165
13
38
104
77
153
15
42
93
121
12
6
197
94
39
141
18
44
186
154
195
116
151
78
51
136
78
152
170
104
128
69
28
171
122
103
127
87
203
127
128
128
192
139
149
65
180
3
136
7
12
95
80
47
201
44
134
85
166
132
1
125
169
50
38
101
130
203
175
45
136
166
123
47
86
82
111
158
75
89
55
177
70
31
55
163
68
162
4
123
166
9
144
7
59
29
155
77
66
152
152
118
109
19
77
110
77
154
37
40
33
57
166
197
153
38
63
149
156
179
78
49
58
4
120
176
145
16
22
150
196
32
178
30
74
161
131
12
175
188
155
191
53
22
140
98
136
156
82
58
154
161
97
28
27
150
190
54
66
185
126
125
37
153
99
84
201
182
78
124
131
179
69
18
147
130
10
173
149
190
54
168
113
167
36
84
110
166
1
137
129
62
148
191
91
42
133
4
200
189
29
33
42
132
189
183
170
70
39
86
161
129
107
129
130
7
77
145
117
69
137
132
97
165
87
33
149
130
38
169
168
62
24
97
139
81
46
41
9
23
5
175
162
140
41
102
71
87
26
106
48
29
137
131
139
112
185
84
88
170
149
161
15
149
185
174
77
107
111
60
51
32
104
17
161
175
39
122
141
21
203
17
6
46
123
28
80
55
172
14
138
179
202
69
91
77
37
117
51
106
102
23
108
154
95
48
76
131
27
131
20
131
74
165
61
67
146
149
166
44
57
114
150
30
45
11
100
154
172
152
116
104
10
149
180
12
126
104
144
108
118
183
101
47
187
113
109
80
179
38
111
79
13
91
173
140
28
40
7
152
114
203
112
44
38
39
202
190
62
64
192
199
29
153
194
120
193
65
38
158
130
56
60
93
41
133
147
80
194
167
60
132
130
158
32
121
45
62
72
151
124
4
11
142
194
62
200
117
98
145
60
189
139
152
100
198
70
86
3
196
26
31
28
152
5
142
107
103
184
181
51
169
85
85
139
3
170
152
166
116
176
113
36
68
71
51
109
198
103
155
189
145
11
122
4
79
87
133
175
157
149
172
21
123
108
187
58
39
62
8
181
158
185
129
84
142
157
24
6
7
77
89
47
73
47
181
88
193
71
47
37
11
71
98
25
180
177
138
98
96
28
41
55
122
76
17
167
128
95
87
7
169
194
97
107
16
92
191
20
193
92
113
41
122
138
11
187
181
98
198
179
105
167
164
119
177
81
49
179
9
129
8
63
55
70
98
116
109
78
150
198
203
128
41
23
2
134
75
121
74
133
129
36
171
13
142
143
200
24
179
91
95
30
70
158
15
91
178
20
201
18
184
161
43
167
59
180
143
183
149
127
183
22
111
93
81
81
13
157
203
138
169
164
104
31
27
70
92
59
13
155
111
71
10
80
60
104
127
23
118
140
58
189
126
159
142
155
142
5
65
79
47
163
34
87
154
99
99
138
37
40
112
154
160
178
150
106
130
19
152
94
101
96
166
129
91
4
191
37
111
129
135
196
76
163
142
112
196
45
83
176
154
40
204
191
39
3
36
181
95
77
3
91
4
126
111
114
189
48
3
194
31
173
203
144
177
56
204
76
87
39
108
89
123
45
125
129
137
77
176
193
76
188
113
45
97
74
189
30
18
198
161
164
178
58
5
65
147
135
101
133
94
202
116
59
102
80
91
168
28
72
97
6
62
60
83
115
97
123
102
13
90
95
144
180
179
61
121
37
37
110
17
153
38
114
175
118
166
156
28
41
112
142
8
103
116
112
97
54
128
145
71
90
107
125
124
113
57
79
86
35
2
180
58
193
70
142
54
179
91
130
110
204
20
65
11
69
175
8
96
196
104
130
76
103
103
111
48
95
70
55
167
122
183
26
38
191
166
149
138
185
92
172
158
97
192
85
51
186
178
36
129
127
137
178
73
187
174
141
76
147
97
31
36
151
6
30
105
32
87
136
167
121
7
151
127
87
127
149
97
149
6
83
153
59
165
182
134
100
75
130
139
140
73
87
175
178
169
107
19
71
175
26
100
17
181
13
118
82
96
21
44
5
82
113
29
192
151
60
23
41
22
11
32
70
1
65
20
70
67
36
32
83
130
184
174
3
188
49
184
167
112
121
157
126
162
136
91
114
59
89
132
129
170
82
165
12
196
23
188
139
56
172
159
153
74
36
140
165
70
54
29
55
137
129
89
51
83
126
88
183
168
43
161
102
90
2
