129
126
25
172
181
29
141
174
20
28
75
105
167
23
121
194
143
42
18
64
187
211
115
155
149
99
8
44
94
11
137
61
156
166
39
164
44
166
152
149
92
167
184
113
137
93
119
119
164
161
39
130
76
83
211
161
77
104
169
94
217
97
54
93
32
213
144
184
125
154
58
95
215
157
162
74
203
27
156
212
216
113
110
43
146
198
138
147
142
83
144
154
103
165
214
143
103
94
116
124
45
113
51
8
123
122
179
206
2
37
206
45
28
59
98
162
176
155
175
146
119
93
11
52
9
143
108
67
202
179
75
130
180
129
45
57
159
106
22
102
19
117
1
62
37
209
196
43
107
189
158
157
65
209
135
77
52
170
8
81
156
17
69
162
98
43
194
163
171
99
52
171
55
113
167
144
66
73
184
74
208
208
82
192
215
59
165
59
169
139
131
177
92
182
5
182
161
208
87
170
138
27
104
145
181
101
109
71
213
32
18
185
28
178
198
89
70
85
179
199
70
119
131
91
13
194
64
205
40
177
118
73
80
126
34
188
168
30
119
109
202
16
188
113
211
69
29
72
215
81
40
146
132
112
211
195
165
107
178
69
213
139
170
32
91
185
24
23
193
11
112
212
90
168
10
102
199
8
128
89
60
8
211
120
22
192
71
95
30
191
16
15
81
20
167
97
144
127
159
195
21
30
91
196
97
1
59
110
155
77
57
178
53
158
33
181
130
17
187
178
13
160
165
197
74
118
16
109
34
139
163
172
3
114
54
203
102
150
130
5
179
204
159
189
82
61
199
178
45
4
133
121
58
42
25
134
17
6
8
164
190
68
177
55
169
165
83
189
56
108
197
16
205
146
27
4
4
110
60
34
88
171
105
106
184
6
208
191
138
138
81
113
180
158
120
171
77
46
207
155
120
19
113
34
168
176
8
158
169
97
23
154
178
156
103
47
186
73
125
18
213
141
101
6
17
40
101
90
60
214
183
44
43
76
161
8
213
2
215
165
37
98
172
29
146
90
214
192
169
53
213
198
213
209
58
90
45
6
62
57
215
215
214
47
68
94
56
192
71
139
145
163
195
76
125
149
72
137
56
161
188
180
38
104
112
1
150
95
79
59
118
102
192
45
188
215
70
51
119
110
121
141
199
15
139
26
150
138
164
134
76
14
143
110
199
39
110
109
51
11
1
12
208
131
170
122
19
84
215
138
151
114
160
64
64
134
120
157
4
174
159
156
143
7
56
38
148
60
150
64
13
30
189
113
77
187
164
153
203
170
27
84
47
133
214
121
57
42
217
73
84
163
50
165
205
174
79
68
136
23
99
32
126
113
84
43
3
9
60
181
97
190
136
109
54
62
193
179
83
138
93
29
128
124
31
204
151
113
26
175
177
164
147
192
93
111
158
133
131
46
49
30
8
113
190
16
81
162
199
215
25
89
179
45
163
162
114
71
63
119
11
82
94
157
46
36
67
5
28
215
163
137
159
14
7
20
192
58
69
45
94
62
207
28
211
154
53
88
48
203
71
62
212
131
84
131
82
107
115
53
59
15
8
127
43
82
135
197
147
114
65
31
152
72
166
175
86
13
77
77
124
17
165
94
46
88
61
61
72
157
194
75
185
108
22
109
111
169
17
139
119
155
128
200
113
107
81
192
114
116
23
144
92
20
85
146
14
206
22
84
150
145
86
192
95
35
40
80
207
131
39
78
72
70
134
63
42
69
121
24
114
55
125
132
103
38
71
209
187
161
22
71
187
56
175
91
58
205
33
41
211
213
140
172
134
76
57
15
162
150
198
202
217
124
128
85
214
182
141
107
26
18
54
79
162
128
29
149
213
123
130
22
75
157
89
217
34
96
101
196
26
54
2
117
27
66
17
199
54
40
42
27
137
172
124
57
69
170
209
77
35
103
80
82
215
169
105
90
42
114
44
68
150
43
30
86
213
15
37
37
157
40
122
70
130
215
68
47
106
197
215
25
82
46
99
57
16
115
55
167
193
181
19
187
98
95
97
16
194
215
214
69
1
180
152
49
104
13
188
52
149
124
184
101
111
198
25
90
1
136
9
101
189
24
59
106
132
76
73
195
83
161
131
160
77
67
54
113
71
12
52
40
214
24
26
163
192
147
191
126
138
186
153
60
103
200
89
150
36
74
183
119
138
150
167
1
17
134
61
28
123
181
125
132
89
18
24
37
39
211
37
165
120
38
36
176
88
82
44
43
123
80
81
97
95
48
112
109
66
78
22
120
22
115
203
66
155
154
19
142
