178
41
33
216
126
109
164
195
162
116
5
190
57
102
68
183
43
130
88
174
43
21
118
172
63
59
65
101
68
150
40
8
194
41
43
209
181
188
196
56
86
33
9
128
42
169
202
111
110
129
114
40
180
152
62
26
180
52
157
73
153
189
182
178
2
31
34
219
203
199
189
48
34
156
25
119
144
130
176
166
134
41
20
181
184
87
36
1
128
46
47
94
141
169
164
177
216
143
89
100
103
190
50
116
149
185
217
29
165
183
127
71
81
211
24
179
87
154
41
190
83
131
6
133
85
83
191
13
202
176
193
1
30
81
150
39
26
16
89
141
53
3
151
199
12
144
94
180
174
171
57
19
150
12
104
175
117
101
16
46
139
193
148
198
207
116
159
169
49
158
99
31
53
225
121
55
132
86
71
153
173
117
224
50
82
125
163
211
209
12
125
127
29
73
68
80
100
27
39
126
187
198
141
149
137
188
102
17
38
41
186
172
132
179
96
63
42
205
189
137
160
190
206
120
137
74
176
15
187
31
140
207
106
184
151
93
24
6
182
74
72
172
143
90
26
123
97
48
74
97
225
158
143
107
12
206
2
223
164
72
63
206
16
210
76
94
121
17
23
202
192
138
189
35
60
144
47
115
209
214
115
94
196
102
15
122
80
195
16
50
19
21
15
18
184
178
71
25
199
89
5
201
60
106
33
113
224
194
130
187
42
194
199
118
54
126
99
192
48
140
14
193
17
57
115
217
23
122
155
222
106
114
192
68
125
69
13
48
164
214
186
73
170
181
212
214
31
16
25
129
126
110
110
35
22
13
58
184
124
132
1
53
39
46
80
162
24
18
9
187
165
120
173
112
180
149
187
152
79
24
41
71
117
133
53
120
61
12
186
85
114
120
206
140
87
109
201
97
69
29
2
44
133
72
181
37
203
152
128
135
122
135
180
184
220
100
62
207
10
124
91
2
14
206
199
216
176
197
62
132
26
147
95
193
62
61
197
187
198
144
46
200
30
179
120
165
75
84
124
82
14
40
184
70
66
115
10
57
137
194
199
64
47
94
92
181
113
53
52
147
115
88
67
20
195
153
114
44
13
31
88
46
178
106
122
181
212
59
146
223
140
220
38
59
104
95
129
92
182
140
209
191
119
85
140
208
28
149
162
54
202
193
125
189
151
166
14
55
113
83
193
178
77
186
182
190
103
60
136
41
194
152
98
122
95
212
72
104
106
182
181
48
21
164
157
145
31
124
151
139
185
160
210
75
119
96
206
222
187
21
220
2
15
54
178
13
2
44
94
3
41
114
86
150
3
191
136
128
40
26
78
35
126
200
89
69
148
105
55
190
15
189
24
159
21
127
196
178
80
178
4
137
198
217
206
198
124
204
110
55
24
52
89
189
9
5
194
131
40
136
189
69
34
97
35
8
194
172
46
114
166
64
75
126
101
222
56
35
161
151
93
85
69
111
216
66
42
113
161
196
63
196
72
28
113
40
126
167
192
196
31
205
197
205
164
63
74
28
12
124
189
150
49
50
39
60
219
61
54
199
80
221
122
11
60
186
26
2
130
158
123
170
63
181
66
206
166
176
78
81
148
80
58
221
24
51
141
119
43
44
195
138
215
68
32
52
64
101
103
94
12
225
88
94
160
18
176
12
73
18
88
141
215
55
224
42
211
197
197
189
93
71
126
42
67
188
20
197
179
187
76
78
59
145
5
80
182
42
95
53
148
156
135
29
26
72
49
150
42
133
98
147
204
153
140
58
128
39
141
194
57
135
190
123
187
196
218
173
145
156
170
141
207
179
151
53
96
18
16
153
73
133
171
198
117
58
96
74
15
118
85
215
206
156
190
66
84
130
198
197
113
150
206
162
8
186
195
87
62
13
53
115
96
17
142
6
135
203
83
21
92
15
171
116
222
96
16
14
103
216
60
55
8
109
1
31
182
124
135
71
133
39
47
202
125
35
210
71
125
117
20
19
225
130
136
205
128
151
116
28
200
160
60
205
10
8
114
21
130
148
116
94
138
208
161
115
14
165
196
206
32
48
162
134
222
147
69
225
90
214
78
165
201
91
197
104
70
131
162
102
10
164
179
59
182
40
94
115
129
162
68
182
62
166
159
97
48
152
130
175
69
80
11
17
137
26
84
26
32
32
112
143
162
3
216
92
57
183
120
70
30
74
170
54
67
200
24
190
181
63
157
203
209
161
48
80
98
208
52
136
69
179
210
76
40
196
75
196
169
141
167
29
20
27
150
201
139
181
84
169
