25
167
135
127
197
149
178
53
201
171
151
201
15
13
32
189
110
94
32
138
189
174
27
156
210
2
58
116
77
43
17
7
172
210
148
125
210
101
8
201
175
4
175
133
46
5
14
98
119
93
11
26
152
93
191
148
134
64
123
46
182
112
82
167
136
35
122
190
48
104
136
210
88
199
103
101
120
104
97
42
101
198
25
95
210
58
110
80
191
126
184
171
4
173
7
34
20
209
109
12
74
42
179
5
170
56
12
59
82
143
65
202
18
66
100
70
195
132
145
126
58
5
164
199
198
82
97
62
143
106
94
179
110
192
58
98
77
158
122
148
115
47
120
119
183
160
195
15
131
63
105
174
170
65
165
143
165
145
108
75
13
81
95
72
55
104
13
204
174
11
102
163
168
56
114
185
198
89
138
180
145
110
60
77
88
206
88
160
120
130
111
96
37
201
201
36
21
149
79
16
132
63
106
32
198
31
26
47
95
7
134
205
19
98
78
102
39
87
84
64
97
171
76
25
179
44
107
109
197
156
109
204
90
66
7
173
7
52
164
45
39
74
71
78
51
189
42
95
17
145
141
103
188
132
110
55
55
181
134
46
100
50
173
2
1
203
179
204
103
27
123
118
36
184
153
196
180
120
139
189
204
35
154
96
5
114
97
115
143
46
88
100
2
70
180
28
1
93
144
90
14
66
109
30
154
16
168
202
51
24
172
197
63
122
47
28
138
41
198
78
21
142
82
33
110
190
128
7
166
1
158
6
184
205
105
162
71
35
172
77
140
32
131
90
28
13
6
42
199
45
74
41
25
95
88
205
200
66
35
169
186
162
146
159
86
100
53
45
192
140
132
108
198
149
203
188
49
197
158
61
183
108
150
135
158
189
155
127
19
1
92
73
41
9
102
124
68
111
171
136
170
74
182
38
130
47
133
105
166
57
180
135
19
66
79
106
191
60
169
45
166
78
142
110
66
89
198
67
200
8
149
51
141
135
113
54
68
127
54
78
102
196
86
203
99
12
91
28
22
40
94
98
165
101
56
169
145
205
182
34
8
128
4
108
88
106
31
183
96
58
129
114
90
106
189
2
116
62
107
26
200
208
3
46
206
65
198
46
166
97
47
139
173
24
37
100
23
95
73
88
23
115
70
7
64
113
65
177
76
195
158
155
179
60
29
204
144
25
116
186
65
210
202
165
18
77
96
112
200
197
2
8
168
6
23
200
89
190
31
74
4
35
1
103
202
202
111
70
55
119
205
73
141
195
8
21
141
134
18
44
190
157
187
185
129
27
157
90
50
172
97
140
76
112
105
207
80
145
51
52
25
10
203
70
190
17
105
99
112
160
11
47
28
199
97
183
127
143
65
148
40
145
171
136
96
120
110
180
37
37
147
76
205
77
65
18
19
190
47
51
116
88
196
97
126
84
159
63
138
80
114
84
145
116
19
201
164
203
134
93
93
81
20
100
15
161
36
199
139
65
132
137
141
43
124
194
206
206
104
104
180
204
98
60
3
201
5
210
98
41
2
66
130
122
143
115
47
68
157
92
105
109
52
105
52
49
50
168
92
43
52
200
13
63
159
192
96
109
28
158
199
41
113
199
34
8
169
4
161
131
122
163
23
191
24
168
71
190
109
141
150
29
93
5
198
168
128
123
79
97
29
137
2
9
95
49
72
129
64
135
84
112
32
99
4
178
141
48
195
181
69
68
106
94
138
56
64
189
13
42
102
32
172
87
59
128
13
74
107
63
62
70
136
36
163
94
85
6
80
94
121
28
169
149
41
177
206
184
28
31
192
192
93
144
192
53
142
192
204
206
189
45
194
84
94
147
87
95
156
195
162
171
78
51
11
169
170
59
104
186
111
156
67
114
87
85
86
37
141
22
197
100
157
95
111
31
10
4
146
76
210
93
158
70
40
82
48
189
206
88
100
93
153
180
204
177
38
82
155
201
149
157
68
92
10
142
121
177
9
70
95
122
197
83
37
78
81
133
150
64
80
167
44
162
198
44
25
102
23
132
82
7
37
71
206
127
191
164
25
74
197
26
200
121
33
156
48
17
87
167
51
144
133
183
88
177
10
13
163
193
11
136
94
54
77
6
154
39
86
16
190
135
38
185
91
95
150
106
126
37
104
32
3
72
210
108
192
107
46
164
114
168
26
91
124
93
210
38
160
47
92
167
117
205
199
17
93
130
129
108
168
167
139
117
205
67
112
80
40
182
116
62
171
145
150
38
14
206
139
41
114
31
118
123
78
22
186
88
90
197
