75
204
118
149
112
200
164
182
28
47
196
73
194
56
114
110
175
28
6
46
3
176
162
89
80
78
50
101
13
122
62
32
47
11
16
182
58
66
16
185
157
204
129
203
92
27
112
152
157
44
127
118
58
121
29
130
48
189
54
53
144
75
124
171
57
50
111
13
25
74
202
37
57
61
101
119
4
166
150
123
102
125
29
15
134
171
20
28
206
26
119
119
149
177
196
41
101
194
53
142
54
113
127
18
69
84
138
167
155
86
112
56
178
101
53
78
101
89
125
79
113
66
71
153
148
174
82
110
12
36
59
96
37
45
126
112
48
147
118
129
102
25
76
35
144
30
80
183
107
36
81
98
204
206
57
132
193
75
142
46
175
166
197
198
7
119
35
45
32
61
56
105
104
53
41
150
130
158
115
85
18
156
69
182
26
194
206
178
23
184
159
157
113
2
17
5
11
31
11
197
135
163
37
93
60
80
154
36
20
161
147
155
65
38
160
39
193
159
108
24
76
98
31
31
146
43
155
55
18
52
93
163
31
8
79
26
123
40
11
190
26
88
189
86
72
191
154
141
106
87
155
92
165
50
143
23
103
160
169
116
60
147
183
179
94
96
50
44
154
95
189
17
111
140
182
21
167
192
164
171
26
192
122
151
110
199
149
102
178
174
196
31
25
182
69
198
155
98
15
68
62
61
146
133
4
123
12
29
202
172
112
83
92
73
177
69
169
31
29
94
72
78
110
169
46
177
69
109
187
48
172
180
153
95
129
187
139
90
49
157
87
66
132
120
107
31
188
67
16
145
37
143
52
204
33
27
29
117
169
168
165
47
116
201
27
177
7
33
100
34
150
85
83
43
67
162
36
138
37
192
140
176
101
161
31
170
92
103
156
28
49
185
79
40
18
9
187
116
147
97
62
87
114
126
125
147
189
52
125
175
131
23
106
124
180
142
106
97
37
119
202
39
150
188
97
46
156
184
175
155
170
19
199
45
13
140
143
26
69
165
84
75
66
139
139
45
27
140
57
131
189
34
77
159
178
5
15
78
161
62
17
129
144
103
127
106
31
163
30
145
120
39
97
195
2
187
123
48
49
94
116
94
97
171
44
203
15
117
158
44
180
118
15
83
179
203
154
148
149
45
71
39
116
175
34
67
119
119
99
162
143
189
128
102
60
198
70
95
89
173
99
78
47
46
9
72
84
13
77
54
68
79
30
44
86
13
13
79
69
79
193
201
39
192
157
141
156
97
19
97
66
72
71
84
170
203
204
39
34
80
21
44
104
133
27
92
98
41
47
105
92
135
109
53
25
200
85
53
42
142
14
200
107
84
187
125
1
112
131
111
28
60
145
3
87
123
72
7
1
141
51
91
75
148
165
51
45
193
47
59
109
98
61
120
176
137
58
125
27
117
55
76
46
112
107
39
202
125
140
84
197
206
10
149
35
182
141
106
173
9
71
86
8
26
42
101
5
54
131
110
62
83
25
62
155
9
23
112
79
116
161
113
107
17
143
107
188
158
156
120
165
97
205
20
111
76
148
173
153
101
189
10
132
63
29
66
149
171
43
60
198
35
159
206
36
104
4
3
3
123
171
162
13
197
25
50
187
120
27
126
187
157
112
41
45
88
45
132
108
188
146
145
7
138
47
119
71
54
143
24
97
57
106
172
28
9
159
99
46
202
152
63
94
14
14
124
84
145
54
135
118
122
118
38
8
21
25
204
23
99
106
159
167
150
106
25
148
2
45
29
37
175
33
94
193
136
133
34
146
197
119
40
18
118
133
6
145
25
22
118
84
112
110
52
66
127
138
83
173
183
168
83
175
58
84
89
20
67
160
167
41
5
67
11
181
10
192
47
125
72
101
111
69
111
68
111
206
166
85
199
147
41
179
165
78
79
38
133
64
75
99
106
160
81
110
40
156
175
170
128
22
56
112
180
46
156
146
36
38
129
150
204
82
176
138
7
56
62
181
206
3
150
80
81
111
189
99
110
14
118
105
146
169
60
123
157
118
185
132
165
125
117
33
69
72
127
127
40
148
24
126
71
173
188
38
27
167
129
36
145
142
50
37
196
107
190
55
84
77
47
18
151
72
183
12
75
26
119
85
115
22
181
171
114
151
65
11
160
108
182
76
80
72
200
52
96
110
54
32
156
100
164
203
172
187
16
189
14
84
184
124
112
91
134
3
105
124
139
48
119
101
114
59
150
49
162
165
42
95
151
52
21
152
153
4
104
71
114
37
123
79
108
151
159
52
102
11
103
182
174
