141
95
82
198
61
64
155
160
195
117
158
88
19
117
65
61
99
12
43
126
195
145
199
94
137
119
81
142
185
112
105
188
47
175
31
39
139
145
67
84
72
96
124
190
83
12
187
86
168
34
1
154
85
67
108
116
78
101
16
146
186
60
78
40
34
8
15
5
23
174
4
56
103
52
103
119
48
75
178
138
10
9
121
95
46
77
171
134
34
146
24
170
66
44
21
10
5
184
34
109
87
127
38
61
110
34
154
67
63
118
60
192
46
147
153
118
99
171
198
78
71
120
12
130
15
52
183
3
142
152
75
131
68
20
40
93
135
197
1
82
25
8
59
165
52
9
38
36
92
15
63
57
113
109
57
32
118
192
133
158
60
61
75
190
110
173
169
56
155
33
195
142
106
158
32
45
187
85
19
103
133
158
125
180
147
14
65
135
108
41
76
145
106
200
106
21
45
41
196
76
71
174
113
103
18
35
128
90
158
81
43
122
170
80
57
128
140
138
46
73
24
8
143
44
183
41
30
129
8
53
10
126
199
69
15
119
159
155
33
11
34
78
157
143
114
87
191
132
176
19
166
99
111
118
188
162
27
124
187
20
46
38
80
181
89
199
41
102
44
65
191
92
125
120
49
92
43
124
134
50
22
132
134
117
94
83
168
47
179
21
183
190
160
196
199
120
105
19
175
37
66
181
138
71
126
166
114
151
98
129
68
88
39
49
45
181
59
41
141
9
162
27
22
42
79
15
145
5
172
120
62
79
83
183
81
11
29
120
100
92
27
73
137
167
145
138
195
173
139
62
114
72
3
104
41
8
38
151
65
175
129
120
26
26
137
178
98
158
102
184
42
147
114
62
81
158
184
103
10
117
191
171
19
131
96
180
130
100
157
12
110
141
15
138
186
82
133
50
197
29
182
90
79
143
119
32
154
29
44
66
76
163
58
77
187
107
90
23
48
67
62
158
199
166
103
150
102
68
113
14
59
69
116
24
135
79
20
34
152
93
135
182
188
37
103
83
159
13
134
102
114
190
165
18
46
143
137
151
148
199
54
61
127
197
59
190
110
182
176
74
63
84
35
161
136
73
82
52
173
41
18
198
55
154
142
124
191
25
49
114
113
7
45
20
20
164
163
110
24
157
100
165
120
179
29
45
108
178
176
9
47
188
39
181
186
52
43
143
94
111
17
180
196
151
180
167
63
102
190
83
36
103
41
45
113
99
76
84
110
87
151
171
20
107
92
34
47
73
150
123
131
176
117
141
137
179
132
26
97
28
155
121
28
5
15
80
188
26
110
100
115
118
124
20
83
10
56
52
98
189
142
53
73
129
17
84
200
192
191
94
89
100
25
190
23
170
88
196
179
1
189
28
81
45
72
149
131
116
59
128
140
47
57
148
138
121
115
160
136
60
134
162
119
95
41
30
7
142
170
19
200
197
27
35
167
31
2
89
77
174
34
111
159
120
1
88
144
124
84
111
196
74
66
173
23
18
64
196
129
170
152
187
13
63
46
131
144
14
157
123
31
162
98
29
47
199
178
135
163
59
115
94
7
4
172
78
33
98
176
81
189
188
174
146
149
105
63
111
188
27
156
193
160
150
133
98
111
148
98
183
115
46
123
154
109
186
199
92
157
26
66
193
74
164
21
133
43
170
171
142
30
188
21
165
182
82
83
165
85
187
38
40
93
67
93
177
46
9
184
44
33
157
36
70
126
66
42
154
153
144
159
107
162
194
7
178
98
192
171
111
80
14
104
133
141
111
172
112
59
7
4
106
197
110
146
62
115
39
36
136
9
160
138
124
199
186
196
65
199
162
165
160
172
123
170
180
50
80
141
23
74
157
4
180
114
63
185
48
42
77
118
180
85
145
47
71
189
184
7
116
189
40
42
155
162
178
142
105
163
155
140
134
53
64
147
140
184
97
21
92
41
196
199
63
67
2
191
175
63
17
88
44
79
4
136
66
44
52
64
149
55
71
122
97
137
77
183
53
128
142
185
71
196
23
175
109
137
157
149
94
182
104
194
184
167
108
77
114
174
137
83
30
64
107
11
123
143
96
157
178
178
179
64
126
13
39
10
89
108
92
162
157
49
80
144
25
155
128
32
81
188
50
129
113
127
197
81
11
148
33
58
21
104
55
198
115
136
119
25
17
22
191
173
41
154
185
12
127
176
134
111
133
184
84
199
1
199
127
142
5
45
137
117
183
62
95
110
106
45
177
73
184
70
164
24
133
76
44
120
191
63
6
2
56
53
58
64
76
24
189
