184
75
89
162
168
186
184
81
81
79
43
195
8
98
80
125
120
55
25
174
1
131
129
177
141
12
123
114
29
193
87
143
105
168
123
68
16
19
57
34
96
117
125
121
56
49
149
104
50
161
163
29
131
157
22
171
164
41
28
179
7
98
178
134
158
169
127
106
145
111
142
35
137
113
151
128
97
114
177
57
43
83
50
186
94
78
104
3
75
56
47
140
17
131
11
60
152
23
19
113
101
175
2
125
167
93
151
32
133
117
158
98
76
62
99
18
170
173
145
152
64
80
115
13
186
142
78
26
56
156
112
9
12
102
54
194
198
157
6
56
178
171
137
141
30
101
53
112
170
20
189
36
112
57
118
30
74
189
13
100
148
172
29
111
53
157
81
41
1
149
145
202
161
25
45
53
192
82
184
70
60
53
172
39
145
46
114
123
154
35
194
27
57
9
64
81
126
151
86
147
3
133
100
43
3
194
114
160
133
74
113
194
4
156
95
37
146
94
37
39
186
55
82
90
53
99
196
155
134
138
99
65
187
26
36
113
164
82
98
12
69
198
194
72
180
4
29
88
165
145
87
67
25
82
5
151
123
36
67
139
57
126
155
128
141
172
134
99
90
79
19
92
82
52
74
173
2
87
121
106
78
64
170
18
141
70
1
136
109
50
161
32
107
183
149
60
115
79
30
60
100
20
116
53
176
181
57
87
50
193
78
118
125
5
69
43
156
192
157
144
94
31
58
20
162
123
63
72
181
118
45
40
95
3
168
68
190
41
138
53
109
161
129
118
144
169
12
113
187
92
102
184
145
91
28
188
5
96
178
55
10
170
86
30
153
12
113
14
183
16
116
74
122
128
149
4
16
26
34
181
89
145
52
35
161
168
155
112
10
196
60
92
131
127
182
41
61
192
84
23
70
146
199
133
194
149
138
54
70
108
136
164
54
62
3
153
40
152
74
43
92
131
136
98
164
57
128
90
86
14
91
107
190
85
144
87
178
74
67
182
178
47
67
42
58
174
143
10
13
184
114
144
35
135
15
30
119
143
93
45
103
142
54
190
142
129
160
34
68
32
43
156
27
170
117
181
112
22
133
145
19
51
99
16
82
73
109
105
181
64
132
5
12
175
15
195
17
10
87
63
175
186
72
63
101
87
145
97
13
77
7
193
46
195
101
141
131
138
165
183
134
107
180
119
99
3
158
68
36
123
148
145
52
165
41
27
66
200
103
98
67
95
13
68
77
19
135
56
33
132
127
83
170
178
143
110
104
27
19
53
160
15
162
29
143
52
194
99
43
201
51
168
68
92
187
196
52
181
95
73
180
80
9
145
190
38
30
132
121
133
40
64
128
68
58
96
156
60
140
78
160
87
28
41
187
72
117
74
194
58
190
44
96
87
78
61
99
35
75
36
195
155
160
92
96
55
2
192
26
48
107
158
127
82
1
138
38
82
125
24
24
101
109
63
124
177
117
66
127
198
99
98
61
153
176
66
70
103
46
26
85
35
86
4
151
90
161
165
81
163
29
66
116
81
79
146
99
39
179
3
181
56
186
101
38
22
112
144
106
98
131
69
119
58
5
154
28
172
146
122
19
195
190
7
117
150
59
42
107
66
158
119
131
70
130
87
6
193
182
128
100
194
42
54
66
96
51
53
59
154
63
170
17
194
147
3
95
154
12
14
112
65
149
140
111
91
42
145
78
73
141
107
49
112
62
196
47
7
123
98
29
152
99
24
132
149
185
29
1
91
113
117
130
59
180
92
99
176
138
100
45
167
95
82
181
164
172
53
120
177
193
130
32
91
165
111
83
96
157
38
84
139
137
1
15
134
29
44
43
176
20
43
4
15
125
98
72
101
114
12
101
133
6
36
3
113
193
194
188
67
144
17
88
166
143
137
69
151
99
111
94
165
24
94
86
99
34
181
192
176
160
17
113
143
37
105
128
93
147
18
148
17
186
117
42
63
176
128
21
59
16
34
114
150
76
163
68
90
12
58
45
172
124
3
145
5
147
54
184
43
160
41
47
88
76
95
180
101
109
125
45
194
38
83
171
73
76
144
173
150
145
110
17
128
29
140
111
150
108
14
22
64
61
176
113
33
64
177
123
200
3
180
81
127
131
169
126
112
17
193
159
23
159
194
20
191
48
192
71
189
131
43
155
124
16
136
45
179
116
58
9
50
52
33
47
131
178
201
186
190
113
130
134
123
175
99
118
127
132
36
177
184
147
88
174
88
189
178
37
47
132
182
132
131
34
144
26
49
80
105
