109
148
39
167
197
169
49
24
7
204
3
173
134
27
207
98
64
118
119
177
104
5
108
59
98
62
147
200
193
30
10
13
206
25
157
155
164
71
199
141
11
97
120
28
100
141
118
109
53
180
198
204
113
10
198
184
168
185
109
166
163
102
53
33
126
121
200
123
60
188
57
113
20
181
90
128
5
3
35
41
93
137
85
115
112
16
131
50
83
18
82
205
186
77
193
13
117
152
23
126
185
55
199
204
100
90
100
192
32
194
166
49
44
103
133
145
8
88
151
130
53
202
72
197
37
11
197
37
41
158
7
181
193
17
98
142
158
127
70
118
151
205
66
151
139
65
167
46
128
172
90
120
158
33
53
200
90
138
140
100
130
129
50
146
177
69
92
138
104
107
2
159
46
124
166
207
70
103
103
127
193
3
134
131
164
167
137
86
200
165
71
204
159
112
161
105
33
6
17
151
38
58
206
41
132
108
8
104
83
72
33
84
189
155
71
96
207
206
109
170
129
113
86
89
208
20
122
104
207
51
142
76
111
44
198
199
61
149
118
118
69
62
194
68
16
116
157
166
60
60
95
7
200
168
152
154
9
53
69
105
206
167
173
4
58
98
93
44
55
27
88
40
157
13
32
154
104
125
29
142
133
59
77
145
7
169
204
162
29
118
113
83
143
206
172
70
117
199
39
193
192
41
135
189
86
67
18
136
136
100
3
104
65
68
44
68
148
110
98
150
74
110
139
51
154
172
37
20
84
45
71
9
38
68
86
21
183
108
102
190
133
66
59
192
80
67
73
140
135
182
27
201
204
203
26
187
67
1
28
120
181
119
74
152
204
24
159
199
130
132
89
22
148
121
131
33
207
184
107
178
22
192
124
53
95
192
74
156
37
63
21
4
130
52
150
51
197
71
193
207
180
133
115
187
206
207
56
193
121
190
42
162
204
15
179
135
146
30
141
19
204
36
161
61
137
36
199
23
95
154
190
56
125
19
206
70
15
50
103
179
127
27
131
142
56
28
65
122
81
117
35
176
174
104
31
6
207
30
142
124
91
183
109
87
155
38
2
191
71
22
105
200
140
202
119
159
207
175
177
47
34
168
171
135
160
65
123
168
201
151
15
88
75
9
183
163
42
104
65
175
29
46
15
114
47
191
48
75
18
198
92
185
57
165
124
71
55
83
92
134
78
25
42
8
175
34
33
1
145
16
147
70
70
102
175
187
56
12
125
150
160
85
37
186
101
151
138
137
55
15
157
95
77
198
106
141
185
22
36
208
133
39
145
105
174
77
166
84
98
205
49
126
173
126
21
206
155
143
73
169
161
19
125
55
82
32
185
125
4
42
57
163
128
118
199
135
75
21
171
142
79
7
135
86
92
97
56
63
109
135
122
125
194
94
102
106
166
43
32
130
67
137
42
143
134
183
205
1
193
124
197
80
100
31
80
45
200
101
128
23
126
183
155
136
122
39
111
66
27
197
122
115
32
180
80
57
196
12
38
106
75
190
27
153
148
112
156
68
124
98
68
37
172
123
142
86
204
91
207
58
162
204
23
68
177
37
48
14
43
1
34
127
23
205
25
187
187
154
107
70
68
147
164
36
184
164
88
207
98
193
204
116
207
93
192
204
10
17
193
161
70
128
11
207
99
154
183
152
193
68
66
128
161
74
77
124
77
30
145
100
145
106
161
24
89
119
142
64
71
129
55
206
132
34
113
173
6
175
163
119
81
104
112
134
191
135
86
26
61
184
67
46
118
87
197
130
181
66
150
206
60
102
84
207
142
123
86
136
6
152
133
92
208
87
193
111
57
14
130
82
98
107
51
96
143
113
58
54
91
171
171
126
33
85
48
66
42
177
46
139
130
161
188
5
182
82
59
97
181
29
122
170
86
23
66
207
110
173
160
97
188
170
207
176
192
207
134
14
36
119
7
138
158
89
29
154
70
204
90
96
9
21
33
129
87
193
60
178
112
52
122
115
81
160
55
187
139
182
187
171
150
45
1
192
162
191
205
72
179
205
148
182
103
82
208
10
103
1
110
48
196
114
197
115
156
150
36
57
204
89
9
79
87
76
107
112
59
15
40
175
146
55
207
183
163
168
130
79
151
38
195
40
175
56
113
44
136
118
65
180
43
20
109
164
106
198
57
105
37
41
97
182
4
80
6
206
49
76
43
165
93
155
176
5
138
40
150
181
37
116
86
64
97
110
98
170
168
75
206
171
97
50
107
168
24
93
47
121
203
207
4
69
199
195
35
68
107
150
18
68
