7
39
140
56
67
72
36
193
45
182
31
123
33
167
62
56
53
193
52
71
186
41
103
33
40
82
21
85
99
65
31
4
41
48
126
196
63
175
122
126
152
60
63
178
176
34
51
46
153
174
179
192
31
159
151
77
87
159
170
59
178
61
178
193
121
31
142
134
76
194
103
196
27
163
41
153
46
151
61
92
168
80
161
122
87
36
91
161
123
138
82
134
125
21
111
128
142
184
171
12
157
60
135
172
18
115
73
40
174
90
79
1
176
168
46
171
196
70
146
89
127
54
48
102
58
49
92
183
126
18
167
195
21
75
138
131
87
99
48
78
81
193
6
54
115
72
55
168
79
83
196
15
13
37
33
154
151
141
6
188
177
57
97
96
82
11
172
124
76
86
145
39
153
177
185
122
143
145
164
184
182
68
57
146
129
10
178
99
56
125
96
73
155
45
169
128
35
196
159
159
152
194
177
124
30
43
145
38
150
27
38
51
119
138
39
186
14
20
186
188
130
93
193
185
25
53
137
93
89
12
77
36
8
125
48
56
51
188
95
130
162
89
1
138
115
189
182
75
165
99
91
119
43
174
47
59
80
92
28
22
148
130
47
86
107
168
114
168
88
147
179
2
197
6
65
138
104
68
151
152
39
171
196
169
141
132
21
170
117
62
57
173
131
119
190
86
128
65
19
6
134
66
195
189
35
5
157
69
186
76
70
119
154
159
90
17
131
80
38
90
49
20
77
69
100
197
2
128
52
176
6
3
164
124
167
184
99
106
87
172
147
37
108
175
179
5
193
183
154
70
37
191
124
70
84
136
166
115
106
103
136
172
195
105
174
149
105
146
60
143
20
184
168
125
142
166
74
103
150
96
89
184
52
123
159
8
52
8
106
105
119
179
178
46
150
55
48
31
108
181
107
76
70
14
139
51
162
115
138
136
17
24
62
32
104
30
175
189
163
34
148
97
152
68
35
27
137
61
125
11
50
30
102
88
138
98
188
190
7
89
47
28
10
41
114
25
53
12
196
129
123
62
84
29
57
31
146
164
38
168
183
88
126
162
45
168
7
118
178
155
95
80
85
113
147
53
106
128
161
85
36
146
184
26
136
25
23
154
183
61
36
129
98
178
145
115
195
114
185
30
81
169
15
16
87
182
53
42
192
161
96
168
80
95
154
60
132
115
8
182
16
29
38
42
38
141
174
39
32
159
178
27
68
196
112
191
139
178
123
153
21
1
101
180
36
84
125
173
129
184
90
79
191
49
50
30
113
73
190
67
68
78
44
157
28
24
161
33
196
79
90
75
175
174
177
181
52
120
17
89
43
191
137
169
59
56
42
179
28
5
88
69
68
88
126
141
64
133
48
31
163
19
41
56
192
91
66
43
110
168
173
173
102
68
161
23
138
159
61
120
51
146
176
122
130
101
107
90
195
119
182
165
59
90
190
157
30
127
170
143
174
85
126
55
136
105
178
121
38
37
64
103
102
127
61
91
166
63
131
144
128
191
52
136
130
76
51
36
127
32
171
145
75
57
38
172
180
110
119
118
101
145
196
72
81
4
80
52
103
72
155
109
54
152
82
134
175
157
38
30
194
153
106
158
136
146
89
85
65
71
169
82
73
52
101
192
167
151
1
181
62
156
29
19
159
86
194
24
120
67
42
156
182
184
10
137
66
176
126
61
7
102
87
189
189
141
28
43
116
20
122
159
34
140
134
86
61
118
194
161
160
173
58
72
182
9
44
95
85
75
114
5
83
70
57
121
68
155
26
61
55
2
83
91
120
133
63
155
196
108
15
94
13
13
28
166
2
79
62
18
180
142
129
24
178
129
169
114
40
196
59
103
164
69
135
79
100
22
170
63
155
38
73
33
10
14
128
154
76
2
13
122
62
5
162
45
182
156
194
17
16
32
6
64
128
133
71
120
29
62
138
43
126
170
137
148
152
86
19
23
51
91
159
160
189
69
44
57
160
33
193
116
124
138
69
139
154
48
123
122
155
26
143
79
191
81
59
139
7
157
71
71
98
12
80
170
167
111
155
16
84
35
120
17
43
177
34
40
134
118
47
70
89
50
167
52
40
171
61
144
19
94
195
41
55
68
22
65
153
177
123
164
14
172
56
90
76
58
158
76
150
39
70
91
136
139
94
71
187
100
97
144
156
76
63
125
106
4
192
9
102
93
170
121
167
169
115
58
109
10
52
187
185
42
159
136
101
192
138
162
98
54
149
50
50
37
149
122
149
9
38
184
21
148
23
170
37
196
173
165
