1000 1000
281 647
4 997
95 679
235 995
149 704
7 983
35 837
22 925
493 677
232 447
7 964
373 751
15 954
318 558
219 819
196 739
45 919
242 373
643 671
160 357
597 614
92 972
195 997
515 998
512 960
339 727
455 742
113 595
716 803
202 833
419 749
703 896
644 909
860 912
423 490
55 949
249 505
228 523
187 254
19 934
22 777
9 999
56 678
10 994
199 651
568 731
271 847
135 921
42 821
186 380
87 714
192 782
532 886
63 640
641 815
33 638
52 249
57 988
625 920
618 907
132 885
141 481
342 977
144 997
372 655
701 951
244 830
852 925
297 408
344 727
6 992
712 924
520 863
63 335
272 797
366 987
570 604
50 884
7 724
165 775
99 578
162 789
425 552
703 782
13 643
100 955
673 777
757 923
1 999
235 350
254 891
2 518
138 907
7 894
6 964
46 206
446 987
19 953
357 637
44 723
474 803
58 548
129 760
349 431
412 762
396 859
58 716
157 993
27 759
124 507
28 509
538 883
92 985
348 903
162 404
346 754
61 497
326 785
37 627
21 357
120 669
425 787
371 745
76 841
68 799
31 896
349 805
325 906
519 599
832 999
454 790
34 440
791 969
607 858
7 583
130 685
528 821
65 785
312 932
177 827
221 742
614 745
255 631
466 669
265 999
26 132
495 944
55 952
322 893
660 881
140 494
423 948
6 1000
1 999
586 913
45 661
38 987
190 520
143 889
277 468
82 958
41 865
8 967
15 976
213 248
273 902
211 375
467 724
492 695
19 287
63 318
248 798
88 561
689 954
257 433
199 960
28 630
29 788
130 702
307 727
749 847
118 917
489 900
18 918
693 834
47 992
1 999
37 929
155 244
58 961
24 798
100 908
65 589
644 649
104 185
70 77
775 835
856 993
527 608
33 991
193 895
32 830
680 895
149 596
318 602
213 626
31 761
178 334
571 692
98 929
245 995
104 903
611 950
387 551
2 762
457 684
40 990
15 781
290 832
847 957
571 984
193 674
243 388
133 289
235 985
683 929
161 941
336 608
448 530
480 780
324 818
140 957
519 705
213 260
202 582
568 726
130 745
483 706
109 164
56 991
817 938
494 986
55 990
399 877
245 599
26 948
158 939
145 890
16 472
341 789
198 976
209 673
80 925
245 471
52 734
593 716
325 881
102 933
110 958
1 506
360 677
68 785
76 990
98 992
337 828
333 834
715 966
418 651
59 822
391 913
54 990
893 944
337 924
30 690
75 975
459 554
53 896
49 990
182 997
124 977
502 659
25 951
263 907
136 919
156 692
29 993
225 989
2 437
95 987
50 916
34 990
874 1000
327 422
24 921
132 442
15 978
72 839
17 435
427 489
269 607
308 607
673 990
230 971
302 975
294 310
278 916
543 640
757 933
1 982
118 975
83 637
368 817
307 771
535 943
98 988
547 943
32 865
574 751
36 142
356 880
454 872
130 485
330 909
139 991
705 944
85 972
632 984
429 998
61 979
206 430
50 907
82 990
79 851
206 689
139 799
39 952
143 858
358 841
350 606
4 758
178 577
408 748
273 945
297 921
213 760
253 389
60 980
420 807
618 695
239 980
481 696
251 974
318 537
4 1000
478 662
516 687
18 126
195 774
90 941
84 938
137 969
589 848
116 689
27 996
767 927
84 973
221 253
641 828
4 444
97 245
144 918
220 644
450 918
489 739
426 811
181 991
646 841
20 656
559 785
43 988
81 780
38 916
247 759
67 876
337 459
31 861
136 558
107 600
27 766
361 481
78 302
46 947
149 499
436 659
693 800
109 156
65 988
253 853
145 907
380 905
414 738
405 889
128 694
347 997
113 730
148 907
10 940
239 463
6 572
51 925
302 965
878 964
179 697
12 570
13 907
135 880
149 679
38 457
764 951
351 971
14 994
94 266
79 835
59 975
119 558
454 713
24 770
58 954
2 862
105 903
70 917
521 648
8 974
291 465
450 500
32 699
241 973
132 246
269 619
126 952
409 859
389 795
221 512
12 674
68 740
325 516
42 156
270 984
564 907
297 959
35 952
606 802
486 924
71 866
6 901
309 328
919 965
30 363
136 946
248 530
449 519
308 953
76 805
40 488
148 793
156 679
58 188
1 808
851 991
167 911
216 840
644 868
122 565
10 956
618 623
2 933
241 901
183 405
585 882
160 620
138 713
358 878
74 492
20 860
791 1000
4 994
511 611
294 905
91 902
323 505
76 967
155 738
338 391
260 672
48 936
11 997
183 959
167 927
167 933
121 331
503 924
298 454
165 740
13 893
763 942
279 595
88 679
129 720
432 960
144 957
177 907
42 968
13 614
161 651
528 896
37 999
171 470
402 917
328 785
10 865
287 786
448 900
145 362
506 775
147 192
259 616
162 535
506 586
422 855
192 426
649 996
519 957
209 344
123 324
197 619
839 908
343 409
413 835
458 859
35 376
21 953
10 991
506 736
60 996
14 763
263 986
118 920
40 456
53 122
217 705
165 452
546 955
260 600
223 646
32 872
12 1000
8 998
804 975
107 261
366 788
570 702
437 689
258 803
73 713
388 495
278 736
433 953
636 868
212 431
215 753
344 836
306 991
240 816
288 510
482 630
6 988
267 701
487 787
426 652
118 837
491 565
24 992
222 768
525 991
44 955
248 906
137 137
390 973
162 826
283 845
186 314
174 432
53 750
210 221
177 564
23 567
312 655
973 1000
809 810
244 969
480 763
366 857
55 381
175 933
23 827
240 461
242 443
19 951
583 846
92 363
384 961
268 771
322 626
232 864
121 997
91 762
546 905
54 647
351 467
371 981
23 255
228 605
143 347
69 567
93 616
536 769
12 994
23 591
83 803
243 675
17 973
2 997
768 826
122 894
41 185
26 928
190 917
200 730
111 980
729 776
339 693
410 873
468 492
401 507
371 555
443 989
228 248
485 795
191 870
260 829
253 522
412 855
50 141
336 646
80 875
284 321
731 870
322 910
26 358
22 523
36 824
69 590
225 770
237 323
215 948
306 869
40 956
51 829
86 894
107 702
158 983
391 923
3 997
187 276
284 858
398 818
222 980
57 929
71 828
257 769
38 964
539 622
194 882
241 531
425 560
424 791
221 979
88 943
687 921
87 358
11 981
113 273
97 912
2 1000
84 243
93 589
656 687
514 530
555 584
77 666
75 937
74 898
647 714
4 970
562 720
359 624
46 961
200 821
839 961
158 801
73 992
22 776
286 863
263 441
387 628
500 990
576 839
319 982
330 902
18 940
261 1000
151 902
94 124
63 729
611 885
300 921
567 955
85 341
220 950
106 209
50 467
704 992
217 756
93 951
817 942
271 320
198 996
292 808
612 875
5 992
218 993
58 334
82 509
726 816
126 193
271 928
469 940
36 722
157 396
218 932
390 998
101 703
76 642
824 995
635 672
83 186
802 932
5 998
456 583
468 1000
82 585
110 932
129 967
227 991
227 759
424 535
151 913
994 999
518 795
681 839
570 799
47 915
483 671
177 633
41 989
105 788
307 981
606 796
114 855
24 979
77 650
288 451
699 794
57 616
110 780
45 63
66 766
454 597
36 110
44 589
345 806
266 855
311 894
508 823
452 829
76 693
156 859
365 817
81 945
9 919
173 999
254 655
124 996
180 428
18 379
75 463
411 487
314 645
158 958
45 885
643 891
429 446
392 751
374 418
97 999
8 51
44 983
651 918
215 883
388 769
356 905
256 831
268 615
123 655
562 945
255 826
1 998
154 984
370 829
16 986
53 760
744 948
86 983
138 967
321 709
94 450
648 868
303 974
275 558
450 889
389 933
303 848
140 944
174 527
1 485
415 628
105 905
44 915
17 844
1 588
379 465
440 750
381 970
30 919
479 745
79 883
111 858
177 336
555 800
294 948
27 733
7 998
437 910
98 981
153 846
794 828
431 739
443 806
66 951
1 1000
515 526
40 760
276 665
364 805
382 969
59 989
98 541
189 728
535 636
307 928
357 931
236 987
57 903
87 357
146 759
91 898
117 701
73 989
46 674
61 897
173 790
244 869
305 435
627 978
247 605
12 601
133 766
400 605
114 874
595 722
123 747
494 917
11 876
59 974
743 941
441 583
109 949
59 678
697 902
126 878
224 949
182 411
134 320
39 994
214 760
71 1000
367 650
186 564
221 593
746 983
270 344
116 898
555 957
19 924
203 264
341 717
6 104
196 805
397 863
278 890
401 488
78 981
14 857
110 679
21 745
157 439
818 877
146 952
182 711
18 917
280 648
152 508
51 356
4 989
486 779
399 922
210 764
317 541
257 405
86 895
5 439
121 944
11 997
12 869
44 954
542 653
60 987
175 212
243 678
67 968
175 799
273 857
369 867
100 771
672 684
428 984
74 679
173 890
153 368
212 837
334 882
125 687
546 913
239 1000
568 861
67 885
45 861
331 505
425 941
100 883
297 513
68 144
66 820
195 956
763 788
87 573
573 956
107 657
412 589
160 772
372 802
337 907
93 862
79 900
557 885
102 598
414 448
250 778
62 956
6 871
44647903 44647903 658470287 274940841 274940841 274940841 274940841 274940841 274940841 274940841 841117260 841117260 841117260 841117260 841117260 841117260 841117260 841117260 841117260 841117260 85201843 85201843 85201843 85201843 85201843 85201843 85201843 85201843 721094398 721094398 721094398 884342470 884342470 884342470 907485772 907485772 270140651 19552878 19552878 19552878 19552878 635598368 635598368 635598368 635598368 635598368 635598368 635598368 635598368 52262839 52262839 52262839 761439047 897432518 897432518 897432518 897432518 897432518 897432518 897432518 143628058 353777920 353777920 353777920 353777920 353777920 353777920 353777920 353777920 353777920 517496187 517496187 210164495 981880953 480265801 480265801 480265801 192214759 802064031 802064031 802064031 750313383 566136544 566136544 566136544 566136544 566136544 566136544 566136544 566136544 566136544 805548849 805548849 805548849 805548849 28505981 28505981 28505981 595250061 595250061 595250061 367327030 367327030 367327030 367327030 367327030 367327030 781026190 781026190 781026190 781026190 781026190 781026190 781026190 781026190 788649346 788649346 788649346 788649346 788649346 735117264 735117264 735117264 735117264 735117264 311157538 311157538 437485060 437485060 437485060 903605919 903605919 903605919 981002374 981002374 981002374 981002374 981002374 981002374 981002374 3198032 3198032 3198032 3198032 568741567 568741567 568741567 568741567 568741567 568741567 568741567 568741567 568741567 568741567 568741567 568741567 977440633 977440633 977440633 977440633 977440633 779563610 779563610 779563610 779563610 779563610 779563610 779563610 779563610 779563610 779563610 779563610 779563610 872204464 872204464 872204464 704062828 704062828 704062828 704062828 755111495 71754721 41263498 41263498 41263498 41263498 41263498 41263498 41263498 152288776 152288776 152288776 152288776 152288776 152288776 152288776 794803564 885724247 985031660 985031660 117373808 111574105 200902241 200902241 200902241 200902241 200902241 200902241 200902241 200902241 588130554 520347869 520347869 520347869 520347869 520347869 520347869 520347869 520347869 520347869 520347869 19983335 19983335 19983335 19983335 19983335 19983335 882070174 882070174 882070174 237513012 237513012 237513012 664390697 664390697 664390697 664390697 664390697 664390697 664390697 579645794 579645794 228099966 228099966 228099966 228099966 228099966 228099966 228099966 228099966 228099966 228099966 228099966 228099966 228099966 80289415 80289415 80289415 80289415 80289415 943974998 204196819 204196819 204196819 792320904 792320904 792320904 792320904 792320904 792320904 792320904 792320904 792320904 792320904 792320904 792320904 792320904 792320904 792320904 792320904 417292805 417292805 417292805 417292805 417292805 417292805 417292805 417292805 417292805 417292805 417292805 862292236 27964489 633840577 633840577 633840577 633840577 633840577 633840577 193080020 193080020 697576118 697576118 697576118 697576118 697576118 697576118 697576118 784122098 784122098 784122098 784122098 784122098 130755118 130755118 130755118 130755118 130755118 130755118 130755118 817078373 817078373 2896907 341745908 341745908 341745908 341745908 341745908 341745908 341745908 786842037 166437979 166437979 166437979 166437979 166437979 166437979 166437979 166437979 529408415 529408415 988376350 91741794 854934817 854934817 325795897 325795897 800222759 800222759 800222759 800222759 534959042 534959042 534959042 534959042 534959042 534959042 534959042 534959042 534959042 534959042 534959042 534959042 534959042 421248425 421248425 421248425 421248425 164814630 164814630 164814630 164814630 164814630 613802042 613802042 613802042 395497048 395497048 395497048 395497048 792841296 813192818 813192818 813192818 813192818 813192818 813192818 813192818 813192818 813192818 513768454 602279547 602279547 602279547 602279547 602279547 602279547 602279547 602279547 602279547 602279547 602279547 602279547 602279547 602279547 602279547 602279547 602279547 602279547 602279547 994423806 994423806 819042745 819042745 313949881 141614791 141614791 392991515 392991515 4633893 4633893 973096962 973096962 973096962 973096962 973096962 973096962 973096962 973096962 973096962 618009176 618009176 820901325 75770257 75770257 657345426 657345426 657345426 657345426 657345426 657345426 657345426 657345426 657345426 657345426 657345426 657345426 734200370 734200370 734200370 734200370 362113803 234424837 234424837 234424837 877048144 877048144 877048144 877048144 877048144 536671561 536671561 70091878 70091878 70091878 70091878 70091878 70091878 70091878 70091878 70091878 266733020 266733020 598296265 598296265 598296265 598296265 598296265 598296265 598296265 598296265 598296265 598296265 598296265 598296265 598296265 865024113 204485228 204485228 77231955 861452955 230035879 230035879 230035879 230035879 230035879 230035879 230035879 230035879 230035879 929840896 929840896 929840896 929840896 929840896 929840896 929840896 929840896 929840896 929840896 75458555 973479588 973479588 973479588 973479588 973479588 963192196 963192196 963192196 963192196 378837515 378837515 378837515 378837515 378837515 378837515 378837515 378837515 378837515 378837515 378837515 378837515 378837515 177748039 178823120 178823120 178823120 178823120 674665880 674665880 170955352 221373681 221373681 11241759 11241759 11241759 11241759 11241759 11241759 11241759 11241759 11241759 11241759 11241759 11241759 11241759 11241759 11241759 11241759 11241759 557343880 557343880 557343880 557343880 557343880 557343880 557343880 557343880 557343880 557343880 557343880 557343880 557343880 557343880 557343880 557343880 557343880 103751378 103751378 103751378 103751378 103751378 103751378 103751378 103751378 103751378 103751378 103751378 103751378 103751378 185018125 185018125 185018125 185018125 185018125 185018125 185018125 185018125 329400009 329400009 329400009 329400009 329400009 329400009 329400009 329400009 329400009 329400009 329400009 329400009 804581725 804581725 804581725 804581725 804581725 804581725 804581725 804581725 804581725 804581725 804581725 416344076 416344076 416344076 416344076 416344076 952563330 952563330 156992016 156992016 156992016 156992016 156992016 568390611 568390611 568390611 568390611 569034603 569034603 569034603 161000648 161000648 161000648 161000648 161000648 161000648 608069583 608069583 608069583 608069583 355170613 355170613 453740131 896634325 896634325 896634325 896634325 896634325 896634325 896634325 625527579 625527579 625527579 625527579 625527579 625527579 625527579 625527579 625527579 625527579 625527579 625527579 625527579 625527579 625527579 625527579 625527579 625527579 625527579 660111989 660111989 326591171 326591171 326591171 326591171 326591171 326591171 326591171 865232085 865232085 865232085 412328921 412328921 412328921 412328921 412328921 412328921 412328921 412328921 412328921 329707784 329707784 689566533 689566533 60439931 60439931 60439931 60439931 60439931 60439931 229797575 229797575 229797575 229797575 229797575 606697459 606697459 606697459 606697459 606697459 606697459 968008677 968008677 968008677 968008677 968008677 960214195 960214195 960214195 960214195 960214195 283794334 283794334 283794334 283794334 283794334 283794334 283794334 283794334 283794334 283794334 283794334 18932442 18932442 18932442 798873752 798873752 798873752 414937843 414937843 414937843 414937843 414937843 125934859 125934859 125934859 720385620 720385620 720385620 720385620 720385620 845867253 845867253 845867253 845867253 845867253 845867253 845867253 845867253 845867253 845867253 845867253 845867253 782305276 782305276 782305276 782305276 782305276 782305276 782305276 641667365 641667365 641667365 641667365 641667365 641667365 810369455 810369455 810369455 810369455 810369455 810369455 810369455 810369455 810369455 810369455 810369455 810369455 810369455 810369455 810369455 810369455 810369455 810369455 810369455 810369455 810369455 810369455 810369455 810369455 234130646 352231524 352231524 352231524 352231524 352231524 28314142 28314142 28314142 996369664 996369664 996369664 996369664 824815109 824815109 495382688 495382688 495382688 495382688 495382688 245418577 817347378 817347378 817347378 817347378 817347378 817347378 817347378 817347378 958745452 958745452 958745452 241776471 241776471 890108433 890108433 890108433 890108433 890108433 890108433 890108433 890108433 890108433 890108433 890108433 890108433 890108433 890108433 890108433 890108433 781110052 781110052 781110052 781110052 781110052 781110052 781110052 781110052 781110052 781110052 795263418 795263418 795263418 795263418 795263418 795263418 795263418 795263418 795263418 795263418 795263418 795263418 100447446 100447446 100447446 100447446 100447446 100447446 100447446 100447446 100447446 100447446 155149468 594732184 594732184 594732184 594732184 342995013 342995013 342995013 342995013 220859590 668563721 668563721 52468547 52468547 52468547 52468547 52468547 52468547 52468547 876770616 876770616 876770616 58989721 58989721 58989721 58989721 58989721 58989721 606469241 606469241 606469241 606469241 606469241 606469241 606469241 606469241 606469241 606469241 797392288 797392288 797392288 63552097 188396121 188396121 279530446 71848073 71848073 71848073 103037818 833286326 413751250 413751250 413751250 834199183 834199183 834199183 834199183 834199183 898226608 898226608 941823051 941823051 941823051 941823051 941823051 941823051 941823051 941823051 941823051 941823051 671001244 671001244 759522856 759522856 759522856 759522856 759522856 759522856 393059514 393059514 393059514 302364853 302364853 302364853 302364853 302364853 302364853 302364853 302364853 182781209 182781209 182781209 182781209 182781209 182781209 182781209 182781209 182781209 462150005 324929903 324929903 426824535 426824535 426824535 33352404 33352404 33352404 33352404