1000 1000
656 735
32 813
97 751
65 691
58 985
260 990
121 942
102 345
6 951
106 901
44 765
13 961
110 159
806 870
828 986
9 891
411 906
255 739
238 438
33 712
86 962
4 822
38 155
37 775
4 999
571 572
591 814
467 982
439 771
159 362
466 530
781 795
21 834
6 999
82 777
103 716
5 999
103 633
315 365
9 945
139 950
694 706
142 960
230 861
172 410
464 477
782 839
91 576
192 768
99 552
514 570
584 705
92 792
108 570
69 963
126 805
337 977
364 698
457 997
331 590
2 866
193 751
167 607
117 886
199 840
402 601
335 922
89 983
616 781
508 961
191 835
6 996
623 985
28 962
55 571
109 631
364 933
514 980
202 698
771 946
547 1000
27 952
729 810
90 552
3 1000
345 663
271 802
170 598
10 918
59 676
102 964
98 890
557 579
53 859
62 98
448 621
459 533
2 995
37 594
39 94
610 894
325 560
22 855
570 607
107 893
477 733
898 942
719 961
452 788
171 848
95 419
13 977
111 174
108 443
477 926
236 642
44 944
151 778
40 741
102 721
407 700
269 302
131 887
25 966
34 968
479 838
59 526
639 860
102 778
485 942
213 693
45 874
317 850
10 922
490 757
486 922
65 462
91 818
335 924
228 938
167 733
158 394
314 884
124 707
86 938
152 916
49 964
153 219
210 823
241 597
308 806
133 941
160 963
323 675
12 790
175 847
113 877
45 749
243 772
334 722
219 261
596 930
4 481
223 623
752 988
186 709
909 967
5 976
88 898
570 641
382 853
119 878
129 911
735 974
33 624
25 892
32 959
224 686
111 764
97 936
3 720
247 782
562 806
399 764
141 585
31 998
291 749
104 848
444 979
38 680
475 962
112 612
320 527
31 981
28 981
705 826
484 589
185 883
177 593
587 666
109 747
226 556
334 838
358 525
36 979
393 550
430 533
336 619
12 498
907 938
248 885
27 993
868 948
100 593
29 406
183 700
85 241
515 892
633 970
20 306
165 669
159 975
45 403
305 469
23 863
308 551
280 800
85 644
26 946
40 779
300 821
18 986
567 951
86 386
636 659
10 817
79 107
250 523
63 828
133 326
473 670
220 632
105 467
480 815
308 618
18 904
301 538
540 944
313 447
150 819
217 879
85 620
23 920
118 756
292 817
446 698
585 796
119 969
330 965
338 607
72 570
113 325
13 824
577 582
502 502
7 955
71 917
37 997
292 786
210 327
395 954
158 743
266 481
32 897
146 859
11 939
62 914
433 958
319 992
9 893
1 979
117 252
26 767
522 949
769 777
11 599
555 987
463 959
164 842
179 409
55 501
532 988
329 333
33 360
88 934
12 147
865 865
421 821
141 806
4 469
358 462
25 330
342 849
304 482
118 834
654 703
9 791
9 953
105 324
222 343
3 813
35 956
21 300
408 970
539 756
650 741
8 691
164 355
32 968
519 852
631 703
162 824
468 803
762 887
44 608
103 995
370 956
367 405
174 953
825 825
194 940
147 168
79 939
11 985
71 618
4 779
75 435
149 291
168 989
280 695
119 775
311 505
82 723
64 512
206 323
651 681
46 72
245 490
12 949
368 636
689 1000
749 906
214 312
1 481
520 917
11 989
52 992
633 880
760 888
167 957
57 932
201 977
150 824
216 963
150 587
279 777
216 501
539 749
67 970
6 705
209 827
291 804
40 976
16 750
13 983
89 961
172 443
58 985
149 882
184 505
52 915
460 930
195 908
83 736
156 914
6 893
219 942
216 803
255 353
56 56
383 803
629 923
25 218
191 224
267 779
389 959
432 742
248 785
159 976
77 738
26 820
186 566
65 926
393 618
129 756
27 231
375 996
354 850
76 846
37 276
53 898
108 759
820 921
528 804
657 964
281 791
77 977
632 847
138 930
295 546
54 835
317 729
101 771
205 752
109 449
127 568
25 953
567 844
36 989
71 105
94 787
701 901
142 800
174 807
243 786
292 617
227 605
305 924
270 596
104 493
38 541
48 976
116 532
17 981
139 655
67 123
107 549
466 620
609 690
426 640
220 703
260 761
38 807
522 988
312 646
123 909
37 746
3 981
53 911
647 765
511 533
97 722
710 719
19 549
252 715
29 548
811 951
115 974
558 987
618 821
149 767
194 760
355 783
54 582
96 990
50 57
276 845
37 311
365 857
154 263
26 974
17 996
895 911
396 654
27 1000
253 629
37 977
171 406
8 786
480 912
194 456
292 952
29 841
192 290
336 536
440 867
53 152
586 993
347 717
359 779
243 370
6 587
88 450
518 542
661 917
24 606
68 370
35 869
33 400
8 931
92 820
227 960
120 945
187 504
90 208
35 1000
266 966
270 451
27 629
32 906
37 337
5 1000
11 967
109 872
13 111
314 726
128 622
164 727
37 988
4 937
551 559
342 380
196 993
458 475
296 459
34 982
601 975
90 980
319 507
518 838
369 382
707 830
608 613
78 608
19 979
11 971
141 691
368 722
382 672
340 892
13 991
611 887
296 986
38 948
829 866
269 422
175 840
326 966
113 180
759 939
47 937
97 822
34 923
97 953
248 869
655 740
97 821
230 695
497 728
103 915
474 898
6 704
556 881
393 918
443 897
1 991
149 543
42 744
33 251
151 423
159 260
355 432
1 973
70 425
79 957
153 225
134 664
39 521
373 900
229 993
782 819
237 506
369 515
13 946
166 668
35 900
105 728
194 869
695 961
92 783
229 463
197 881
112 910
51 716
541 955
325 891
395 900
9 853
379 576
188 357
215 917
484 801
34 999
361 741
222 568
863 941
5 101
73 961
319 614
697 896
300 854
606 968
80 993
323 787
72 692
562 928
169 925
263 633
300 969
653 956
262 803
92 507
4 721
6 615
34 129
33 984
174 943
7 966
16 681
321 778
491 896
27 449
526 656
383 848
161 225
82 824
705 833
31 971
301 978
98 430
49 701
164 808
169 833
197 440
251 850
57 971
3 987
2 988
444 886
452 899
120 954
29 992
353 815
43 302
641 647
18 967
940 953
2 999
100 588
748 915
23 30
176 514
280 923
403 969
6 711
396 927
190 443
471 769
244 996
243 722
66 607
504 989
670 864
164 695
521 762
766 985
365 657
112 887
292 761
200 435
511 742
40 990
29 93
218 533
125 862
54 944
64 536
319 844
98 217
154 901
31 968
722 875
293 843
29 964
175 325
180 211
33 822
946 976
65 815
366 988
397 948
212 991
612 694
26 930
538 667
141 930
230 638
34 928
388 885
209 872
211 927
180 306
487 888
725 733
69 1000
39 823
268 891
130 727
336 736
526 953
503 656
236 897
104 112
562 634
109 578
31 237
634 918
360 964
63 355
195 838
459 810
267 814
432 590
182 681
728 734
62 896
177 841
313 609
13 937
28 878
37 353
402 733
271 788
564 981
230 882
477 734
307 667
97 986
432 488
437 654
419 868
714 820
152 964
229 679
110 375
17 666
727 769
232 650
58 616
505 772
688 937
345 707
89 741
43 195
193 965
429 827
531 910
173 196
450 783
201 685
398 950
62 186
66 852
1 734
248 479
72 895
13 992
25 889
221 361
445 587
54 945
61 956
94 553
99 773
68 959
257 551
283 975
68 956
11 980
29 1000
84 962
393 646
89 994
65 480
116 582
266 987
111 523
538 948
102 824
49 959
75 832
74 872
354 754
52 264
812 859
156 954
147 941
370 675
60 579
94 957
28 598
112 838
579 851
324 870
342 764
365 771
81 507
545 720
15 712
750 815
7 939
491 935
224 976
211 700
369 881
349 520
242 274
538 551
177 860
35 420
1 1000
127 612
28 777
665 941
644 778
494 844
88 279
38 930
3 987
638 991
56 545
349 787
188 919
66 920
5 979
163 998
297 519
156 600
178 905
31 981
163 856
155 898
13 327
305 765
355 437
58 745
14 643
17 848
316 373
332 697
262 755
457 994
72 994
13 448
325 530
26 417
565 923
203 827
242 962
270 654
239 671
179 968
312 569
33 790
67 994
103 284
186 281
459 895
473 589
267 923
521 881
48 81
228 453
207 579
8 986
53 685
8 906
120 881
257 401
281 688
44 955
588 701
57 994
97 693
402 576
218 942
33 240
684 751
144 591
180 975
441 676
294 994
293 937
22 881
259 724
69 899
792 842
319 424
43 797
84 991
154 205
58 725
151 647
99 344
209 631
359 391
116 834
314 540
122 541
611 669
114 1000
224 864
787 969
115 984
447 825
62 527
229 941
429 883
67 690
168 340
524 994
164 306
479 500
134 502
1 996
12 554
79 982
53 607
332 595
66 834
9 579
105 883
331 484
411 813
227 812
479 882
3 999
581 755
179 935
166 398
511 910
116 887
139 713
21 992
20 944
676 749
29 492
36 677
53 694
436 913
88 871
132 908
209 860
300 858
8 980
104 454
391 902
216 652
171 371
53 920
461 958
108 399
31 831
42 743
95 788
214 403
272 363
8 989
241 911
200 410
276 838
698 800
134 714
257 851
181 586
773 866
97 973
425 797
23 474
54 985
882215280 882215280 882215280 882215280 882215280 882215280 882215280 882215280 882215280 882215280 82791595 532750082 532750082 532750082 532750082 532750082 532750082 532750082 532750082 532750082 658034659 658034659 658034659 658034659 985646987 985646987 985646987 985646987 985646987 985646987 985646987 830510335 830510335 830510335 789862948 789862948 789862948 789862948 789862948 789862948 789862948 789862948 789862948 789862948 789862948 989544959 989544959 868190577 868190577 868190577 868190577 868190577 766769354 766769354 766769354 766769354 766769354 766769354 766769354 634883388 350441504 350441504 350441504 350441504 350441504 350441504 350441504 350441504 215870828 215870828 215870828 215870828 121606154 121606154 121606154 121606154 121606154 121606154 121606154 121606154 879201512 879201512 879201512 879201512 879201512 879201512 828659209 828659209 828659209 828659209 996925240 996925240 996925240 354172739 354172739 354172739 354172739 354172739 354172739 354172739 886513147 463020274 463020274 463020274 463020274 463020274 463020274 463020274 463020274 463020274 463020274 787382493 787382493 787382493 183667762 183667762 183667762 183667762 206579650 206579650 206579650 206579650 206579650 206579650 591202631 591202631 591202631 591202631 591202631 591202631 883393113 883393113 975413220 975413220 975413220 975413220 975413220 202838987 202838987 202838987 928790466 769963117 769963117 769963117 152320569 152320569 152320569 152320569 152320569 152320569 814785329 260610331 260610331 721057837 721057837 534628134 534628134 534628134 534628134 534628134 534628134 534628134 534628134 564976015 564976015 564976015 564976015 564976015 564976015 860278881 593289221 593289221 593289221 593289221 593289221 593289221 593289221 593289221 593289221 429752777 429752777 429752777 429752777 823994754 823994754 823994754 823994754 823994754 823994754 823994754 235526274 235526274 21461236 21461236 906740840 906740840 906740840 906740840 906740840 906740840 674002243 674002243 674002243 674002243 674002243 674002243 200135228 200135228 200135228 200135228 226905259 226905259 226905259 226905259 226905259 226905259 226905259 226905259 492041293 567517589 699671866 699671866 699671866 699671866 699671866 137340384 137340384 204143147 204143147 204143147 700812244 700812244 909879519 909879519 756765387 756765387 756765387 756765387 756765387 756765387 756765387 908983899 908983899 908983899 540177165 540177165 540177165 540177165 540177165 540177165 689347444 689347444 689347444 689347444 838750545 730555701 730555701 730555701 730555701 730555701 730555701 730555701 730555701 943177072 73274838 73274838 250091989 63141386 63141386 63141386 63141386 439967746 439967746 439967746 439967746 439967746 439967746 439967746 439967746 439967746 439967746 439967746 439967746 439967746 439967746 439967746 439967746 439967746 439967746 439967746 969699001 969699001 237444621 599502646 599502646 599502646 599502646 599502646 599502646 599502646 599502646 599502646 599502646 599502646 599502646 599502646 301751066 301751066 301751066 301751066 70849553 840742793 840742793 840742793 840742793 936693249 936693249 936693249 936693249 936693249 936693249 936693249 936693249 936693249 936693249 936693249 936693249 936693249 936693249 936693249 936693249 936693249 119517898 119517898 119517898 119517898 119517898 119517898 119517898 119517898 119517898 119517898 119517898 119517898 769352410 769352410 769352410 223529802 800648296 800648296 800648296 377425644 377425644 377425644 377425644 377425644 377425644 377425644 377425644 377425644 377425644 46833717 46833717 46833717 46833717 46833717 46833717 46833717 46833717 46833717 46833717 377937046 637726632 637726632 637726632 637726632 637726632 637726632 637726632 637726632 262376443 262376443 14689026 14689026 14689026 14689026 14689026 14689026 14689026 14689026 14689026 14689026 14689026 14689026 14689026 14689026 14689026 284940207 284940207 284940207 512683305 512683305 512683305 512683305 512683305 512683305 512683305 512683305 512683305 512683305 512683305 512683305 512683305 512683305 512683305 512683305 512683305 512683305 512683305 512683305 512683305 512683305 512683305 512683305 512683305 512683305 512683305 512683305 512683305 512683305 970223583 581979653 581979653 581979653 581979653 581979653 581979653 581979653 581979653 581979653 115200121 115200121 115200121 115200121 115200121 115200121 115200121 115200121 115200121 115200121 448960325 448960325 448960325 448960325 448960325 539871446 897037688 897037688 897037688 897037688 897037688 897037688 680748632 93037329 93037329 93037329 93037329 93037329 93037329 93037329 676731974 899435241 61280988 61280988 61280988 61280988 425493932 959339419 959339419 959339419 959339419 959339419 959339419 959339419 959339419 959339419 585211744 585211744 585211744 585211744 324661164 324661164 324661164 324661164 324661164 324661164 324661164 324661164 324661164 324661164 324661164 324661164 324661164 931257406 182260376 182260376 971737500 971737500 971737500 971737500 971737500 758553546 758553546 603798631 346733867 346733867 346733867 346733867 346733867 708363658 884493352 7056564 7056564 7056564 7056564 7056564 7056564 7056564 7056564 7056564 577019791 577019791 577019791 577019791 577019791 577019791 577019791 577019791 577019791 577019791 249780879 879752862 879752862 879752862 879752862 528173111 528173111 528173111 528173111 528173111 528173111 528173111 528173111 528173111 528173111 659279994 659279994 659279994 659279994 659279994 529457413 529457413 529457413 529457413 529457413 529457413 529457413 529457413 529457413 529457413 529457413 229364548 229364548 229364548 471667842 471667842 471667842 471667842 471667842 471667842 443813098 443813098 443813098 443813098 443813098 443813098 443813098 443813098 443813098 443813098 443813098 443813098 443813098 443813098 443813098 443813098 443813098 443813098 443813098 443813098 348499663 348499663 348499663 348499663 348499663 348499663 348499663 348499663 348499663 348499663 348499663 348499663 348499663 348499663 348499663 348499663 802135844 802135844 802135844 802135844 38603023 505718861 505718861 505718861 505718861 505718861 623367927 623367927 623367927 623367927 623367927 623367927 623367927 623367927 623367927 623367927 623367927 623367927 799762817 799762817 438653509 438653509 951634282 951634282 951634282 19884422 19884422 19884422 19884422 19884422 19884422 19884422 19884422 5748773 5748773 5748773 5748773 5748773 277749531 404837329 252875866 252875866 346792163 489520264 489520264 489520264 489520264 21983598 21983598 21983598 349818294 131781211 131781211 599733293 599733293 440469447 640969316 640969316 640969316 640969316 640969316 640969316 640969316 640969316 640969316 640969316 640969316 640969316 402116320 402116320 645138719 645138719 645138719 645138719 737492987 737492987 737492987 737492987 737492987 737492987 569995889 569995889 569995889 569995889 569995889 742064550 742064550 162212670 162212670 162212670 694112028 694112028 694112028 694112028 694112028 157747842 157747842 157747842 978012803 978012803 978012803 978012803 978012803 978012803 978012803 978012803 875029069 875029069 656498460 58863139 695362053 695362053 695362053 695362053 695362053 695362053 695362053 695362053 358587508 322246448 322246448 322246448 322246448 322246448 322246448 322246448 322246448 322246448 322246448 322246448 18243286 18243286 18243286 18243286 18243286 724608988 724608988 142396109 142396109 142396109 18583961 921004094 921004094 489107378 489107378 126718740 126718740 126718740 126718740 695133880 113478889 664939797 664939797 664939797 250809419 250809419 250809419 250809419 250809419 250809419 12632778 586290957 586290957 322733811 322733811 750946646 750946646 289266644 289266644 289266644 502836220 502836220 502836220 622454924 622454924 622454924 622454924 622454924 622454924 622454924 949688155 693854105 693854105 693854105 693854105 693854105 693854105 693854105 693854105 693854105 693854105 901481642 901481642 901481642 901481642 901481642 710861499 222580081 222580081 222580081 222580081 222580081 222580081 803366819 803366819 803366819 803366819 803366819 803366819 803366819 803366819 803366819 803366819 803366819 803366819 803366819 175940059 175940059 665631519 665631519 665631519 665631519 665631519 188209305 188209305 864229834 864229834 864229834 864229834 864229834 394921231 394921231 394921231 608918672 151416798 151416798 151416798 151416798 151416798 151416798 151416798 151416798 151416798 151416798 151416798 151416798 780364057 780364057 780364057 780364057 780364057 82883453 82883453 644936089 644936089 644936089 644936089 644936089 644936089 644936089 238324839 46427856 46427856 496035959 496035959 496035959 496035959 496035959 496035959 496035959 650346645 650346645 650346645 650346645 650346645 650346645 650346645 650346645 650346645 650346645 100537452 763696140 763696140 763696140 763696140 763696140 763696140 763696140 763696140 763696140 763696140 763696140 763696140 763696140 763696140 763696140 763696140 763696140 763696140 763696140 342978829 342978829 342978829 342978829 43705991 43705991 841372354 940203904 940203904 940203904 940203904 940203904 940203904 940203904 794010673 334912503 334912503 334912503 334912503 45660767 775928269 217187817 217187817 408906360 408906360 408906360 408906360 408906360 408906360 408906360 408906360 455551623 455551623 455551623 506383736 506383736 506383736 506383736 506383736 506383736 506383736 506383736 506383736 506383736 506383736 506383736 506383736 506383736 506383736 506383736 506383736 506383736 506383736 957639507 957639507 957639507 957639507 957639507 957639507 971576181 971576181 971576181 971576181 843654052 843654052 843654052 843654052 843654052 843654052 843654052 934667079 215415014 716118264 716118264 716118264 520551153 520551153 520551153 520551153 520551153