1000 1000
22 961
377 747
256 724
103 921
61 894
74 979
48 966
535 920
608 962
246 663
475 678
5 990
401 430
294 787
540 920
137 784
328 922
254 566
232 389
95 963
90 94
29 710
4 676
32 929
100 823
828 882
436 999
386 924
472 626
7 986
316 760
130 870
16 596
29 890
86 713
684 992
900 973
188 280
463 751
645 820
338 813
404 954
150 787
383 969
393 643
45 294
170 903
348 860
345 618
52 867
21 862
9 170
293 942
78 866
179 288
94 947
45 872
342 556
219 376
77 969
241 281
52 568
71 957
188 871
179 970
103 961
38 697
175 715
225 953
292 843
88 797
345 526
47 750
235 825
88 847
338 970
387 846
372 918
130 999
439 709
147 386
255 695
21 281
74 985
317 787
142 571
326 848
907 922
166 580
425 682
28 273
309 990
741 806
24 709
222 275
559 841
180 942
747 843
372 461
255 835
425 892
140 999
593 607
268 896
161 984
376 831
22 796
122 294
121 796
438 985
125 912
464 934
558 903
293 626
51 565
479 588
80 913
69 914
110 848
118 888
95 438
414 788
25 632
300 371
52 974
320 995
635 992
748 869
270 586
79 865
350 892
222 251
29 97
488 975
517 783
49 996
10 999
179 963
311 338
93 404
14 921
78 916
246 952
228 935
437 600
224 751
517 778
405 923
156 993
175 265
8 971
16 204
407 929
31 329
225 824
590 711
484 843
21 975
229 301
363 851
81 824
128 982
396 513
309 861
452 711
33 838
334 752
124 342
809 821
232 975
194 904
1 1000
111 923
8 138
784 982
608 832
13 986
580 950
1 942
198 581
532 827
26 313
76 913
419 614
10 765
677 897
207 790
397 971
118 896
337 510
2 984
1 134
92 409
894 931
139 480
435 824
271 900
179 931
576 968
82 829
915 934
320 970
446 928
22 235
967 971
13 991
163 745
76 873
217 890
630 972
233 818
6 988
796 821
166 949
475 926
604 756
118 868
429 883
44 226
470 643
6 960
418 661
562 947
192 643
96 386
40 559
18 996
189 967
60 733
328 996
166 663
294 629
33 973
94 210
616 768
231 800
12 863
246 690
412 875
128 197
213 607
7 997
23 994
247 640
38 946
717 735
302 448
619 997
185 996
294 993
188 639
462 788
702 803
523 903
362 404
265 998
40 665
266 463
228 606
162 867
730 986
89 732
151 919
16 690
100 823
125 979
329 981
217 729
93 567
54 455
237 355
498 939
586 955
17 304
131 517
58 909
373 392
80 517
40 653
347 874
174 608
46 387
71 909
726 799
150 857
476 818
694 696
321 977
103 666
27 299
125 945
608 731
486 993
40 961
103 871
91 418
40 635
440 825
677 827
593 864
93 621
453 546
88 684
586 814
47 923
2 928
747 993
102 585
446 700
9 978
33 450
250 859
47 686
695 708
92 447
68 268
60 833
34 991
134 936
29 773
293 763
518 664
208 515
882 963
35 867
183 802
277 622
611 918
87 985
136 757
720 914
175 406
360 830
792 799
164 990
594 896
34 988
318 527
170 871
181 468
116 683
54 867
302 935
287 884
118 850
2 883
139 203
381 923
81 993
219 699
444 938
44 969
268 984
132 624
271 438
41 976
705 724
360 831
12 913
46 322
82 117
135 990
490 900
491 638
77 842
269 328
104 693
256 335
8 950
385 453
278 856
388 745
194 799
315 949
137 896
536 566
373 450
316 447
280 460
26 953
436 860
189 909
462 719
404 578
191 979
94 926
26 831
456 990
563 617
10 995
15 341
565 980
75 737
330 961
35 960
242 474
239 598
56 994
106 561
233 374
38 424
305 998
1 995
52 725
5 989
210 961
258 957
265 562
181 547
242 795
4 716
56 881
666 916
23 361
849 865
197 959
526 718
203 965
339 709
259 493
263 740
357 979
240 936
213 721
65 886
541 806
326 962
216 676
420 829
499 587
168 632
115 661
30 984
54 481
68 788
41 494
5 906
172 581
347 674
96 993
2 905
317 577
175 528
267 489
40 331
93 961
225 945
439 479
806 883
4 951
398 928
94 808
335 505
30 732
585 636
181 340
135 761
87 802
260 751
454 669
472 966
97 816
320 612
40 981
26 764
104 771
50 850
588 727
333 679
749 890
828 998
166 948
708 840
155 993
337 904
83 977
260 832
78 171
23 718
212 946
736 819
313 598
324 823
618 668
21 468
241 637
136 707
245 793
9 936
3 353
251 913
962 975
412 443
66 935
613 656
31 997
102 198
37 90
619 995
93 428
88 968
8 961
365 717
147 476
314 820
204 652
288 993
370 838
933 988
149 549
14 72
24 993
494 719
3 990
311 815
140 865
290 937
57 760
96 921
51 961
88 772
159 707
72 962
361 937
40 571
52 70
63 846
125 484
558 729
140 775
93 833
46 779
758 989
68 888
71 249
154 299
369 690
5 998
357 857
496 963
585 886
198 678
808 880
396 711
137 547
66 143
154 841
473 747
403 539
77 741
44 693
473 876
17 889
104 991
148 875
446 973
347 867
225 380
462 578
571 799
33 851
87 158
41 869
623 751
102 839
234 521
12 992
344 836
511 727
3 1000
439 681
120 966
201 577
553 979
31 974
30 999
385 634
47 952
357 830
43 431
5 920
638 997
312 365
16 769
43 989
635 803
384 517
142 810
136 764
210 885
153 371
562 861
91 747
570 884
377 648
496 957
124 905
514 801
224 921
111 526
61 856
111 592
438 588
487 694
29 974
644 985
370 926
135 532
26 996
78 372
11 976
332 584
348 828
455 884
488 875
429 715
31 553
389 547
267 647
377 550
25 997
197 969
118 920
204 686
282 774
110 425
69 71
48 992
213 364
135 419
326 871
61 845
214 854
177 619
314 319
127 832
9 211
324 749
66 703
710 824
269 416
391 876
410 906
199 528
51 671
103 990
379 937
142 496
381 979
1 993
76 595
414 881
508 802
29 806
75 947
686 981
535 883
196 712
367 612
290 434
200 633
400 547
337 766
269 282
163 902
428 852
69 874
184 996
343 756
155 971
553 700
388 705
213 797
262 691
136 582
120 864
514 982
403 602
66 956
300 310
8 934
279 590
57 973
28 587
242 455
716 815
317 873
290 991
23 609
1 527
234 899
54 421
209 813
422 697
263 303
8 801
228 405
12 892
250 982
197 799
832 904
29 997
31 985
166 198
338 910
181 934
720 985
266 491
433 944
355 679
140 944
176 779
131 796
634 969
276 920
142 618
581 609
8 988
63 967
293 914
114 638
5 980
678 884
447 708
653 972
412 858
593 814
679 930
557 839
66 833
166 489
133 983
787 868
8 990
244 985
759 762
303 773
205 973
263 329
134 208
147 723
159 498
76 810
122 834
358 896
419 843
241 478
230 955
150 558
620 950
163 874
450 969
32 281
158 735
385 674
48 998
720 932
537 594
85 709
21 542
185 335
180 941
51 560
524 640
136 804
1 774
1 949
345 490
383 391
85 563
168 751
436 980
299 939
468 754
61 960
43 514
22 543
59 928
175 874
334 833
471 678
21 884
200 685
97 522
48 954
6 846
98 965
307 601
184 793
61 945
7 988
212 883
272 449
89 582
99 924
103 673
264 702
167 648
52 841
422 615
122 588
158 863
159 846
206 207
383 448
56 738
544 688
775 974
541 760
10 904
888 973
248 486
9 25
156 230
181 814
252 764
112 495
455 950
195 765
620 644
206 730
269 931
524 543
537 715
734 744
303 865
7 984
6 987
41 975
328 665
92 809
856 933
13 482
165 984
139 875
29 745
48 420
131 893
42 557
277 833
143 635
63 886
762 874
207 694
247 707
176 675
264 454
16 938
30 992
26 917
116 918
494 596
298 861
93 802
718 888
146 689
202 848
30 525
13 781
557 640
63 794
902 979
84 995
67 649
82 288
226 564
12 908
116 775
327 441
521 800
187 254
407 557
92 669
37 795
384 757
44 871
522 849
458 893
712 765
37 339
355 606
86 953
364 963
330 350
43 779
267 297
207 949
22 315
21 961
325 549
181 976
367 588
173 432
426 835
425 779
12 526
34 948
478 965
257 810
194 826
83 315
16 991
817 985
113 547
78 912
85 458
155 575
274 981
70 920
185 943
83 820
318 859
202 281
185 835
644 789
121 837
135 717
168 906
9 609
413 463
451 576
267 623
354 650
73 949
395 915
531 690
722 999
28 925
139 773
3 999
441 453
74 963
247 681
205 849
102 780
100 956
258 894
262 837
182 247
22 992
64 855
889 980
153 954
25 995
325 439
30 990
507 759
19 988
134 511
53 982
145 802
302 513
143 920
305 905
752 816
68 755
149 409
6 911
73 646
219 526
227 245
758 975
590 810
474 634
480 710
55 718
68 954
2 1000
83 995
9 973
381 915
74 730
131 807
31 663
93 968
384 869
78 661
235 889
26 720
698 869
67 948
15 956
108 861
188 641
31 910
622 999
60 988
59 943
377 572
730 948
256 922
29 959
14 706
176 840
89 239
265 977
58 171
105 383
159 603
337 865
976348890 895733792 895733792 895733792 895733792 895733792 414767669 414767669 414767669 144371708 144371708 144371708 144371708 144371708 144371708 144371708 144371708 144371708 144371708 144371708 997351131 997351131 997351131 797747406 797747406 797747406 797747406 797747406 797747406 797747406 797747406 797747406 797747406 797747406 797747406 797747406 797747406 797747406 797747406 797747406 797747406 797747406 797747406 797747406 797747406 797747406 797747406 797747406 797747406 797747406 797747406 656023887 656023887 656023887 656023887 656023887 656023887 656023887 656023887 656023887 888574983 888574983 888574983 998663238 998663238 998663238 998663238 998663238 998663238 998663238 599299865 599299865 599299865 599299865 599299865 599299865 661168064 661168064 175939733 175939733 175939733 149728977 159446439 159446439 159446439 524955557 524955557 524955557 524955557 524955557 524955557 524955557 524955557 524955557 903960880 352950835 352950835 794641123 794641123 29843299 29843299 720065402 720065402 720065402 890517769 890517769 890517769 890517769 890517769 890517769 890517769 890517769 890517769 692288868 692288868 692288868 692288868 692288868 692288868 692288868 629280892 629280892 362924952 362924952 362924952 362924952 362924952 362924952 161774700 161774700 161774700 161774700 209015670 534843408 534843408 534843408 534843408 534843408 534843408 534843408 534843408 534843408 534843408 534843408 534843408 534843408 534843408 534843408 534843408 534843408 534843408 712205035 712205035 449097473 449097473 449097473 449097473 449097473 449097473 449097473 449097473 449097473 449097473 449097473 791726678 791726678 791726678 791726678 791726678 866408540 470293270 470293270 470293270 470293270 470293270 470293270 470293270 470293270 928038162 928038162 806096514 806096514 977175928 977175928 977175928 977175928 977175928 977175928 977175928 977175928 977175928 977175928 977175928 977175928 977175928 977175928 977175928 912158540 912158540 912158540 731842670 81752881 81752881 255137998 255137998 255137998 255137998 148921609 148921609 148921609 148921609 439246426 439246426 439246426 439246426 439246426 439246426 439246426 439246426 439246426 357306659 357306659 357306659 357306659 357306659 357306659 357306659 755671809 755671809 755671809 214142973 412398803 280022248 963100351 963100351 963100351 963100351 963100351 672963746 672963746 672963746 672963746 672963746 46438055 192957526 192957526 192957526 192957526 192957526 192957526 192957526 192957526 192957526 192957526 192957526 192957526 192957526 192957526 192957526 192957526 192957526 30179368 30179368 30179368 30179368 30179368 30179368 30179368 30179368 30179368 496766307 496766307 496766307 496766307 496766307 496766307 496766307 496766307 496766307 109348875 968808681 968808681 968808681 968808681 968808681 968808681 968808681 968808681 968808681 968808681 968808681 968808681 968808681 968808681 968808681 968808681 957106953 957106953 957106953 957106953 957106953 957106953 957106953 957106953 513518054 513518054 513518054 551151319 551151319 551151319 21113362 21113362 21113362 21113362 21113362 21113362 21113362 21113362 21113362 21113362 18020774 134700666 333356556 333356556 333356556 121090413 121090413 121090413 121090413 121090413 830297568 830297568 830297568 830297568 830297568 830297568 830297568 830297568 830297568 830297568 830297568 212953980 212953980 212953980 212953980 212953980 212953980 212953980 212953980 212953980 33669630 33669630 33669630 33669630 33669630 33669630 33669630 33669630 33669630 33669630 405192213 405192213 405192213 405192213 405192213 405192213 405192213 405192213 405192213 405192213 683093837 344270037 344270037 344270037 344270037 344270037 344270037 344270037 344270037 344270037 459287437 459287437 459287437 459287437 459287437 459287437 459287437 459287437 459287437 459287437 459287437 459287437 459287437 459287437 459287437 459287437 459287437 459287437 459287437 459287437 366412057 366412057 366412057 366412057 366412057 8215517 8215517 8215517 8215517 8215517 138833843 138833843 643392407 643392407 914092404 914092404 914092404 914092404 914092404 914092404 863026425 863026425 863026425 863026425 863026425 863026425 621099568 400899458 400899458 400899458 596730007 596730007 596730007 879113985 879113985 879113985 879113985 879113985 928101681 422970892 626022777 626022777 274033741 274033741 274033741 274033741 274033741 274033741 274033741 274033741 274033741 748417458 748417458 748417458 286231914 286231914 328643379 328643379 328643379 328643379 328643379 328643379 328643379 328643379 328643379 328643379 328643379 328643379 328643379 328643379 328643379 26028864 26028864 680576286 680576286 739689781 739689781 739689781 739689781 420779292 246592950 246592950 246592950 246592950 246592950 73389885 73389885 73389885 73389885 73389885 73389885 73389885 73389885 73389885 73389885 73389885 598305564 598305564 598305564 598305564 916341752 48037795 523543561 603158894 603158894 603158894 603158894 603158894 603158894 603158894 603158894 603158894 603158894 603158894 603158894 603158894 645909802 645909802 645909802 645909802 645909802 645909802 645909802 645909802 645909802 645909802 645909802 645909802 645909802 645909802 374766406 128531276 598242340 598242340 598242340 598242340 107367288 107367288 107367288 107367288 107367288 107367288 115420955 115420955 115420955 115420955 115420955 115420955 115420955 115420955 115420955 7255662 7255662 7255662 7255662 7255662 7255662 7255662 7255662 7255662 7255662 7255662 7255662 7255662 7255662 7255662 7255662 7255662 7255662 7255662 7255662 7255662 7255662 7255662 7255662 7255662 7255662 7255662 7255662 7255662 671251322 671251322 671251322 966139889 966139889 966139889 966139889 966139889 756281426 756281426 756281426 756281426 556897123 556897123 556897123 556897123 556897123 556897123 556897123 556897123 556897123 556897123 556897123 556897123 556897123 631254656 631254656 631254656 928642153 928642153 928642153 499685379 629234647 629234647 629234647 521701015 521701015 521701015 521701015 521701015 380107402 380107402 380107402 217087810 217087810 217087810 510156362 515177854 65891977 65891977 522768455 510817053 510817053 510817053 510817053 510817053 510817053 294400282 294400282 294400282 975116101 673234759 485562785 485562785 312936297 312936297 312936297 312936297 312936297 312936297 312936297 312936297 794440938 794440938 794440938 794440938 794440938 794440938 510248813 510248813 644665268 644665268 644665268 644665268 644665268 644665268 644665268 644665268 644665268 644665268 54011184 464346001 464346001 464346001 464346001 464346001 464346001 464346001 464346001 464346001 464346001 464346001 464346001 464346001 464346001 464346001 464346001 114324010 114324010 114324010 114324010 114324010 66211486 66211486 66211486 66211486 66211486 66211486 66211486 66211486 421649311 421649311 421649311 707169988 707169988 212465217 212465217 800989829 800989829 800989829 800989829 376960843 376960843 376960843 376960843 376960843 376960843 376960843 376960843 376960843 841565321 841565321 841565321 841565321 548374275 548374275 548374275 548374275 548374275 548374275 484160385 484160385 484160385 484160385 484160385 484160385 484160385 484160385 58757510 470038257 470038257 470038257 470038257 470038257 470038257 470038257 470038257 470038257 470038257 470038257 470038257 578985291 321057776 321057776 321057776 321057776 321057776 321057776 321057776 321057776 649429574 547470212 455727948 455727948 542739124 542739124 542739124 542739124 542739124 542739124 542739124 542739124 917032997 917032997 917032997 992950539 992950539 992950539 992950539 992950539 992950539 164468103 164468103 164468103 164468103 164468103 164468103 741744562 741744562 741744562 162178902 301433404 301433404 511555265 511555265 511555265 116100599 116100599 116100599 116100599 116100599 668898490 668898490 802288685 802288685 802288685 802288685 802288685 802288685 802288685 802288685 802288685 802288685 802288685 802288685 802288685 802288685 802288685 802288685 802288685 802288685 802288685 393489063 393489063 393489063 393489063 393489063 393489063 393489063 393489063 704041594 150202078 720612533 720612533 720612533 720612533 720612533 720612533 720612533 720612533 718469795 718469795 310037500 611590064 611590064 611590064 611590064 611590064 611590064 611590064 611590064 489813652 739610249 739610249 739610249 739610249 739610249 739610249 739610249 739610249 739610249 739610249 739610249 739610249 739610249 739610249 739610249 739610249 739610249 739610249 119270486 557166052 557166052 557166052 557166052 557166052 557166052 788383717 788383717 788383717 788383717 788383717 788383717 148166732 590365227 590365227 590365227 404658010 404658010 404658010 822599369 677680964 677680964 677680964 677680964 677680964 677680964 167419118 186839720 186839720 65435285 917030947 917030947 917030947 917030947 917030947 917030947 917030947 917030947 917030947 944017806 379600745 379600745 379600745 379600745 379600745 379600745 379600745 379600745 379600745 379600745 379600745 379600745 923667599 923667599 923667599 923667599 923667599 923667599 923667599 193083982 193083982 193083982 193083982 193083982 193083982 578689893 578689893 578689893 578689893 578689893 578689893 578689893 578689893 578689893 925655611 925655611 925655611 925655611 925655611 925655611 771811185 771811185 771811185 299597970 299597970 299597970 299597970 299597970 299597970 175250759 302987753 302987753 302987753 302987753 302987753 302987753 302987753 302987753 564164958 95270320 95270320 112684730 112684730 519507780 519507780 800377525 851294303 851294303 851294303 851294303 851294303 851294303 851294303 851294303 851294303 851294303 851294303 851294303 355015724 988373438 988373438 585579678 585579678 285711111 285711111 480882739 467391079 467391079 792228699