1000 1000
715 913
48 943
189 452
48 802
16 976
20 764
126 223
185 580
525 896
68 724
750 886
336 852
65 816
138 750
171 840
80 995
88 956
189 576
27 823
3 827
463 919
51 783
203 859
60 507
81 697
229 960
856 873
41 952
623 950
18 995
105 990
225 433
277 347
689 735
118 121
78 354
303 830
124 283
297 880
46 812
61 734
334 494
32 939
301 702
12 935
473 767
61 953
20 874
187 327
48 895
170 262
193 511
88 791
1 301
25 974
13 991
84 235
560 737
123 754
277 425
134 827
305 841
640 912
583 667
128 953
113 860
36 898
229 348
73 508
477 540
396 924
233 306
242 744
311 473
39 939
725 989
223 915
797 918
61 418
159 330
222 890
614 624
33 872
236 868
108 994
40 241
53 961
123 566
373 832
216 496
426 884
868 924
60 890
492 506
555 934
14 575
235 951
166 261
279 980
167 932
467 813
553 593
468 688
143 272
187 616
1 235
91 820
476 759
144 963
518 914
524 814
53 870
233 448
108 256
10 977
99 861
215 832
4 389
1 1000
255 671
74 903
274 704
436 908
78 228
78 215
863 920
15 926
23 702
42 857
236 984
258 457
82 590
133 618
133 975
423 615
166 971
102 159
632 894
115 940
142 854
53 873
106 804
425 952
497 708
376 647
103 182
278 924
172 987
553 581
759 993
305 673
174 695
2 1000
645 814
60 898
55 223
75 952
179 501
440 778
440 863
137 765
179 833
130 886
613 962
319 995
26 667
24 904
281 635
266 845
106 850
302 571
83 272
342 730
247 279
490 777
85 939
444 937
565 694
892 940
76 882
127 303
94 944
105 428
15 971
126 870
659 793
387 728
607 658
46 406
9 969
383 904
144 919
2 871
17 939
607 611
392 865
45 419
68 594
261 604
257 819
688 700
168 936
241 934
163 842
299 786
203 613
142 591
622 628
395 981
441 930
324 878
158 712
260 697
73 721
316 857
84 999
231 361
96 673
12 994
178 963
111 924
183 977
8 977
327 803
188 819
24 997
115 394
181 343
43 883
48 843
37 940
42 890
846 889
671 968
264 903
70 223
26 989
95 772
579 720
522 895
643 746
367 761
314 761
9 797
461 725
449 498
168 458
11 999
41 861
180 415
31 794
206 805
117 959
441 477
78 331
319 899
482 800
449 973
108 600
298 640
314 910
262 499
611 973
989 992
2 335
114 706
74 306
688 735
211 913
194 635
101 755
127 958
98 581
461 635
89 121
476 972
374 748
159 238
27 631
218 936
65 679
476 731
8 988
61 962
168 712
397 937
273 352
199 754
597 887
210 550
428 943
853 876
760 975
8 424
9 976
16 967
305 571
3 993
102 159
501 928
548 722
260 696
1 998
44 138
272 760
526 560
22 953
305 687
589 997
876 908
246 932
767 846
723 956
317 644
210 921
24 865
340 842
72 966
159 878
432 999
461 749
100 555
48 67
514 698
180 950
750 995
200 793
122 809
57 599
35 961
122 844
289 531
164 805
142 996
27 992
941 969
77 128
309 796
125 847
29 837
595 897
882 887
9 815
145 213
321 927
339 569
89 962
635 664
521 791
291 645
142 737
44 830
179 864
257 873
189 456
19 845
332 483
320 500
3 909
12 796
139 948
123 912
266 895
43 788
107 712
261 816
84 484
597 840
81 731
293 755
635 917
141 892
364 997
66 314
139 842
267 572
69 706
46 964
25 930
162 792
190 806
103 956
238 892
406 817
232 765
114 379
358 447
67 671
152 622
322 623
165 558
851 893
572 939
63 814
222 783
883 953
101 772
3 475
257 987
23 294
117 851
73 891
744 744
148 913
134 329
106 862
59 958
49 841
36 591
563 854
356 1000
377 634
909 921
61 354
146 493
876 993
306 978
143 800
158 279
139 998
289 302
190 998
209 831
83 318
703 782
316 611
54 510
61 885
265 389
117 981
56 885
99 435
157 480
45 211
149 911
362 957
140 666
26 990
346 542
533 923
47 942
209 817
17 157
497 603
333 791
581 847
51 951
236 986
57 590
251 560
319 800
874 926
370 914
87 717
69 504
61 765
1 971
114 890
269 662
32 727
787 883
788 843
28 779
448 758
198 555
159 884
17 984
54 951
290 984
107 639
390 894
87 189
53 244
61 1000
123 858
559 890
307 706
276 622
413 583
77 705
37 721
44 576
26 516
221 625
109 704
394 855
488 868
209 281
479 932
405 986
733 945
432 775
468 770
8 825
228 280
610 779
54 335
847 990
362 876
195 793
862 869
31 657
325 975
151 254
139 347
934 956
190 636
116 880
28 977
336 980
48 925
51 899
217 596
65 636
242 879
425 944
389 615
264 662
32 755
392 491
26 770
49 988
64 780
16 488
26 960
209 837
14 964
29 785
7 969
358 846
12 661
384 920
354 742
4 994
12 977
86 323
16 915
272 535
77 800
393 620
90 909
97 953
10 929
103 860
8 994
42 470
733 938
126 704
141 597
653 889
11 986
110 963
268 732
31 989
30 879
85 917
26 175
3 949
24 106
402 694
548 629
19 736
178 214
16 996
197 562
47 820
160 459
874 941
50 847
427 995
208 615
56 951
182 730
163 695
125 267
274 971
386 435
214 587
664 901
2 1000
506 714
261 938
541 877
26 205
360 401
315 654
103 673
11 997
171 833
192 547
23 885
27 874
124 874
112 415
26 991
29 338
64 884
228 897
42 988
419 930
59 971
293 667
34 746
249 577
403 765
372 629
42 928
909 957
665 757
475 619
26 935
50 961
605 771
45 241
40 977
137 945
98 916
504 624
160 750
39 906
5 421
197 516
136 819
6 648
165 789
330 918
692 941
106 252
47 970
118 205
37 985
79 557
233 851
870 965
12 888
291 420
217 980
528 647
270 840
278 982
75 324
87 838
1 966
141 916
796 996
426 491
162 827
432 841
87 497
554 983
56 904
413 643
115 899
113 347
471 561
674 965
509 570
26 994
594 627
983 994
647 901
5 806
33 931
207 536
231 817
549 680
53 899
188 664
871 912
20 203
238 819
7 987
188 623
504 972
581 905
89 880
64 810
846 854
342 813
221 355
362 761
255 527
581 719
559 778
372 453
223 706
193 235
634 830
9 928
1 979
226 483
388 600
7 871
495 663
766 857
233 707
119 200
120 987
696 776
755 912
834 839
401 625
236 996
455 843
20 827
156 758
796 831
2 670
111 851
115 884
264 910
12 998
89 802
146 684
35 846
30 947
400 830
99 908
226 704
120 802
21 944
274 690
453 996
153 923
197 262
101 340
637 689
53 695
699 971
36 993
67 612
33 964
56 976
772 984
162 266
60 507
37 841
124 816
27 957
486 911
79 745
583 907
8 914
213 878
41 917
447 989
198 374
158 317
63 742
77 981
708 854
258 799
373 777
76 428
659 890
432 636
89 840
532 681
364 524
16 996
299 816
36 196
275 861
748 956
36 837
283 962
61 940
2 307
185 818
293 415
359 807
382 816
24 633
57 869
447 795
716 832
522 825
523 778
257 319
517 766
335 951
483 807
488 990
74 815
219 483
87 325
4 960
353 797
33 914
264 767
129 958
125 778
841 951
315 642
52 919
93 954
402 743
14 952
100 578
438 932
116 966
259 527
527 671
701 883
181 971
7 990
7 949
337 961
444 489
744 747
21 957
266 738
11 917
357 714
196 398
194 360
9 997
251 878
377 876
248 945
599 684
65 973
651 969
28 923
556 726
133 674
556 833
101 950
176 723
202 585
275 935
65 924
187 714
165 279
394 739
305 478
23 972
61 583
280 542
135 983
23 837
70 991
470 779
57 934
198 862
476 821
289 930
799 908
52 968
386 743
683 787
582 861
258 555
28 54
118 589
439 706
264 713
217 889
411 557
946 960
38 937
124 867
16 799
59 890
20 703
293 477
184 970
26 909
4 909
65 985
326 442
18 884
491 591
694 815
206 863
535 750
19 978
735 813
19 858
9 995
214 863
232 787
109 967
241 474
4 574
462 856
252 754
151 767
449 987
30 459
62 914
3 932
41 649
44 973
693 971
537 888
38 848
352 998
207 949
62 909
449 886
238 821
71 999
23 610
274 683
710 950
599 735
427 632
100 752
77 724
101 762
71 849
612 773
112 281
71 958
838 880
442 629
190 885
23 980
70 807
24 800
124 998
94 730
486 960
312 768
43 853
403 803
192 812
116 471
156 469
225 987
689 810
647 826
8 954
572 729
651 808
165 357
402 515
86 509
177 930
158 921
394 903
390 726
101 748
289 728
849 962
527 998
230 615
419 950
457 615
277 718
691 713
933 967
256 686
315 917
265 689
235 538
129 938
274 834
240 762
177 925
339 831
884 958
226 424
676 701
339 863
72 777
203 831
8 981
2 982
103 840
167 248
100 523
623 807
200 853
54 922
162 520
84 374
124 699
248 824
619 873
105 725
16 987
153 968
147 589
2 1000
166 809
146 961
78 859
30 973
87 284
258 854
153 280
184 970
152 152
562 853
8 880
108 422
371 999
18 756
409642345 409642345 409642345 409642345 409642345 409642345 409642345 409642345 409642345 409642345 409642345 22902338 24908204 24908204 201708571 276457444 276457444 598384027 598384027 598384027 720340371 720340371 720340371 720340371 296471209 596763211 325793490 325793490 325793490 325793490 111431596 211340577 211340577 211340577 211340577 211340577 211340577 211340577 211340577 211340577 211340577 211340577 211340577 211340577 211340577 211340577 211340577 211340577 211340577 211340577 516518808 516518808 516518808 516518808 516518808 516518808 516518808 516518808 516518808 516518808 516518808 714716130 714716130 714716130 714716130 714716130 714716130 714716130 714716130 503383301 987651860 38364102 38364102 38364102 38364102 38364102 38364102 38364102 38364102 501795488 501795488 501795488 501795488 501795488 501795488 501795488 501795488 501795488 501795488 501795488 446276780 790108582 790108582 204397010 13431547 13431547 13431547 13431547 13431547 13431547 695808024 695808024 695808024 695808024 695808024 695808024 695808024 695808024 695808024 695808024 695808024 363594996 363594996 363594996 935256673 935256673 935256673 935256673 935256673 257664777 138903415 794099379 794099379 794099379 794099379 794099379 794099379 794099379 794099379 794099379 794099379 343225712 343225712 343225712 343225712 469562588 469562588 469562588 469562588 469562588 915473885 273133408 273133408 273133408 273133408 273133408 273133408 273133408 273133408 253263160 253263160 436145326 436145326 436145326 436145326 436145326 436145326 436145326 436145326 436145326 743230928 743230928 114971090 843746247 843746247 843746247 843746247 843746247 577474330 577474330 246258069 246258069 246258069 246258069 500879532 500879532 197837961 346165007 346165007 346165007 346165007 346165007 829668038 829668038 829668038 798389414 732015526 732015526 732015526 732015526 958718511 958718511 958718511 958718511 958718511 958718511 958718511 958718511 958718511 958718511 958718511 6407052 6407052 6407052 6407052 6407052 6407052 6407052 6407052 6407052 830739326 830739326 898639204 898639204 898639204 348336322 348336322 348336322 348336322 348336322 721016864 610229526 610229526 610229526 610229526 610229526 610229526 783594102 382991619 382991619 962007379 647138182 647138182 709024393 709024393 709024393 709024393 709024393 709024393 709024393 529247857 529247857 529247857 529247857 529247857 529247857 529247857 529247857 529247857 529247857 701994074 609125415 609125415 883353290 883353290 883353290 703140985 703140985 703140985 703140985 703140985 272488761 272488761 272488761 272488761 272488761 272488761 272488761 272488761 272488761 345763991 345763991 154388201 154388201 154388201 154388201 154388201 154388201 154388201 154388201 154388201 337033616 337033616 337033616 337033616 337033616 337033616 337033616 337033616 337033616 48193345 48193345 48193345 48193345 48193345 48193345 48193345 48193345 873787933 873787933 873787933 762753190 762753190 762753190 762753190 762753190 762753190 762753190 762753190 762753190 643652883 481087411 771476667 225771998 225771998 225771998 225771998 225771998 225771998 947167183 171751699 171751699 171751699 171751699 171751699 171751699 171751699 171751699 171751699 171751699 171751699 171751699 171751699 171751699 171751699 171751699 996680826 996680826 996680826 996680826 996680826 348096263 348096263 348096263 348096263 348096263 901682731 901682731 901682731 901682731 24053236 24053236 24053236 24053236 24053236 24053236 24053236 24053236 24053236 24053236 24053236 946325737 946325737 529948738 824060314 824060314 998066265 998066265 998066265 998066265 998066265 998066265 497701242 497701242 497701242 497701242 497701242 497701242 497701242 68625767 112066643 112066643 112066643 112066643 112066643 112066643 185325164 485563780 485563780 485563780 786381112 786381112 786381112 786381112 786381112 973273327 973273327 973273327 973273327 973273327 989262990 989262990 989262990 989262990 746915208 22329252 22329252 22329252 22329252 22329252 22329252 22329252 22329252 22329252 22329252 22329252 22329252 491849082 491849082 491849082 491849082 491849082 491849082 55165934 5766196 5766196 5766196 5766196 5766196 952764400 952764400 952764400 715430551 715430551 28554937 28554937 28554937 28554937 28554937 28554937 782024794 782024794 154676589 852055561 244553068 244553068 244553068 244553068 244553068 244553068 735264129 841776200 650218698 650218698 650218698 650218698 650218698 650218698 650218698 650218698 712958533 712958533 59597170 59597170 59597170 59597170 59597170 59597170 59597170 59597170 520069675 972750518 972750518 972750518 972750518 186981705 866708780 866708780 866708780 866708780 866708780 866708780 866708780 820025321 658765973 658765973 658765973 658765973 658765973 658765973 658765973 658765973 305538822 305538822 305538822 193674241 193674241 193674241 193674241 193674241 193674241 193674241 71477430 343741855 343741855 343741855 343741855 343741855 343741855 343741855 343741855 343741855 375418358 375418358 488887511 488887511 488887511 488887511 488887511 488887511 998019769 998019769 998019769 759691608 759691608 759691608 759691608 759691608 759691608 759691608 759691608 759691608 759691608 759691608 759691608 759691608 759691608 759691608 759691608 759691608 759691608 523736778 480051436 916850305 916850305 750643531 750643531 750643531 750643531 750643531 126588488 869056770 869056770 869056770 869056770 869056770 869056770 744665331 744665331 744665331 744665331 744665331 744665331 744665331 744665331 507429514 507429514 668659746 668659746 668659746 668659746 216771725 216771725 216771725 216771725 216771725 216771725 216771725 216771725 216771725 216771725 423458166 423458166 62327433 62327433 62327433 62327433 62327433 62327433 62327433 309169375 309169375 309169375 309169375 309169375 309169375 309169375 736204690 736204690 99506525 99506525 99506525 99506525 99506525 99506525 99506525 99506525 99506525 99506525 99506525 99506525 99506525 99506525 99506525 99506525 99506525 99506525 99506525 99506525 99506525 99506525 99506525 725518003 959082984 959082984 959082984 959082984 959082984 959082984 959082984 806050868 806050868 806050868 806050868 806050868 806050868 806050868 806050868 806050868 806050868 665726057 665726057 665726057 665726057 958052917 958052917 521555807 521555807 521555807 521555807 882517111 296804989 296804989 296804989 296804989 296804989 296804989 296804989 296804989 296804989 968402727 78056517 78056517 166773485 166773485 166773485 166773485 166773485 166773485 166773485 166773485 588531883 588531883 588531883 438923891 713243187 713243187 713243187 713243187 713243187 141240719 141240719 141240719 141240719 311508452 394721262 394721262 394721262 394721262 394721262 548304757 548304757 84046820 84046820 95982024 95982024 95982024 95982024 122677662 122677662 122677662 642077649 642077649 642077649 642077649 642077649 642077649 642077649 642077649 556641781 912271402 872193817 505539892 505539892 505539892 505539892 505539892 505539892 505539892 505539892 505539892 505539892 505539892 505539892 520304440 520304440 520304440 520304440 520304440 409640519 409640519 409640519 111160974 111160974 111160974 473603478 473603478 473603478 473603478 473603478 473603478 988080266 988080266 988080266 988080266 988080266 225625453 225625453 225625453 225625453 225625453 225625453 688402794 688402794 688402794 688402794 688402794 688402794 688402794 688402794 688402794 106480718 106480718 106480718 106480718 106480718 106480718 106480718 538805720 538805720 538805720 538805720 538805720 538805720 538805720 538805720 538805720 598348402 598348402 598348402 598348402 598348402 598348402 767497077 102813623 102813623 102813623 102813623 102813623 102813623 102813623 606069957 606069957 186114548 186114548 186114548 186114548 186114548 186114548 414440337 414440337 226651027 738926976 738926976 746744410 746744410 746744410 746744410 746744410 746744410 261297012 261297012 261297012 261297012 261297012 261297012 261297012 261297012 261297012 261297012 261297012 261297012 261297012 261297012 261297012 261297012 261297012 261297012 261297012 261297012 261297012 261297012 261297012 261297012 261297012 261297012 146393604 146393604 146393604 146393604 436163366 436163366 436163366 328862944 328862944 892653888 892653888 892653888 892653888 892653888 892653888 892653888 892653888 892653888 892653888 892653888 892653888 146154684 146154684 393624589 393624589 393624589 51956964 51956964 51956964 51956964 51956964 51956964 51956964 51956964 976474868 976474868 976474868 599780942 599780942 314275874 588914167 588914167 588914167 588914167 983804978 983804978 882122 882122 822744765 822744765 822744765 822744765 822744765 822744765 87277111 87277111 104834943 104834943 104834943 104834943 104834943 104834943 104834943 104834943 327467361 171208062 171208062 171208062 171208062 171208062 171208062 171208062 171208062 171208062 171208062 171208062 171208062 171208062 171208062 171208062 171208062 171208062 171208062 171208062 753478577 753478577 753478577 753478577 753478577 753478577 753478577 753478577 753478577 753478577 940013355 359400252 359400252 359400252 359400252 359400252 359400252 359400252 359400252 359400252 357262121 357262121 357262121 357262121 357262121 357262121 357262121 357262121 357262121 357262121 357262121 610070357 610070357 610070357 610070357 299162906 299162906 299162906 299162906 299162906 579443279 579443279 579443279 696132111 696132111 696132111 696132111 696132111 696132111 696132111 658763911 950210822 685957149 685957149 685957149 685957149 685957149 685957149 685957149 685957149 764203888 764203888 764203888 764203888 171956640 171956640 970048799 970048799 970048799 970048799 402431325 402431325 402431325 720421642 720421642 720421642 720421642 720421642 720421642 227577097