1000 1000
92 897
632 802
359 500
30 993
79 624
421 937
62 771
50 921
192 944
151 664
310 341
70 917
167 383
207 670
194 485
77 893
641 816
267 868
218 599
83 850
736 931
819 935
316 836
113 894
203 468
401 690
126 377
221 681
662 968
94 756
748 942
693 724
117 992
407 584
124 293
37 963
2 778
92 946
2 871
698 945
478 883
693 804
649 705
140 710
192 365
101 840
30 937
419 942
358 863
186 753
194 721
246 408
144 956
65 738
317 582
411 512
171 978
334 551
154 833
341 662
230 921
82 939
56 871
126 920
849 853
170 282
758 930
5 979
14 910
100 996
34 875
616 820
204 351
64 748
254 354
64 568
108 745
293 895
51 809
115 849
241 825
794 1000
200 272
38 822
90 922
340 734
3 149
923 924
170 737
646 833
136 330
103 498
3 606
130 880
161 900
153 951
16 982
281 947
363 770
263 732
169 611
75 921
561 780
139 632
185 846
38 851
2 961
548 701
112 832
151 982
285 863
335 654
220 562
26 982
805 946
87 898
519 943
176 845
661 822
120 966
245 602
61 625
626 661
61 634
466 870
501 905
33 891
816 896
53 956
15 765
87 960
151 151
543 706
126 456
244 918
473 670
860 985
104 174
272 703
179 795
15 223
385 404
252 941
85 985
497 552
309 980
9 379
168 979
151 939
180 955
418 701
704 757
285 982
239 273
77 502
81 865
132 632
214 662
727 763
687 894
288 933
113 990
30 694
102 999
25 952
44 533
173 887
205 968
14 212
87 775
460 934
493 650
626 873
1 998
24 534
225 446
69 647
382 777
125 413
201 895
69 820
202 737
7 998
625 850
415 790
340 906
163 893
28 977
35 977
61 103
134 697
393 997
454 590
635 984
459 764
147 474
460 935
774 913
775 972
241 793
49 881
11 890
333 976
257 935
101 723
31 856
468 953
168 232
782 982
224 376
51 877
150 918
113 712
69 863
12 395
194 464
11 180
60 973
107 957
41 642
91 796
28 874
3 913
319 861
146 748
160 455
5 759
922 987
19 830
7 127
5 594
48 980
51 495
88 926
172 825
424 865
25 131
257 264
41 832
527 892
334 659
170 945
240 887
551 965
422 538
372 959
353 776
717 932
180 489
329 752
1 998
193 917
346 995
12 448
617 672
10 915
818 826
6 991
135 865
520 871
139 381
9 917
606 700
17 951
516 889
137 522
311 855
561 651
560 675
85 996
60 912
77 683
124 976
600 752
227 470
186 817
423 650
122 622
13 944
4 955
97 597
67 458
83 961
361 820
780 871
397 982
274 638
51 933
331 373
546 768
332 388
877 966
88 161
214 280
62 890
126 929
186 482
209 301
2 875
436 843
285 300
74 968
424 723
12 442
697 804
436 974
6 1000
90 962
32 583
146 990
225 382
95 963
8 887
53 556
206 425
241 791
135 552
125 986
644 848
272 926
534 601
102 974
106 181
384 669
315 827
9 962
720 796
405 979
146 818
14 999
233 712
387 936
139 1000
121 395
64 610
85 364
615 679
647 867
171 905
40 993
65 898
511 854
97 851
30 807
37 986
35 995
813 981
871 942
271 371
351 949
48 579
161 635
131 593
657 795
739 806
614 679
392 678
2 796
415 998
306 917
866 871
445 711
238 384
694 893
592 965
111 813
638 745
483 562
912 952
139 977
179 928
371 947
105 876
106 591
87 903
143 791
80 915
291 990
163 488
665 754
479 682
370 727
21 503
260 870
8 219
304 842
65 317
920 981
94 942
461 851
63 551
180 724
50 975
158 761
250 628
64 516
61 960
372 817
508 819
444 573
488 492
726 912
356 968
634 976
109 922
219 362
53 957
125 790
2 537
50 639
19 521
253 865
5 773
146 976
1 978
149 569
547 819
17 935
541 579
328 898
193 592
700 704
219 267
51 969
75 961
31 998
90 886
85 980
569 857
89 692
287 375
256 922
356 776
93 961
656 943
695 960
111 994
49 879
92 989
179 801
331 511
7 885
819 973
165 961
124 656
228 967
346 697
468 869
70 606
432 801
1 47
290 447
109 942
321 628
68 349
196 730
361 400
521 788
10 583
56 924
27 919
353 644
718 929
333 749
201 608
169 983
19 489
225 441
272 499
180 815
150 655
74 431
475 775
153 232
111 989
229 932
145 651
150 334
346 372
668 788
295 710
95 291
90 900
186 664
170 716
59 839
38 988
318 567
100 746
3 991
341 967
2 983
119 267
265 513
32 465
7 374
50 615
495 938
159 978
26 644
37 982
29 882
114 635
410 786
57 679
16 945
15 118
278 961
166 883
542 788
71 964
86 958
55 585
2 813
73 741
4 735
55 111
679 920
417 951
230 584
102 965
128 920
307 665
98 943
158 963
24 872
271 745
658 934
310 942
444 651
30 899
169 827
125 536
135 677
155 560
45 999
38 344
93 535
205 694
60 862
141 952
358 563
327 395
67 776
97 784
303 973
420 552
213 756
285 983
288 932
111 948
179 904
5 937
560 911
197 739
214 631
8 916
2 987
72 908
78 163
20 999
345 350
413 475
550 786
175 978
59 102
505 510
114 296
392 820
569 574
203 363
193 723
104 464
166 804
86 95
127 985
331 952
103 677
120 271
205 308
494 860
446 616
71 619
16 904
557 979
205 495
249 914
475 976
325 554
110 961
596 680
125 970
860 970
83 772
760 859
149 720
24 904
103 909
489 853
184 994
676 705
264 904
93 990
7 961
53 980
35 931
56 580
47 957
368 893
626 885
59 160
738 977
23 383
142 991
581 625
519 546
101 983
317 914
399 572
9 576
99 954
28 316
770 947
459 916
627 773
758 785
53 919
37 790
47 243
348 849
119 844
254 520
505 855
289 838
326 767
9 991
308 556
784 957
122 827
241 927
188 609
436 823
31 315
88 567
6 960
522 830
414 611
285 788
248 983
63 946
334 602
57 940
545 889
90 213
319 808
239 390
316 898
108 837
48 909
64 949
391 530
38 956
20 893
11 918
137 861
502 796
448 788
777 930
109 162
10 513
40 880
301 998
682 901
436 700
371 552
666 944
2 978
25 270
208 426
79 962
477 837
17 1000
15 512
496 544
2 249
131 958
225 341
648 656
338 921
265 998
199 749
108 872
634 937
106 925
191 471
9 919
45 767
180 973
325 679
446 812
191 853
321 696
231 468
14 992
470 574
646 876
17 621
96 621
574 770
24 212
52 930
263 903
29 991
125 393
805 983
310 527
680 961
68 492
348 797
456 906
877 940
1 999
451 854
543 986
250 967
255 331
88 885
405 445
272 605
26 95
112 480
332 979
8 960
358 607
2 996
608 785
51 997
85 963
97 990
57 901
161 554
221 514
128 686
501 718
592 911
142 986
542 632
7 872
70 870
81 926
470 805
594 961
716 965
123 753
670 688
422 789
90 911
288 458
233 659
18 236
252 933
103 782
100 710
267 376
764 901
95 387
479 722
239 915
764 982
61 636
451 912
260 937
29 949
152 805
213 822
235 473
3 531
33 187
329 975
37 909
201 432
291 910
95 956
266 813
102 951
105 987
20 987
65 811
303 978
226 938
194 963
107 739
67 996
97 906
239 932
636 891
36 431
577 673
799 887
39 725
239 551
260 871
188 979
46 939
365 916
340 573
224 660
581 942
274 350
336 859
53 410
18 982
21 944
6 684
119 981
580 902
50 387
324 912
13 889
41 931
209 729
205 890
9 918
85 794
624 670
53 876
10 868
380 776
145 388
261 317
117 348
190 722
542 996
78 143
177 796
618 643
57 646
20 919
445 826
242 327
444 891
940 1000
188 963
353 891
10 991
549 1000
812 906
79 138
105 542
17 979
196 450
360 611
684 728
378 901
239 242
268 404
83 905
238 777
352 971
30 336
63 646
470 666
646 848
68 963
307 886
264 415
18 955
93 374
412 997
302 821
447 538
508 594
1 997
85 662
361 999
58 975
336 913
273 963
426 963
831 966
6 886
76 765
652 922
55 979
249 275
475 502
347 849
23 106
378 997
272 957
104 611
133 517
172 762
6 932
148 860
309 819
434 495
93 812
44 932
58 984
20 144
617 818
139 835
252 833
14 993
229 895
688 993
1 1000
505 945
21 978
263 616
236 985
35 942
19 376
42 924
90 532
216 506
70 634
153 874
138 563
499 548
135 853
47 830
574 838
100 919
290 451
554 996
268 789
171 740
169 894
326 624
157 972
285 554
121 869
191 918
48 447
218 419
168 830
19 565
96 891
135 415
321 683
558 611
535 621
309 946
137 237
21 361
701 790
629 761
365 502
185 707
3 620
223 959
602 616
26 1000
463 905
295 548
70 888
59 565
59 351
322 431
260 572
175 944
646 898
542 838
71 961
658 750
38 889
149 958
373 686
169 856
3 903
11 945
200 935
270 475
592 976
123 539
65 997
239 444
221 820
32 315
178 986
10 945
63 369
693 849
66 949
507 863
1 851
180 950
173 789
42 765
796 950
208 289
363 484
282 967
8 899
4 586
25 802
115 468
157 911
13728553 463059416 463059416 463059416 463059416 463059416 463059416 585158663 585158663 585158663 662097112 662097112 662097112 662097112 662097112 890222460 890222460 733983192 733983192 733983192 292322654 922775070 443605810 443605810 443605810 762370222 762370222 762370222 762370222 762370222 762370222 762370222 435696823 394875820 394875820 394875820 394875820 394875820 394875820 394875820 134104378 134104378 740067186 740067186 740067186 740067186 740067186 740067186 740067186 635612109 635612109 635612109 635612109 105502388 105502388 105502388 105502388 105502388 105502388 105502388 122420323 250661520 250661520 250661520 250661520 250661520 866029143 866029143 866029143 866029143 866029143 866029143 831730381 831730381 831730381 831730381 831730381 831730381 542702192 733204362 134864668 134864668 134864668 958789550 958789550 878568837 878568837 164328188 164328188 164328188 164328188 164328188 164328188 115560503 115560503 115560503 115560503 115560503 115560503 115560503 213740528 213740528 213740528 213740528 213740528 274748664 274748664 274748664 274748664 274748664 274748664 647128288 4005741 4005741 4005741 4005741 4005741 4005741 4005741 4005741 898378512 898378512 898378512 898378512 898378512 898378512 898378512 898378512 898378512 898378512 898378512 396496315 396496315 396496315 998084183 998084183 998084183 998084183 998084183 998084183 728346490 348297574 348297574 805140453 805140453 805140453 805140453 805140453 805140453 805140453 189077486 189077486 189077486 144255071 144255071 144255071 144255071 144255071 144255071 144255071 932528688 932528688 932528688 932528688 932528688 932528688 306426856 306426856 306426856 306426856 306426856 436097550 579491619 579491619 579491619 579491619 277562454 167751608 167751608 167751608 167751608 447499734 126411191 295762113 295762113 295762113 726327829 175797497 175797497 175797497 175797497 513838456 513838456 513838456 513838456 513838456 513838456 513838456 513838456 513838456 513838456 276040757 276040757 276040757 276040757 276040757 276040757 276040757 276040757 276040757 276040757 276040757 134302267 134302267 134302267 727051777 663158749 663158749 663158749 663158749 566832054 566832054 566832054 566832054 566832054 566832054 566832054 566832054 565121637 565121637 565121637 565121637 565121637 565121637 950888431 950888431 162762352 162762352 162762352 162762352 162762352 162762352 162762352 162762352 83419770 83419770 187642735 187642735 187642735 187642735 187642735 413075617 83955148 83955148 83955148 83955148 83955148 895517290 895517290 632633873 809265378 656583396 656583396 971776981 971776981 971776981 971776981 415807846 415807846 415807846 216221279 216221279 216221279 216221279 216221279 216221279 216221279 216221279 216221279 216221279 480169615 480169615 480169615 480169615 480169615 480169615 480169615 480169615 480169615 480169615 983665534 81081850 206205459 206205459 206205459 206205459 616517408 616517408 616517408 616517408 653942613 653942613 653942613 546551402 546551402 546551402 546551402 546551402 546551402 546551402 546551402 165744599 165744599 165744599 165744599 165744599 165744599 165744599 165744599 165744599 165744599 165744599 165744599 165744599 165744599 174023800 174023800 249545158 249545158 249545158 249545158 249545158 249545158 249545158 249545158 249545158 249545158 249545158 832334964 832334964 832334964 452728940 740389539 740389539 740389539 740389539 740389539 740389539 613457632 613457632 847499868 930016981 930016981 466573303 466573303 34230188 34230188 34230188 835478215 835478215 959792626 198227528 545128367 545128367 545128367 545128367 545128367 162869946 162869946 760039237 760039237 215915471 215915471 135636511 135636511 135636511 135636511 135636511 135636511 135636511 135636511 146461068 146461068 146461068 146461068 146461068 928977348 928977348 928977348 928977348 928977348 928977348 969379961 969379961 969379961 969379961 969379961 969379961 969379961 969379961 969379961 969379961 969379961 969379961 969379961 969379961 969379961 969379961 969379961 969379961 350364599 127754139 310609357 310609357 310609357 310609357 310609357 310609357 310609357 310609357 650225738 177347154 177347154 10621572 10621572 10621572 10621572 40286358 40286358 40286358 379422263 379422263 379422263 379422263 777894556 777894556 777894556 777894556 777894556 777894556 777894556 119776668 183106778 183106778 183106778 183106778 183106778 183106778 183106778 183106778 183106778 335230890 734353244 734353244 734353244 734353244 734353244 734353244 734353244 734353244 734353244 138173017 138173017 138173017 138173017 138173017 448551433 448551433 448551433 325846290 325846290 325846290 325846290 809724116 809724116 809724116 809724116 809724116 809724116 975587195 975587195 977404802 977404802 977404802 977404802 977404802 977404802 977404802 977404802 977404802 301847197 301847197 640290428 640290428 640290428 640290428 585145952 585145952 585145952 585145952 207575570 604075589 604075589 604075589 604075589 604075589 604075589 604075589 604075589 821171193 196243701 196243701 20564148 20564148 20564148 20564148 20564148 20564148 20564148 20564148 811507253 811507253 811507253 811507253 531435523 531435523 531435523 531435523 531435523 531435523 410467438 410467438 410467438 410467438 410467438 410467438 410467438 410467438 410467438 410467438 852496354 852496354 852496354 852496354 852496354 852496354 852496354 852496354 852496354 852496354 690205827 58102669 58102669 58102669 58102669 58102669 58102669 634574850 634574850 634574850 68654394 57019646 57019646 57019646 57019646 909853059 909853059 909853059 909853059 909853059 138803911 290215227 290215227 290215227 290215227 290215227 290215227 606963301 606963301 606963301 606963301 606963301 606963301 606963301 697557916 697557916 697557916 697557916 697557916 697557916 697557916 576108702 576108702 576108702 576108702 576108702 576108702 1833466 1833466 1833466 1833466 1833466 1833466 1833466 1833466 1833466 1833466 1833466 1833466 1833466 314976524 314976524 314976524 314976524 314976524 746913403 746913403 746913403 746913403 746913403 497520491 890598857 890598857 890598857 7308417 7308417 7308417 7308417 7308417 7308417 442781714 743993283 743993283 743993283 743993283 743993283 743993283 743993283 743993283 743993283 743993283 743993283 743993283 743993283 743993283 99272896 99272896 99272896 99272896 99272896 99272896 99272896 99272896 99272896 448461251 448461251 448461251 448461251 448461251 448461251 582233862 471187406 471187406 471187406 471187406 471187406 471187406 471187406 471187406 471187406 257130589 448685472 448685472 448685472 448685472 448685472 448685472 448685472 448685472 448685472 15456931 15456931 224423144 224423144 224423144 224423144 224423144 224423144 224423144 224423144 224423144 224423144 224423144 224423144 224423144 224423144 224423144 224423144 224423144 224423144 730484005 730484005 730484005 730484005 730484005 48110280 48110280 48110280 259315278 946985251 593760340 593760340 593760340 593760340 593760340 593760340 593760340 437070451 437070451 437070451 324121230 324121230 324121230 324121230 324121230 324121230 324121230 324121230 324121230 825106020 825106020 973769806 608098794 608098794 608098794 608098794 299875946 858405132 858405132 858405132 560196407 126680981 126680981 126680981 515843611 515843611 515843611 453683545 453683545 20750415 317459799 409005387 409005387 409005387 409005387 409005387 409005387 409005387 215183247 215183247 850746718 719209931 719209931 719209931 719209931 719209931 719209931 719209931 130152307 130152307 469734528 469734528 469734528 469734528 257243556 257243556 257243556 257243556 758952648 758952648 758952648 758952648 758952648 758952648 758952648 758952648 758952648 758952648 758952648 758952648 179501980 179501980 179501980 483038136 483038136 483038136 483038136 447724359 447724359 714537776 308151540 62184271 62184271 62184271 921362347 921362347 921362347 921362347 921362347 921362347 921362347 921362347 921362347 921362347 317125687 317125687 317125687 317125687 317125687 317125687 467316316 467316316 467316316 467316316 467316316 467316316 467316316 467316316 467316316 467316316 255408615 200927996 505193132 505193132 505193132 505193132 505193132 404317133 404317133 404317133 404317133 404317133 404317133 404317133 404317133 404317133 404317133 404317133 404317133 404317133 404317133 404317133 262324020 262324020 262324020 262324020 262324020 262324020 262324020 262324020 262324020 262324020 262324020 262324020 262324020 262324020 262324020 262324020 262324020 262324020 262324020 762531478 106876091 106876091 667895679 667895679 667895679 667895679 667895679 667895679 667895679 667895679 502695714 502695714 502695714 502695714 502695714 502695714 502695714 502695714 502695714 502695714 823558797 823558797 226180331 226180331 226180331 226180331 226180331 226180331 134997448 134997448 134997448 134997448 134997448 411796070 411796070 411796070 411796070 203654407 795894973 795894973 795894973 608543624 608543624 608543624 608543624 608543624 608543624 143261604 143261604 143261604 143261604 143261604 143261604 143261604 143261604 143261604 143261604 143261604 143261604 143261604 143261604 765026632 969594503 969594503 969594503 969594503 969594503 969594503 477956761 477956761 477956761 477956761 477956761 904076604 904076604 904076604 904076604 904076604 966894280 201122547 201122547 201122547 201122547 587480216 23109989 23109989 23109989 23109989 692568603 252103987 16809889 16809889 16809889 16809889 16809889 16809889 16809889 16809889 16809889 16809889 16809889 16809889 16809889 16809889 16809889 16809889 16809889 16809889 16809889 16809889 385837754 385837754 224419112 333592587 333592587 333592587 333592587 333592587 767474346 767474346 524373178 524373178 524373178 524373178 524373178 524373178 524373178 524373178