1000 1000
112 823
115 586
358 770
7 993
395 735
517 808
197 955
160 947
9 970
112 706
23 834
325 770
145 237
10 601
90 404
380 690
536 993
432 523
311 535
7 651
18 996
179 904
3 999
153 630
318 976
348 920
598 981
154 854
65 987
340 883
476 979
34 972
420 667
120 989
319 453
684 859
76 780
83 828
230 563
20 433
272 628
535 966
331 927
34 992
289 700
61 121
50 980
542 933
127 947
659 826
819 820
137 894
578 995
145 502
282 820
311 863
251 654
176 716
729 788
207 924
25 945
307 601
597 956
482 667
799 938
87 124
744 801
451 486
377 499
100 947
582 607
455 752
85 611
6 276
152 679
92 699
498 743
123 525
31 912
48 762
910 951
43 91
105 729
37 550
293 539
67 438
136 988
306 946
550 708
197 921
677 794
139 986
434 779
736 910
599 709
174 229
258 283
68 980
478 642
344 867
257 709
128 771
652 834
39 364
155 734
425 605
182 945
271 609
341 652
388 981
655 929
2 949
738 925
181 915
32 825
39 644
410 892
43 893
7 999
460 845
74 418
286 863
142 195
238 887
833 886
226 512
76 991
663 670
156 865
197 942
119 514
358 993
366 699
736 807
498 685
408 867
13 710
1 965
263 268
586 980
547 653
390 430
185 517
137 949
630 873
504 542
641 829
792 938
385 848
812 870
303 621
563 846
126 719
54 614
184 487
556 710
222 829
16 969
116 785
192 972
179 519
153 451
377 762
36 1000
170 747
71 929
154 995
42 343
45 838
335 520
19 996
269 956
99 637
132 910
551 686
741 925
39 964
304 742
293 380
8 548
1 669
194 985
273 887
13 901
122 852
374 416
618 920
108 782
384 911
400 619
517 853
8 752
450 962
1 993
438 959
178 300
453 689
518 704
10 974
297 666
358 727
105 952
127 715
400 906
280 368
583 766
149 799
517 922
209 991
294 715
124 344
80 724
83 928
496 866
515 774
168 830
300 984
189 882
660 866
70 423
214 334
484 533
287 985
300 534
17 930
422 643
325 473
363 991
415 475
393 677
146 185
248 870
3 998
468 808
905 966
102 723
119 899
97 857
37 213
456 537
550 702
323 730
45 843
188 892
239 816
247 695
30 972
334 967
36 919
670 766
79 891
295 790
7 563
400 988
32 964
168 962
383 551
53 690
47 984
103 177
699 905
312 500
397 811
18 921
7 439
2 998
587 793
79 595
40 276
360 675
30 973
225 724
320 920
221 832
178 417
26 522
44 275
250 859
297 935
422 691
9 119
271 910
197 860
65 660
194 677
213 631
63 899
60 309
66 948
315 395
72 973
16 953
82 884
12 989
2 992
88 711
158 716
158 260
41 914
69 249
117 430
101 999
89 789
57 413
55 718
130 942
241 822
122 873
193 706
47 727
429 777
63 535
420 629
97 346
664 871
73 958
347 641
745 917
36 766
560 597
110 903
132 266
536 624
607 806
497 861
812 873
21 770
368 380
124 970
213 823
530 822
294 689
67 499
63 971
41 452
157 218
678 812
138 757
87 595
5 480
562 708
237 615
67 766
97 915
75 803
90 787
18 999
120 962
315 998
198 539
328 879
350 726
176 189
159 695
414 634
219 249
45 241
63 837
492 809
6 885
241 883
50 663
658 777
347 473
170 854
82 953
164 668
103 885
49 567
9 917
413 636
43 799
49 634
525 809
392 820
168 949
33 944
264 790
501 554
104 687
2 941
78 924
523 598
266 906
307 779
107 995
128 784
531 999
15 811
64 123
27 588
202 893
259 334
168 855
51 962
347 761
18 717
648 878
9 989
152 311
59 953
164 635
440 845
181 898
98 705
637 788
227 995
478 618
127 352
609 909
384 775
125 928
590 860
105 505
47 977
34 586
338 779
580 706
358 585
154 518
147 447
43 845
1 987
42 879
434 943
47 803
514 987
649 955
127 710
878 932
579 859
373 732
279 846
85 200
138 828
317 728
375 463
786 930
208 945
161 642
42 750
15 911
19 946
259 429
6 552
348 765
141 928
915 975
261 917
278 785
138 732
36 993
98 907
397 521
475 721
221 925
243 914
25 795
82 834
1 991
408 695
640 915
245 868
6 991
24 336
24 964
429 964
82 987
72 940
395 783
376 695
281 715
771 912
172 978
325 990
285 650
194 620
440 735
10 863
620 818
733 801
8 995
63 351
38 832
225 930
177 825
29 978
709 812
608 844
133 730
331 879
189 223
581 803
251 366
396 531
58 877
159 959
30 583
494 609
25 833
128 636
43 868
81 687
92 985
101 232
164 385
24 574
61 943
113 968
765 799
452 716
52 993
759 926
82 976
23 948
40 316
727 895
222 929
536 957
436 1000
96 165
88 986
11 984
244 999
71 953
72 899
277 578
109 616
12 944
29 434
357 549
131 658
592 796
603 833
126 710
130 634
524 865
59 500
402 940
121 562
63 836
77 926
694 792
445 979
469 906
548 707
35 291
611 945
244 987
103 736
85 764
103 957
2 598
278 952
41 753
91 974
325 954
854 972
108 587
360 507
115 880
205 818
746 853
614 638
686 765
396 807
2 931
195 342
366 889
511 958
370 912
47 656
90 737
90 173
473 862
466 538
529 788
563 832
96 583
9 939
56 774
185 452
335 716
237 881
900 974
423 847
1 999
18 969
24 986
407 876
476 891
284 783
580 727
23 969
580 704
52 892
64 538
9 973
13 898
499 501
39 988
785 894
186 606
45 289
310 660
173 917
131 800
87 671
597 867
132 779
67 775
120 363
353 630
63 825
267 938
180 801
34 631
61 856
96 776
264 569
325 961
135 932
328 898
10 494
245 434
179 346
108 130
75 799
132 962
598 690
1 998
4 986
558 681
398 575
109 922
45 198
277 282
77 547
222 621
58 926
453 633
373 907
104 886
291 869
337 341
167 624
107 831
368 953
278 692
365 890
6 979
632 972
97 414
129 982
65 169
786 851
404 745
15 1000
178 840
123 956
161 918
43 985
559 611
272 576
228 446
289 912
52 788
908 976
121 897
60 685
154 320
170 984
387 887
352 501
209 431
2 1000
67 943
257 913
93 896
649 921
309 859
100 567
170 215
476 503
63 912
197 598
415 594
270 766
30 905
305 728
31 971
50 991
9 874
142 865
218 942
296 824
325 640
177 760
35 983
332 437
170 942
28 992
11 823
176 922
267 912
475 932
296 843
69 814
299 778
68 971
249 834
349 567
40 665
226 1000
171 745
26 950
2 997
330 781
89 862
561 689
645 949
19 986
149 541
161 973
700 797
87 766
471 681
135 973
43 894
75 800
532 657
39 984
132 236
58 887
90 999
463 856
385 815
158 986
29 442
45 974
387 599
532 728
416 888
248 583
552 970
36 925
470 710
406 460
61 973
314 546
297 435
153 929
86 268
516 841
45 692
166 529
246 457
221 973
156 911
44 781
5 805
199 756
19 840
21 998
244 288
14 900
184 693
20 966
105 937
420 968
597 971
455 544
236 767
181 851
205 894
171 753
38 894
14 575
182 512
507 539
863 886
389 921
4 977
237 799
265 990
33 362
368 919
701 874
10 175
331 999
258 303
184 989
310 966
70 722
2 999
62 997
7 975
459 791
4 996
177 998
66 888
185 988
45 901
61 695
68 907
26 924
284 543
15 413
157 859
123 234
58 422
96 869
634 651
25 925
323 878
368 674
12 928
299 549
506 712
616 983
252 845
28 926
255 691
210 917
283 535
579 913
47 1000
69 976
522 549
310 861
37 991
14 218
602 807
23 819
168 962
109 978
164 883
467 966
64 876
34 835
79 789
325 964
404 681
120 430
257 972
4 729
15 928
371 846
11 115
373 837
258 456
5 978
4 998
635 924
155 522
867 884
23 981
92 952
681 962
621 701
484 898
466 689
12 392
88 110
233 904
628 933
74 309
628 868
563 870
81 835
250 543
545 863
379 971
338 813
120 807
136 543
67 965
489 760
137 792
209 905
72 1000
614 939
5 986
237 364
114 970
240 794
326 994
195 968
259 996
284 758
73 962
384 896
21 998
49 953
154 986
149 712
196 584
416 994
11 871
189 870
91 537
503 641
242 570
451 977
594 648
249 853
129 844
399 876
207 978
36 928
69 943
88 963
524 829
85 743
420 522
624 809
37 97
222 678
235 779
24 521
65 871
171 951
356 595
450 849
89 824
518 621
112 870
31 684
283 419
113 537
53 998
203 439
60 734
143 739
36 694
4 974
268 676
363 391
189 925
352 529
287 567
599 722
359 855
330 596
1 979
396 960
57 764
393 996
455 578
285 369
213 327
27 982
15 881
434 658
41 837
72 997
352 385
178 837
2 881
39 743
119 675
139 807
35 952
384 816
2 997
936 940
3 998
50 723
194 898
570 584
180 403
123 813
327 889
51 951
570 859
11 491
253 808
136 678
691 889
111 986
470 834
61 980
401 770
86 892
313 412
17 702
424 813
63 293
75 690
24 985
522 807
67 92
88 92
387 682
388 669
388 704
176 530
211 586
712 806
31 964
980989975 687144004 687144004 687144004 24529515 24529515 24529515 24529515 24529515 24529515 24529515 24690782 24690782 958460672 958460672 860439750 860439750 860439750 860439750 860439750 744742409 298187436 298187436 298187436 298187436 298187436 298187436 298187436 298187436 298187436 240040105 95821396 95821396 500600414 500600414 500600414 500600414 500600414 500600414 500600414 591874293 591874293 591874293 591874293 591874293 591874293 591874293 591874293 591874293 591874293 591874293 837517712 837517712 837517712 837517712 837517712 101915357 101915357 101915357 101915357 181160386 181160386 181160386 181160386 181160386 181160386 181160386 181160386 181160386 181160386 294291578 294291578 294291578 642894023 642894023 642894023 642894023 642894023 642894023 642894023 642894023 279872045 962453024 962453024 962453024 962453024 962453024 962453024 962453024 962453024 715806548 715806548 715806548 715806548 715806548 715806548 715806548 715806548 715806548 715806548 715806548 715806548 715806548 715806548 1492120 1492120 1492120 1492120 1492120 44478910 44478910 44478910 44478910 156285244 156285244 156285244 156285244 156285244 493384519 773580202 508953739 508953739 508953739 508953739 508953739 508953739 508953739 508953739 508953739 174419580 247226731 247226731 247226731 247226731 145078534 145078534 145078534 145078534 145078534 396837345 396837345 396837345 396837345 156993146 156993146 156993146 156993146 156993146 156993146 156993146 999559356 999559356 999559356 999559356 347075250 507081980 507081980 507081980 507081980 507081980 700587266 274321148 274321148 274321148 274321148 274321148 274321148 274321148 219220201 219220201 278720571 278720571 278720571 278720571 278720571 278720571 673335671 673335671 673335671 673335671 455494977 455494977 455494977 455494977 455494977 455494977 455494977 455494977 455494977 455494977 164622607 164622607 164622607 164622607 164622607 164622607 164622607 252404226 252404226 252404226 252404226 252404226 252404226 252404226 252404226 252404226 252404226 252404226 252404226 252404226 252404226 252404226 975817142 975817142 975817142 240511831 240511831 240511831 240511831 973305111 973305111 273424415 273424415 906795121 906795121 906795121 906795121 906795121 906795121 906795121 906795121 599491707 599491707 599491707 599491707 599491707 579223817 579223817 579223817 579223817 579223817 732015817 732015817 732015817 732015817 935049704 935049704 935049704 935049704 935049704 569424343 569424343 569424343 569424343 569424343 569424343 569424343 569424343 569424343 569424343 677716845 223114061 223114061 223114061 223114061 223114061 223114061 223114061 223114061 223114061 223114061 223114061 223114061 223114061 223114061 223114061 223114061 223114061 223114061 876142622 876142622 876142622 209022870 209022870 209022870 209022870 209022870 209022870 209022870 209022870 43292565 43292565 763592082 763592082 763592082 763592082 763592082 763592082 763592082 435462192 435462192 536779829 536779829 536779829 536779829 536779829 536779829 536779829 536779829 536779829 536779829 536779829 686844424 41062033 41062033 41062033 41062033 41062033 41062033 41062033 350525793 285301308 285301308 285301308 285301308 285301308 285301308 285301308 285301308 285301308 28488447 28488447 28488447 728958662 728958662 728958662 728958662 728958662 728958662 728958662 728958662 728958662 18869541 808163710 808163710 808163710 808163710 808163710 808163710 808163710 483010953 483010953 483010953 368813438 368813438 368813438 368813438 368813438 368813438 368813438 598674713 598674713 598674713 598674713 598674713 598674713 196493044 196493044 196493044 196493044 283121243 283121243 468703079 468703079 468703079 514939791 514939791 159550016 159550016 159550016 587974881 467486284 795727131 795727131 757711439 410095072 410095072 410095072 410095072 410095072 410095072 124782393 124782393 124782393 124782393 124782393 124782393 124782393 124782393 124782393 124782393 124782393 413566629 413566629 413566629 938210557 938210557 938210557 938210557 938210557 938210557 938210557 938210557 653049898 383775272 212695997 212695997 212695997 212695997 212695997 212695997 212695997 212695997 212695997 212695997 212695997 212695997 212695997 386746382 386746382 386746382 542837890 542837890 880716967 880716967 880716967 398703360 398703360 398703360 398703360 398703360 370758570 370758570 370758570 370758570 370758570 370758570 370758570 370758570 370758570 370758570 370758570 370758570 370758570 370758570 370758570 370758570 370758570 370758570 370758570 948288531 948288531 948288531 948288531 948288531 948288531 948288531 948288531 948288531 948288531 948288531 948288531 948288531 948288531 948288531 401555253 401555253 401555253 401555253 401555253 401555253 401555253 318020549 318020549 50476780 50476780 50476780 50476780 856503313 856503313 856503313 856503313 856503313 856503313 856503313 856503313 856503313 856503313 856503313 856503313 856503313 856503313 856503313 856503313 856503313 856503313 856503313 856503313 856503313 856503313 856503313 367417894 367417894 367417894 367417894 367417894 367417894 367417894 367417894 367417894 667137976 667137976 893160057 893160057 893160057 893160057 893160057 384854655 384854655 384854655 384854655 384854655 562412126 562412126 562412126 562412126 562412126 562412126 96179426 96179426 528411093 262666702 262666702 262666702 262666702 262666702 262666702 262666702 262666702 262666702 262666702 262666702 713440135 713440135 896741290 896741290 479556056 67044081 67044081 898846613 934835815 263872716 121653800 121653800 121653800 121653800 121653800 121653800 121653800 121653800 634771830 634771830 993955490 993955490 18294422 18294422 18294422 18294422 18294422 18294422 425317164 425317164 425317164 425317164 425317164 425317164 425317164 425317164 425317164 425317164 799697526 799697526 799697526 799697526 799697526 799697526 799697526 799697526 799697526 799697526 212342684 817376012 817376012 817376012 817376012 817376012 817376012 817376012 817376012 817376012 379168101 379168101 379168101 379168101 379168101 102278285 102278285 102278285 102278285 102278285 102278285 102278285 102278285 214501014 668272100 555650571 555650571 555650571 555650571 555650571 555650571 555650571 555650571 555650571 555650571 555650571 555650571 555650571 555650571 527304104 527304104 394262827 394262827 43926941 43926941 43926941 43926941 43926941 43926941 43926941 43926941 43926941 518746937 518746937 518746937 518746937 155695375 155695375 155695375 66537305 66537305 66537305 66537305 63246979 162258858 162258858 162258858 162258858 162258858 162258858 676113232 676113232 676113232 676113232 676113232 676113232 676113232 676113232 676113232 676113232 883593941 903810811 903810811 903810811 903810811 903810811 903810811 903810811 903810811 903810811 903810811 332012172 332012172 332012172 332012172 663960088 663960088 663960088 663960088 663960088 663960088 663960088 663960088 663960088 663960088 663960088 663960088 663960088 663960088 663960088 663960088 663960088 663960088 663960088 663960088 663960088 663960088 663960088 663960088 663960088 663960088 663960088 663960088 663960088 663960088 185198521 398875596 398875596 144525411 144525411 46310053 46310053 46310053 46310053 46310053 46310053 46310053 46310053 46310053 46310053 159636103 533904789 533904789 876061606 156067578 156067578 156067578 156067578 156067578 156067578 156067578 438872263 620075891 620075891 620075891 620075891 620075891 480780868 480780868 480780868 480780868 480780868 480780868 480780868 898200604 690409542 690409542 690409542 690409542 690409542 837997727 837997727 535236945 285044674 285044674 716972207 716972207 716972207 716972207 716972207 716972207 716972207 716972207 716972207 716972207 716972207 659029326 659029326 659029326 659029326 659029326 659029326 521545430 521545430 824388678 824388678 824388678 824388678 824388678 824388678 501539210 615372124 132724023 132724023 132724023 132724023 132724023 132724023 132724023 132724023 132724023 838370995 838370995 838370995 838370995 838370995 838370995 838370995 838370995 838370995 838370995 838370995 838370995 838370995 838370995 602216755 602216755 602216755 602216755 602216755 63384723 63384723 63384723 806137315 806137315 806137315 806137315 189174228 189174228 588492461 588492461 588492461 280508480 280508480 170845671 170845671 239793868 620670156 620670156 745505934 745505934 745505934 323415833 323415833 323415833 780934208 780934208 780934208 780934208 780934208 271111694 271111694 271111694 271111694 271111694 815336254 815336254 815336254 815336254 815336254 815336254 815336254 815336254 815336254 815336254 717494543 717494543 717494543 717494543 717494543 717494543 717494543 717494543 717494543 717494543 613184986 613184986 374670058 248285935 617439353 722645566 722645566 722645566 722645566 722645566 722645566 722645566 722645566 722645566 722645566 261436297 261436297 261436297 261436297 261436297 43625685 43625685 121422109 121422109 121422109 478858171 478858171 478858171 478858171 478858171 478858171 478858171 478858171 478858171 478858171 478858171 300932668 300932668 300932668 300932668 300932668 997899783 997899783 997899783 997899783 19755835 829992281 829992281 419268106 419268106 419268106 419268106 419268106 419268106 419268106 590308526 590308526 590308526 839872146 839872146 839872146 839872146 839872146 839872146 839872146 760391481 760391481 642784389 642784389 642784389 642784389 642784389 751208658 751208658 751208658 738111516 738111516 738111516 738111516 738111516 738111516 738111516 738111516 738111516 738111516 738111516 717583551 717583551 717583551 717583551 717583551 717583551 717583551 717583551 717583551 717583551 717583551 717583551 717583551 717583551 717583551 796652837 796652837 796652837 796652837 796652837 572798550 572798550 572798550 572798550 572798550 572798550 572798550 572798550 572798550