1000 1000
365 980
14 580
382 494
68 856
130 991
193 317
10 648
12 780
720 784
260 379
647 994
225 713
209 996
286 396
377 944
35 902
114 759
691 869
302 402
67 346
64 923
11 969
374 905
135 859
84 759
52 510
145 179
32 197
195 638
710 749
7 630
319 619
22 732
143 912
215 385
49 785
264 480
154 939
105 786
93 765
144 587
158 955
19 846
429 945
327 970
210 639
24 558
318 873
202 970
181 935
306 515
288 888
590 933
26 380
23 987
126 876
586 928
107 589
54 814
422 853
2 997
380 822
248 484
79 521
164 318
5 989
216 874
83 923
391 973
234 950
318 610
155 619
5 996
182 914
67 798
177 538
10 925
745 864
229 947
20 971
1 991
405 920
292 800
391 595
177 860
59 987
307 969
242 904
19 656
233 614
59 736
208 917
431 888
89 835
18 994
299 985
134 625
266 711
165 735
188 764
183 391
78 599
483 727
678 709
324 886
105 665
106 925
9 948
266 274
12 150
3 935
27 204
195 316
341 625
453 891
131 882
42 839
219 932
20 791
149 830
103 651
20 424
930 971
586 799
843 872
298 976
158 680
234 547
23 933
136 974
638 998
172 776
103 924
52 639
624 814
284 560
159 896
122 621
101 166
208 683
596 682
433 966
627 627
251 534
408 574
22 965
76 985
37 209
31 501
49 902
197 950
173 901
538 812
1 958
87 712
559 895
298 556
146 947
653 687
585 953
247 961
308 400
269 593
150 892
363 820
725 893
36 906
93 834
142 950
60 533
623 856
30 784
307 588
98 617
58 825
220 874
678 988
532 850
58 895
85 425
2 946
24 966
87 459
51 933
7 995
619 873
200 988
556 805
38 783
78 727
234 831
103 904
294 739
130 998
622 645
24 843
127 880
32 989
340 747
128 924
178 815
144 273
492 987
272 952
20 822
160 638
104 609
262 600
11 980
54 179
146 245
77 922
474 609
51 865
61 980
548 953
68 378
74 457
34 842
23 913
647 963
101 643
222 813
493 911
802 869
61 961
630 903
17 935
74 254
28 815
287 837
653 992
345 735
315 901
88 247
105 965
123 897
597 738
214 761
76 570
45 979
554 629
77 943
454 971
10 965
250 553
267 406
374 730
13 997
321 713
510 688
46 724
76 682
167 711
14 967
65 969
24 756
328 829
113 923
605 905
2 969
79 727
86 866
495 639
259 677
42 880
404 531
696 776
79 969
888 958
52 562
3 967
503 911
164 965
611 651
453 919
5 900
714 743
31 610
411 796
71 334
702 737
27 998
351 909
397 528
50 924
253 572
488 930
718 838
60 941
868 935
656 729
28 369
256 333
99 858
364 813
123 783
154 753
92 806
47 945
507 599
299 451
436 839
81 991
494 948
800 801
405 678
390 888
233 949
140 525
565 822
151 996
367 628
107 824
27 144
31 845
261 857
515 581
70 931
112 923
194 260
43 763
37 772
28 912
89 423
101 635
423 490
72 580
650 782
114 745
186 958
90 871
349 358
320 854
463 715
13 930
13 458
108 778
159 765
585 597
76 882
26 953
185 923
81 953
18 358
283 579
54 968
104 912
416 622
224 244
351 976
266 830
457 734
557 744
827 941
97 710
866 948
187 217
424 453
172 952
25 878
90 390
106 915
77 306
47 805
90 835
280 668
89 962
214 479
78 576
31 915
642 717
4 938
113 772
107 229
408 417
311 333
306 828
365 661
330 490
439 820
187 998
448 927
310 803
63 895
605 624
32 983
48 919
80 718
52 683
21 356
33 544
103 930
256 995
266 809
140 936
391 749
304 542
39 988
111 807
226 769
131 237
2 499
530 667
15 757
116 927
497 537
209 946
146 935
377 826
275 369
169 885
94 897
223 947
304 783
58 271
8 850
251 573
21 586
460 547
13 982
276 927
353 826
39 47
454 539
143 321
166 658
471 877
328 619
2 970
64 897
264 474
166 376
57 411
40 761
198 253
13 989
210 213
7 1000
12 747
220 381
353 804
123 930
837 979
58 741
342 762
3 988
57 948
66 844
736 966
7 980
29 916
22 994
6 962
589 845
27 429
337 559
315 345
601 877
468 737
7 999
4 998
20 1000
494 714
168 498
13 423
102 342
47 923
470 779
207 852
32 684
164 942
55 960
410 747
289 879
144 841
84 412
203 844
354 624
181 939
112 977
105 928
696 856
160 663
250 751
395 407
251 924
390 830
462 808
725 993
78 621
198 692
47 922
528 711
60 925
4 995
108 429
106 317
439 986
155 691
417 974
72 733
56 971
424 486
138 776
720 817
256 957
156 800
81 822
280 886
13 328
287 348
15 656
198 732
66 1000
152 333
19 498
41 536
740 964
536 586
502 517
659 705
40 994
226 812
48 812
430 993
97 154
307 729
4 997
181 828
225 914
176 728
88 807
445 739
349 658
68 687
351 909
199 940
222 245
59 858
174 921
213 937
125 789
681 707
218 474
406 583
143 833
112 363
235 918
120 416
895 964
556 696
107 978
235 751
114 458
116 991
78 830
120 830
29 954
150 947
674 775
607 993
58 270
198 812
3 981
133 705
736 1000
368 565
2 993
466 781
116 507
134 886
146 381
90 845
5 938
48 836
568 933
519 797
131 766
792 891
148 618
245 365
209 778
2 524
27 389
195 401
982 994
89 117
111 367
46 871
268 732
54 919
112 740
444 944
18 252
643 917
68 961
86 894
47 427
171 812
201 639
466 596
347 954
311 888
247 362
11 933
277 978
383 899
549 662
100 889
145 978
73 814
178 862
59 959
521 929
434 937
75 783
341 965
69 672
446 663
182 416
12 119
462 493
121 656
102 978
469 547
446 802
248 993
15 898
8 993
429 542
129 556
21 811
352 564
169 947
66 798
288 809
364 711
54 313
433 972
727 754
308 713
73 525
79 783
55 260
361 546
402 715
181 211
100 220
17 1000
157 922
81 710
98 812
805 873
535 553
179 278
63 953
420 685
493 798
726 913
492 926
294 600
9 958
140 267
29 995
229 933
592 824
385 784
101 293
33 962
155 507
167 472
20 988
226 811
593 977
275 876
86 456
102 592
215 745
363 625
173 456
529 567
861 889
205 783
420 619
190 581
14 619
65 989
284 981
346 877
70 350
227 350
280 997
367 719
157 947
135 961
160 573
771 827
428 770
140 502
402 979
140 225
199 986
242 671
411 616
570 973
17 262
141 436
483 800
112 826
30 891
286 650
13 837
407 890
335 444
18 496
76 587
70 837
582 654
320 979
277 812
17 711
301 897
37 944
409 920
147 655
164 562
95 978
41 557
387 931
680 766
141 801
75 488
139 248
36 412
101 761
531 571
40 978
522 609
603 997
253 940
214 880
3 369
33 891
544 976
663 797
18 158
236 603
17 953
350 966
789 977
572 923
424 746
380 712
344 989
695 986
210 402
327 660
343 898
750 856
180 728
303 585
290 879
85 700
21 473
390 563
208 544
7 962
86 954
237 976
510 608
373 707
40 880
253 526
116 917
168 614
184 456
11 940
711 853
647 813
27 999
13 979
68 722
144 960
20 618
557 884
102 347
263 318
179 935
11 691
59 986
17 917
1 1000
287 870
338 950
135 548
17 991
52 880
306 982
202 708
455 564
835 921
105 331
364 744
231 981
305 906
626 747
248 921
21 999
342 914
91 684
802 909
207 560
118 840
542 948
2 996
190 340
430 857
81 545
27 906
84 185
308 582
362 369
291 839
369 513
418 733
634 716
57 984
88 311
490 679
756 961
210 314
61 701
72 857
132 732
129 400
163 518
13 765
22 969
623 982
672 810
509 974
589 959
183 565
4 995
110 875
335 816
516 907
518 699
417 942
348 561
455 756
124 827
388 591
508 634
28 398
9 989
208 272
511 672
1 132
200 940
654 825
270 833
79 386
87 687
15 996
86 388
30 224
114 600
70 987
9 996
267 381
487 864
358 587
362 824
624 876
9 62
328 865
231 481
62 821
75 963
20 827
626 709
91 957
274 738
193 645
244 686
906 999
52 949
9 993
3 988
35 319
59 61
72 889
196 906
303 552
167 669
310 375
116 997
734 963
256 941
153 743
99 948
221 694
146 672
63 975
340 462
43 446
615 615
286 922
635 679
44 522
108 984
867 975
211 483
85 571
346 969
580 914
10 306
53 956
132 539
197 962
112 718
41 758
55 403
414 736
83 305
459 991
655 971
724 757
345 594
182 362
16 991
514 614
182 293
141 890
71 962
137 812
70 954
68 650
156 797
113 965
21 705
496 763
210 696
56 991
212 632
224 907
252 399
477 800
15 832
24 556
78 721
124 826
160 955
570 570
503 586
183 800
334 623
286 433
41 598
133 992
259 822
50 654
151 571
806 887
542 640
674 833
536 707
8 966
440 596
198 971
54 605
627 778
115 264
73 874
242 637
218 596
581 768
398 603
373 952
315 704
389 761
183 641
496 934
753 988
190 724
92 593
175 490
554 900
659 746
223 766
733 802
446 984
11 929
373 691
219 934
154 874
372 463
260 906
364958030 364958030 104230385 966490132 966490132 966490132 966490132 966490132 966490132 966490132 966490132 966490132 966490132 966490132 966490132 966490132 966490132 535341225 535341225 535341225 976832602 976832602 976832602 679318191 679318191 679318191 163038849 163038849 163038849 163038849 163038849 535239642 445315227 445315227 445315227 445315227 445315227 445315227 445315227 255508209 489231975 769927994 769927994 90229345 899396162 899396162 899396162 899396162 899396162 899396162 804354195 804354195 804354195 804354195 896029231 50598116 50598116 182190106 182190106 182190106 182190106 182190106 182190106 904508376 904508376 904508376 904508376 904508376 904508376 904508376 342981171 342981171 342981171 342981171 342981171 342981171 262308451 262308451 262308451 262308451 262308451 661622825 661622825 661622825 178868593 178868593 178868593 178868593 178868593 178868593 178868593 301834474 301834474 301834474 301834474 301834474 301834474 49855814 49855814 49855814 49855814 68771020 68771020 68771020 68771020 723411461 723411461 723411461 723411461 723411461 724987365 724987365 724987365 724987365 122249022 397662268 418164453 418164453 392856052 392856052 454625762 454625762 780139293 567257422 567257422 567257422 441782552 441782552 441782552 441782552 989388094 989388094 989388094 989388094 989388094 989388094 989388094 989388094 989388094 989388094 989388094 151277031 151277031 738663091 738663091 738663091 738663091 738663091 738663091 738663091 578333354 885422586 109043945 109043945 665336267 665336267 665336267 665336267 665336267 665336267 389184017 389184017 972019249 187734099 187734099 187734099 187734099 187734099 187734099 187734099 187734099 187734099 187734099 187734099 187734099 187734099 187734099 187734099 187734099 187734099 846866489 846866489 846866489 846866489 846866489 846866489 846866489 61606040 61606040 61606040 61606040 61606040 820265396 820265396 345765888 762632956 762632956 762632956 762632956 762632956 762632956 762632956 762632956 762632956 762632956 762632956 762632956 762632956 762632956 762632956 762632956 263316058 263316058 263316058 263316058 263316058 263316058 263316058 263316058 263316058 60352800 60352800 60352800 60352800 60352800 60352800 60352800 60352800 60352800 60352800 718763791 718763791 718763791 644874911 644874911 644874911 644874911 644874911 644874911 644874911 644874911 744759295 744759295 744759295 744759295 744759295 744759295 744759295 744759295 744759295 744759295 986433273 841247335 706982514 706982514 241995241 241995241 241995241 241995241 509651627 95313742 503829930 503829930 309630719 309630719 309630719 309630719 309630719 309630719 309630719 309630719 982389936 982389936 982389936 982389936 982389936 982389936 982389936 575899645 575899645 151901665 151901665 596603939 549522287 784595275 784595275 784595275 784595275 776247308 776247308 776247308 776247308 16650084 16650084 16650084 16650084 86310421 86310421 86310421 86310421 996575067 260787494 260787494 260787494 260787494 260787494 21976888 21976888 21976888 21976888 21976888 21976888 611164464 611164464 611164464 611164464 611164464 611164464 611164464 611164464 611164464 611164464 611164464 611164464 611164464 611164464 835809701 835809701 835809701 835809701 880334707 880334707 880334707 880334707 880334707 879843050 120865954 120865954 120865954 120865954 120865954 120865954 120865954 177983611 177983611 177983611 177983611 283722601 283722601 283722601 283722601 570761070 570761070 570761070 570761070 762380026 762380026 762380026 762380026 762380026 901593106 901593106 529590217 529590217 529590217 529590217 529590217 529590217 529590217 529590217 529590217 529590217 529590217 926782700 926782700 926782700 926782700 926782700 926782700 926782700 926782700 926782700 640746405 640746405 427850665 427850665 427850665 427850665 427850665 427850665 606311752 606311752 606311752 606311752 832136291 832136291 832136291 832136291 832136291 832136291 832136291 832136291 832136291 832136291 832136291 832136291 832136291 832136291 832136291 832136291 832136291 248861348 525944505 393805417 393805417 393805417 393805417 393805417 393805417 393805417 422045663 422045663 422045663 422045663 422045663 422045663 422045663 422045663 422045663 422045663 48939058 48939058 48939058 48939058 48939058 48939058 48939058 48939058 48939058 48939058 875521949 869107433 491298767 491298767 491298767 847736756 847736756 847736756 847736756 847736756 494724312 366846885 366846885 366846885 366846885 949291437 949291437 949291437 949291437 949291437 457750388 457750388 457750388 457750388 457750388 457750388 457750388 587053 587053 587053 587053 635513066 635513066 635513066 635513066 635513066 635513066 635513066 635513066 635513066 661959120 837002218 837002218 837002218 837002218 960470098 589554497 589554497 589554497 589554497 753003329 753003329 753003329 753003329 753003329 753003329 753003329 111685234 111685234 111685234 111685234 111685234 111685234 111685234 111685234 111685234 111685234 111685234 111685234 111685234 111685234 111685234 111685234 111685234 111685234 111685234 111685234 111685234 111685234 111685234 111685234 111685234 111685234 111685234 111685234 111685234 111685234 111685234 983379408 983379408 660365956 35106670 35106670 594875024 868716433 592493655 592493655 592493655 592493655 592493655 592493655 841205581 271769470 271769470 271769470 271769470 271769470 271769470 271769470 869415771 980170028 980170028 958483555 958483555 958483555 958483555 958483555 958483555 990747280 990747280 861542204 861542204 990201093 143551844 143551844 143551844 143551844 143551844 143551844 143551844 143551844 143551844 143551844 143551844 143551844 143551844 143551844 143551844 143551844 143551844 516362391 516362391 516362391 516362391 516362391 516362391 782111386 782111386 782111386 390794098 929156892 929156892 929156892 181944340 181944340 181944340 181944340 181944340 181944340 181944340 132547079 132547079 132547079 132547079 132547079 132547079 132547079 132547079 132547079 132547079 36210655 679279346 679279346 679279346 456691260 456691260 456691260 456691260 456691260 456691260 600681737 369782050 369782050 369782050 369782050 369782050 369782050 369782050 369782050 369782050 181956320 181956320 497501499 516373570 516373570 443069768 443069768 443069768 443069768 443069768 443069768 443069768 443069768 443069768 443069768 443069768 443069768 443069768 888137791 888137791 888137791 867081048 867081048 867081048 867081048 867081048 773418242 773418242 773418242 773418242 773418242 773418242 773418242 773418242 399953649 399953649 399953649 810649997 382001543 382001543 382001543 382001543 382001543 382001543 896800196 896800196 896800196 896800196 896800196 896800196 99049096 99049096 237826564 237826564 237826564 237826564 237826564 237826564 237826564 237826564 237826564 237826564 237826564 84557948 84557948 84557948 84557948 84557948 768729158 768729158 768729158 518233495 518233495 529060269 298280498 298280498 298280498 298280498 298280498 298280498 298280498 298280498 298280498 781403290 781403290 781403290 781403290 781403290 781403290 781403290 781403290 781403290 175300747 175300747 175300747 175300747 175300747 175300747 175300747 175300747 175300747 311539264 311539264 598987089 598987089 598987089 865099870 865099870 235674001 235674001 235674001 213863522 735305042 735305042 809821548 974054942 974054942 974054942 974054942 974054942 974054942 974054942 630707031 456689343 456689343 527222674 527222674 527222674 527222674 527222674 527222674 527222674 101974623 101974623 442424762 442424762 442424762 442424762 442424762 442424762 442424762 850242881 513178066 585429214 585429214 585429214 654047837 654047837 654047837 654047837 935495001 935495001 935495001 935495001 935495001 935495001 935495001 935495001 935495001 935495001 719745983 719745983 65311346 513974597 513974597 513974597 513974597 513974597 513974597 513974597 513974597 603327090 603327090 603327090 99724506 99724506 99724506 275889558 275889558 275889558 275889558 275889558 275889558 275889558 275889558 275889558 275889558 275889558 275889558 157093946 157093946 157093946 157093946 157093946 157093946 157093946 157093946 157093946 157093946 157093946 149323323 149323323 149323323 853377533 12739844 12739844 12739844 12739844 12739844 12739844 12739844 12739844 12739844 12739844 12739844 12739844 12739844 12739844 979756914 979756914 656298240 656298240 656298240 840331223 840331223 840331223 629685240 629685240 629685240 629685240 963274508 963274508 963274508 963274508 963274508 963274508 963274508 963274508 626765640 626765640 132773034 556891900 556891900 556891900 556891900 556891900 556891900 556891900 556891900 890690549 529237719 453280280 453280280 129498209 129498209 129498209 129498209 129498209 129498209 129498209 635995165 635995165 992150057 992150057 992150057 992150057 992150057 992150057 992150057 992150057 122949882 122949882 122949882 122949882 122949882 122949882 122949882 122949882 122949882 122949882 122949882 174094039 174094039 174094039 174094039 820455520 820455520 820455520 820455520 820455520 820455520 872191848 872191848 872191848 872191848 872191848 872191848 872191848 872191848 872191848 872191848 576364325 576364325 576364325 19146791 19146791 19146791 19146791 19146791 19146791 71299121 71299121 71299121 71299121 71299121 71299121 71299121 71299121 71299121 71299121 71299121 619039280 619039280 619039280 619039280 619039280 619039280 619039280 619039280 856481781 146286742 146286742 655645621 317287560 317287560 317287560 317287560 317287560 317287560 243150427 812380512 812380512 812380512 812380512 812380512 812380512 812380512 812380512 812380512 812380512 812380512 812380512 812380512 812380512 812380512 812380512 812380512 812380512 812380512 24522563 24522563 295781010 295781010 295781010 295781010 295781010 295781010 295781010 295781010 295781010