1000 1000
452 982
88 754
790 995
12 777
26 955
2 791
56 283
475 592
379 394
21 975
763 777
118 932
64 692
138 255
8 985
478 946
496 801
364 913
364 924
112 934
25 491
831 845
79 583
399 692
497 978
632 914
290 983
5 958
11 910
760 902
216 262
434 490
17 999
859 979
71 800
78 790
89 849
254 582
51 994
145 801
390 438
426 873
42 589
322 448
286 724
40 688
12 569
118 630
125 357
91 916
60 985
38 1000
402 956
602 640
52 998
89 937
8 782
77 941
135 636
36 787
60 823
288 746
41 269
734 898
242 831
283 846
2 943
252 829
124 389
35 888
707 988
138 664
165 258
66 906
303 711
151 741
115 141
493 509
222 380
397 606
228 661
37 666
516 912
95 631
23 531
296 367
39 633
444 693
392 789
41 102
6 381
5 978
59 913
21 358
32 928
478 544
385 943
274 991
799 893
129 706
64 925
294 560
22 943
13 972
80 540
420 850
403 879
8 894
83 221
72 994
139 894
267 488
19 212
57 525
165 774
84 740
423 446
384 800
101 813
220 839
503 730
45 990
505 853
29 951
382 565
281 313
43 969
105 279
212 386
67 796
25 56
98 962
36 928
153 246
188 651
178 848
233 975
236 835
17 323
417 997
151 862
4 979
416 715
92 785
280 913
659 970
25 807
701 912
303 898
100 902
231 649
104 670
130 863
736 894
278 509
4 955
326 736
130 755
102 730
63 521
134 713
312 921
266 485
120 808
41 852
247 568
466 888
13 655
316 815
55 556
239 247
154 899
262 469
12 586
161 938
3 1000
525 856
278 727
263 721
177 757
79 999
257 276
26 642
76 692
175 946
35 803
137 756
561 964
48 990
168 944
412 729
32 985
197 956
413 954
167 927
351 850
531 694
100 127
512 596
96 798
318 491
518 776
18 988
604 767
84 695
353 866
494 534
231 707
506 890
573 889
322 480
334 720
34 894
57 761
463 787
41 464
2 984
22 995
300 824
69 863
87 686
225 726
125 523
245 660
1 992
174 273
89 652
447 946
4 990
233 457
132 780
169 522
240 725
410 617
57 999
2 939
586 864
254 946
276 828
426 998
94 393
318 621
23 924
17 315
740 834
205 741
240 975
200 986
129 388
101 375
100 549
796 841
50 995
70 857
197 905
39 721
775 833
622 864
65 380
396 885
19 994
76 860
143 955
222 243
70 326
338 805
499 955
141 329
329 591
456 585
428 848
320 509
236 976
792 857
640 775
133 849
275 724
231 822
822 957
147 822
33 640
579 848
208 581
239 906
641 678
186 987
20 978
43 776
45 163
243 780
24 555
531 929
172 849
14 1000
59 858
85 390
239 764
2 939
453 638
27 928
82 997
45 215
311 964
56 934
245 635
388 706
359 440
180 816
186 831
151 623
340 351
413 900
338 649
477 810
22 205
47 344
211 895
460 997
306 754
57 724
446 809
123 636
283 927
565 782
137 852
54 855
383 569
105 188
515 906
565 749
422 739
900 955
625 791
105 402
22 394
675 749
116 982
196 701
66 537
25 904
347 993
48 333
208 477
61 968
221 596
301 620
308 663
137 765
124 736
80 921
221 337
22 967
25 983
42 984
472 604
59 930
201 505
512 512
741 880
36 584
66 908
395 976
24 353
144 851
35 999
161 278
56 781
4 937
246 849
236 851
78 474
394 503
175 867
119 689
176 770
798 964
12 994
94 970
47 528
77 895
795 888
10 897
335 921
427 681
89 517
8 901
168 506
7 718
678 845
688 982
311 405
397 425
16 619
581 822
104 810
621 854
32 953
23 340
32 924
2 987
143 987
313 952
214 725
103 998
14 985
5 992
383 651
38 924
334 908
61 945
367 571
79 838
40 989
247 300
100 939
284 910
75 738
846 998
228 877
181 276
27 988
262 416
226 988
136 401
31 667
401 583
19 949
365 468
458 891
97 829
87 977
211 467
362 968
109 184
1 976
30 336
442 511
111 324
423 899
109 940
199 783
53 170
201 827
38 690
690 952
286 395
574 870
91 655
76 437
288 843
600 735
74 882
116 932
1 484
34 158
388 421
6 996
350 487
58 708
28 602
163 587
92 950
332 860
519 921
241 971
66 246
291 295
16 894
109 429
743 857
310 822
3 949
142 774
7 969
54 611
91 834
4 986
46 856
115 961
120 321
363 523
17 788
128 920
45 667
83 833
255 561
205 775
88 863
35 972
60 739
121 189
248 643
151 491
432 466
93 953
71 841
343 542
401 883
157 459
7 832
112 246
295 494
11 80
258 774
510 715
10 884
523 722
169 511
335 420
9 935
140 566
105 980
486 739
171 962
341 922
91 399
678 921
275 654
552 987
153 774
244 606
246 344
343 549
510 553
127 942
646 794
323 478
366 367
276 950
351 426
129 815
380 702
189 507
121 606
151 988
99 997
352 620
390 441
81 673
104 809
192 952
479 877
185 349
112 989
316 788
181 881
320 991
140 760
414 685
168 243
201 939
204 660
619 984
57 1000
429 928
246 883
59 912
440 559
390 579
1 984
173 790
407 600
242 906
73 567
163 998
542 887
18 774
576 971
482 958
23 994
728 983
176 750
155 982
261 850
663 729
22 998
83 805
186 859
489 842
182 997
121 874
447 551
377 973
557 798
161 549
66 204
16 874
213 789
570 582
77 268
7 278
118 878
333 951
247 771
20 960
127 741
162 498
291 378
180 1000
201 869
587 965
507 542
89 705
541 953
47 449
382 844
696 970
333 634
64 573
337 988
63 630
352 943
20 915
245 679
476 972
51 540
199 985
76 277
86 226
223 837
240 546
14 655
651 845
241 890
284 896
56 893
7 980
543 550
58 964
221 809
40 944
592 975
77 540
581 707
171 553
392 615
14 962
470 956
324 936
269 370
270 854
32 875
204 936
278 898
239 804
628 813
437 979
650 969
185 303
35 960
351 916
93 623
552 696
107 944
330 704
687 958
35 939
686 715
761 963
471 982
569 898
26 910
109 223
27 719
86 754
319 860
34 728
484 795
317 896
396 870
499 835
471 646
161 980
364 948
127 774
566 971
33 984
427 860
6 1000
157 429
119 873
30 994
229 314
286 601
31 853
602 754
117 321
54 114
662 858
243 243
780 945
161 740
371 466
9 977
802 911
94 979
102 986
58 757
450 973
8 320
626 943
53 717
43 792
187 351
9 867
105 869
526 947
9 984
7 453
12 909
40 983
387 953
11 987
283 702
88 994
27 999
355 400
212 290
35 918
77 834
608 933
58 645
43 90
4 999
77 527
256 992
20 869
64 759
50 943
77 381
251 549
6 608
140 880
415 756
159 516
131 701
576 916
289 425
188 869
312 766
251 912
368 863
226 987
317 431
293 705
206 752
123 776
471 761
582 898
193 806
19 268
11 982
46 657
762 935
374 884
80 876
524 555
111 919
56 816
348 905
57 418
56 528
78 592
42 658
25 912
188 831
521 927
699 828
604 876
8 867
490 818
638 855
74 618
389 813
27 954
145 728
139 999
489 807
213 911
20 995
633 910
359 850
324 711
4 997
154 832
74 641
189 591
173 823
908 935
237 944
300 917
522 967
1 998
147 561
48 956
199 709
256 518
109 160
327 949
599 994
219 680
453 972
296 527
331 777
57 709
24 560
603 867
365 621
348 762
179 984
1 795
208 809
805 969
31 411
187 401
672 976
595 771
128 967
15 222
210 862
24 628
211 978
42 899
454 472
126 991
524 893
543 826
199 657
82 928
284 397
362 940
78 870
535 938
312 419
678 986
8 994
288 804
25 837
16 745
392 862
67 957
114 891
8 991
39 850
17 909
13 989
39 648
176 249
483 658
57 610
591 619
259 887
155 885
22 421
352 486
86 793
238 567
29 990
93 492
223 676
775 833
208 305
655 794
95 698
552 964
3 905
384 676
25 860
21 529
507 735
265 837
281 819
451 846
143 876
643 886
71 961
33 676
133 986
68 954
21 822
228 929
158 364
103 107
87 991
31 764
74 973
23 991
35 351
129 972
8 979
41 706
63 906
73 559
43 398
1 996
240 281
149 633
666 670
153 681
620 847
57 979
66 598
50 972
356 894
109 838
9 703
52 207
611 864
39 995
383 805
894 956
612 992
467 873
294 648
192 696
136 660
239 494
720 809
611 780
60 864
215 884
160 406
8 995
70 918
201 978
1 775
246 850
534 900
54 735
725 926
43 950
160 334
112 921
418 693
264 768
83 285
68 701
345 887
679 995
99 953
482 692
700 780
340 859
180 951
26 505
53 983
483 727
337 842
653 827
18 199
192 645
122 997
524 540
173 556
787 831
16 991
669 881
446 814
452 672
150 930
371 796
200 916
88 884
304 315
16 664
168 349
68 760
47 876
71 247
1 551
234 628
374 678
488 948
163 680
242 694
135 919
81 863
460 816
15 993
46 842
479 940
536 752
74 579
15 792
235 327
153 593
581 771
195 749
42 998
2 991
352 372
298 623
19 957
66 984
830 995
148 463
306 817
101 806
204 287
61 360
448451770 121123389 121123389 121123389 121123389 121123389 121123389 121123389 121123389 121123389 121123389 121123389 121123389 425194725 425194725 425194725 425194725 425194725 425194725 425194725 425194725 425194725 37985018 16265935 16265935 16265935 16265935 16265935 16265935 16265935 16265935 16265935 16265935 16265935 16265935 16265935 16265935 16265935 16265935 16265935 16265935 850184304 143985511 143985511 143985511 666925273 666925273 444101693 444101693 444101693 393820994 903504278 903504278 903504278 903504278 903504278 903504278 903504278 903504278 903504278 104333493 741205389 741205389 741205389 707273345 707273345 707273345 450976662 450976662 450976662 450976662 450976662 450976662 450976662 514536085 514536085 514536085 514536085 514536085 514536085 30516197 30516197 30516197 30516197 30516197 30516197 30516197 30516197 30516197 30516197 450281779 199292205 199292205 420798170 690889650 690889650 690889650 698884428 698884428 698884428 698884428 698884428 698884428 698884428 698884428 698884428 698884428 698884428 698884428 698884428 580854950 580854950 266614582 266614582 162676419 162676419 162676419 9032657 9032657 9032657 204616922 204616922 204616922 204616922 204616922 204616922 204616922 204616922 204616922 204616922 204616922 204616922 204616922 204616922 390809834 390809834 390809834 390809834 390809834 390809834 280909214 280909214 280909214 562830561 752506356 423845575 423845575 776334035 776334035 776334035 424831751 927364648 927364648 927364648 927364648 927364648 927364648 927364648 927364648 927364648 927364648 927364648 927364648 878763532 878763532 148327499 148327499 148327499 148327499 148327499 978490468 978490468 978490468 978490468 978490468 978490468 978490468 978490468 978490468 978490468 651026279 173547191 173547191 173547191 173547191 173547191 403223710 403223710 403223710 403223710 785552814 785552814 74338437 74338437 74338437 74338437 74338437 74338437 74338437 74338437 338433677 338433677 91854388 91854388 86763821 86763821 86763821 86763821 86763821 86763821 86763821 86763821 86763821 86763821 612688831 612688831 612688831 612688831 612688831 829481530 829481530 829481530 829481530 829481530 829481530 829481530 829481530 829481530 829481530 829481530 158000085 158000085 158000085 158000085 158000085 770129436 770129436 770129436 770129436 770129436 770129436 770129436 464392980 464392980 464392980 464392980 464392980 464392980 464392980 464392980 464392980 570328780 570328780 533641718 464619945 693947329 693947329 693947329 693947329 693947329 693947329 74503302 74503302 74503302 74503302 74503302 845724857 845724857 845724857 845724857 845724857 845724857 845724857 845724857 845724857 845724857 233079174 233079174 233079174 233079174 481446331 481446331 481446331 513575786 513575786 50016292 895513901 895513901 895513901 895513901 895513901 582156142 582156142 582156142 582156142 610130652 610130652 967656177 967656177 967656177 895951483 895951483 895951483 895951483 895951483 205953003 617670843 617670843 617670843 982792605 982792605 982792605 982792605 49864795 49864795 49864795 49864795 243015141 243015141 243015141 670250759 670250759 670250759 670250759 670250759 670250759 670250759 670250759 670250759 670250759 264182005 805145582 805145582 805145582 805145582 805145582 805145582 805145582 805145582 805145582 805145582 310180856 310180856 310180856 310180856 896194423 896194423 896194423 896194423 896194423 896194423 169150833 904960335 584386070 584386070 584386070 584386070 584386070 584386070 584386070 584386070 584386070 584386070 584386070 584386070 584386070 584386070 584386070 584386070 584386070 584386070 988974695 988974695 988974695 73776557 73776557 73776557 893225609 893225609 893225609 221538794 221538794 221538794 112929409 642900623 595592427 595592427 595592427 595592427 595592427 892285948 415273998 415273998 415273998 415273998 415273998 415273998 415273998 415273998 415273998 415273998 95046098 95046098 95046098 95046098 95046098 95046098 95046098 95046098 95046098 95046098 205095374 205095374 738022001 738022001 738022001 738022001 738022001 738022001 738022001 738022001 738022001 738022001 738022001 738022001 738022001 654849710 654849710 654849710 654849710 499690265 499690265 211876652 256587490 256587490 694956619 694956619 694956619 694956619 694956619 705205675 705205675 705205675 705205675 705205675 703017359 703017359 917892789 917892789 917892789 917892789 917892789 917892789 917892789 917892789 917892789 917892789 917892789 917892789 917892789 917892789 917892789 291138024 291138024 291138024 246592213 246592213 246592213 246592213 246592213 551461067 670719511 343354397 343354397 343354397 343354397 343354397 343354397 343354397 343354397 343354397 343354397 343354397 343354397 364739185 364739185 364739185 364739185 208978677 748993298 638522701 638522701 638522701 638522701 638522701 638522701 682449040 682449040 682449040 682449040 682449040 682449040 682449040 682449040 432062961 432062961 432062961 432062961 432062961 432062961 338777206 338777206 338777206 338777206 338777206 338777206 338777206 338777206 338777206 338777206 59903617 59903617 59903617 59903617 71191731 219023021 219023021 219023021 219023021 219023021 257260112 257260112 257260112 257260112 257260112 257260112 257260112 257260112 257260112 257260112 972378590 972378590 972378590 972378590 972378590 972378590 972378590 972378590 972378590 972378590 972378590 272439112 272439112 272439112 272439112 272439112 272439112 272439112 272439112 272439112 823657541 380145521 380145521 380145521 380145521 380145521 380145521 380145521 380145521 669429499 669429499 835443690 835443690 835443690 835443690 835443690 835443690 835443690 835443690 835443690 61349905 119815051 119815051 628806269 206267069 206267069 206267069 206267069 206267069 206267069 57522100 342835125 342835125 342835125 342835125 342835125 342835125 342835125 342835125 342835125 805422390 805422390 805422390 805422390 805422390 805422390 244031139 244031139 244031139 244031139 244031139 90704677 93718978 602384635 602384635 602384635 602384635 602384635 602384635 602384635 602384635 229199435 229199435 229199435 229199435 488246244 488246244 488246244 488246244 488246244 534703575 534703575 534703575 510419734 510419734 510419734 971787189 971787189 971787189 971787189 971787189 586701883 586701883 586701883 586701883 586701883 586701883 586701883 586701883 586701883 586701883 586701883 586701883 486951625 486951625 486951625 486951625 486951625 486951625 486951625 89711846 89711846 89711846 89711846 89711846 587332141 587332141 587332141 587332141 587332141 587332141 587332141 587332141 591051405 622025574 622025574 622025574 622025574 489460059 489460059 489460059 489460059 516792298 516792298 516792298 516792298 516792298 516792298 390103111 390103111 390103111 390103111 390103111 701688505 228074421 228074421 228074421 744971632 744971632 744971632 682853097 642098071 642098071 642098071 642098071 585493167 585493167 585493167 854764802 867222580 639202798 97356708 97356708 97356708 97356708 97356708 971059470 971059470 971059470 971059470 9564654 941151751 941151751 835077895 835077895 835077895 835077895 835077895 835077895 45739604 45739604 45739604 45739604 45739604 45739604 45739604 45739604 45739604 45739604 45739604 45739604 45739604 45739604 45739604 402512184 268908160 268908160 268908160 268908160 268908160 268908160 645107025 645107025 645107025 645107025 645107025 645107025 645107025 645107025 645107025 31557410 277261969 277261969 277261969 340269709 931344138 931344138 931344138 931344138 931344138 931344138 931344138 931344138 931344138 931344138 931344138 931344138 931344138 931344138 931344138 323288206 323288206 323288206 323288206 323288206 323288206 547142594 547142594 547142594 547142594 547142594 547142594 547142594 728468837 728468837 728468837 728468837 728468837 728468837 728468837 728468837 728468837 728468837 728468837 728468837 728468837 728468837 728468837 728468837 728468837 610899964 610899964 610899964 585384296 585384296 585384296 585384296 585384296 585384296 585384296 585384296 585384296 585384296 585384296 149232765 149232765 149232765 149232765 149232765 149232765 499296649 234284495 234284495 234284495 234284495 234284495 28782978 28782978 28782978 28782978 28782978 745326658 745326658 286938228 286938228 286938228 286938228 286938228 657082553 657082553 865508754 865508754 865508754 629431197 629431197 629431197 629431197 629431197 629431197 629431197 691528999 779280076 779280076 549853352 549853352 549853352 549853352 549853352 549853352 549853352 367081673 407398543 407398543 407398543 407398543 586504636 586504636 586504636 586504636 586504636 778346403 648084227 147391529 756394535 756394535 756394535 756394535 756394535 756394535 756394535 768716297 768716297 768716297 768716297 768716297 768716297 768716297 768716297 768716297 768716297 768716297 768716297 384393613 384393613 384393613 384393613 384393613 384393613 384393613 384393613 59209132 59209132 284147602 284147602 284147602 59038162 59038162 59038162 59038162 59038162 59038162 59038162 59038162 59038162 59038162 59038162 59038162 59038162 59038162 59038162 521218159 521218159 521218159 5865685 5865685 5865685 544143690 544143690 544143690 544143690 544143690 259402071 259402071 259402071 259402071 259402071 259402071 259402071 259402071 259402071 259402071 259402071 259402071 259402071 259402071 259402071 259402071 259402071 259402071 259402071 259402071 73799848 73799848 997668176 997668176 997668176 997668176 997668176 997668176 997668176 165359750 273232627 273232627 273232627 808732109 808732109 808732109 808732109 808732109 808732109 444454517 444454517 218175841 218175841 218175841 218175841 218175841 218175841 218175841 218175841 218175841 218175841 218175841 218175841 218175841 218175841 218175841 218175841 218175841 218175841