1000 1000
823 856
567 721
218 910
563 803
660 998
561 882
788 991
14 984
699 940
38 952
19 172
370 995
192 365
97 932
3 288
151 436
543 768
17 987
249 502
46 417
17 945
181 396
221 730
282 463
307 512
327 727
417 505
470 882
441 921
200 554
766 921
74 87
683 864
716 983
23 662
3 1000
193 516
14 875
224 821
246 857
32 780
216 523
20 327
24 911
77 957
566 701
601 829
736 996
104 842
62 929
1 883
3 965
15 155
163 969
115 856
121 510
217 670
10 785
50 902
459 735
60 960
333 645
83 999
2 967
47 668
785 958
127 818
185 836
77 450
2 980
282 802
1 994
244 385
23 817
20 213
102 840
178 418
190 950
135 449
177 645
8 830
117 535
149 968
131 737
24 463
648 795
35 499
147 970
297 920
2 688
358 739
176 828
104 705
595 688
211 755
103 713
171 870
50 993
80 927
747 796
140 935
212 532
164 818
88 958
655 709
231 795
560 876
335 560
88 973
282 736
76 465
515 515
48 926
112 964
707 953
17 842
1 998
199 569
146 867
311 746
119 742
681 950
409 643
301 804
325 639
286 569
120 587
57 999
329 965
407 488
131 997
4 992
156 256
273 665
71 740
289 970
496 911
422 894
99 324
534 901
378 766
9 982
298 340
320 599
381 957
449 793
675 949
81 915
300 696
198 632
1 992
872 964
803 849
9 186
511 679
11 764
6 739
168 851
284 325
11 960
80 967
72 348
424 890
40 534
74 481
112 163
33 889
333 956
338 698
463 884
86 800
242 435
33 781
43 938
46 986
324 948
232 956
61 770
125 959
12 939
67 991
446 769
291 600
155 880
139 773
295 364
38 939
296 793
195 474
234 837
36 525
514 855
26 793
305 561
107 955
309 953
72 236
1 999
108 898
82 863
95 836
4 982
33 915
263 891
329 473
600 784
64 775
136 330
169 911
366 497
600 759
412 670
10 608
72 739
603 770
32 975
715 789
471 582
44 1000
13 957
175 806
458 914
17 998
45 985
822 980
344 614
38 706
442 901
365 782
708 763
575 951
783 998
566 587
180 782
578 782
531 777
413 663
15 954
48 548
110 743
146 965
562 994
358 360
193 878
348 911
28 991
66 997
414 759
72 884
415 890
72 530
400 989
606 800
29 899
617 812
147 454
448 825
539 989
801 957
329 440
72 794
117 755
529 738
191 639
255 776
55 889
126 693
89 928
85 556
7 715
56 959
555 557
1 1000
668 683
466 771
54 732
258 769
147 499
185 947
84 828
16 196
64 913
2 987
83 936
262 988
79 712
111 204
45 899
352 937
23 327
64 349
64 931
250 895
329 917
26 1000
185 623
172 799
150 481
770 855
273 289
276 964
569 855
6 996
21 980
627 770
297 327
133 917
505 825
41 986
609 985
214 582
159 741
152 918
30 810
389 807
73 136
226 888
561 940
670 818
357 780
106 353
745 834
209 603
228 586
392 861
2 1000
72 76
9 656
656 900
101 997
231 257
662 672
49 856
340 961
41 866
17 933
289 784
239 752
57 499
16 847
207 951
764 974
340 857
7 856
54 960
280 303
14 984
70 1000
139 905
421 739
49 231
7 961
269 891
518 837
326 734
136 809
142 1000
286 864
110 650
278 791
197 864
18 857
2 982
34 579
9 849
102 814
420 920
199 935
22 312
85 789
333 433
51 997
129 997
269 895
43 744
65 889
238 614
269 772
35 774
424 884
532 972
50 990
639 850
312 939
56 834
101 128
676 919
220 252
446 993
120 653
11 616
56 952
40 935
723 974
101 823
36 309
610 812
428 580
228 760
27 942
352 868
94 467
171 535
273 346
242 934
250 501
7 795
378 955
1 690
51 712
174 253
323 443
539 807
550 684
366 851
654 772
55 931
26 999
74 875
600 745
217 973
411 864
126 885
146 492
737 912
497 637
133 805
212 556
214 823
205 257
316 582
155 290
15 543
485 911
231 920
462 953
16 958
15 969
6 26
350 773
80 292
531 670
858 907
654 832
2 577
477 605
401 658
464 529
2 995
198 824
157 760
358 668
397 777
389 521
52 343
600 727
145 863
37 837
780 1000
24 848
57 996
158 605
58 691
91 898
372 600
3 815
917 964
337 912
71 961
40 803
448 916
380 758
91 518
20 596
164 896
588 817
18 566
121 752
112 915
25 456
747 924
247 996
35 966
801 945
123 800
749 870
573 676
170 948
60 985
210 525
352 555
5 653
27 534
29 912
202 939
39 625
3 994
11 587
15 943
397 549
380 764
127 989
98 162
721 799
501 934
66 989
292 583
495 692
14 981
85 883
254 714
54 890
406 774
301 771
198 982
577 837
243 897
366 924
199 242
48 968
292 401
130 264
578 738
620 796
375 573
26 711
75 946
698 899
515 677
71 840
7 886
788 931
316 671
3 1000
418 970
22 988
151 834
62 960
257 852
200 978
215 317
876 876
95 605
5 893
352 548
325 735
59 690
2 840
312 966
40 973
431 846
327 707
20 989
202 452
79 315
282 455
424 992
115 489
8 963
175 509
185 553
575 956
26 246
150 948
622 736
304 434
95 895
319 489
1 990
498 872
90 564
298 690
93 980
110 997
8 885
4 902
485 729
385 987
280 376
494 941
264 491
2 956
85 756
28 855
104 405
117 410
295 531
68 965
130 262
481 501
248 690
175 543
291 657
564 996
349 989
132 830
487 790
202 848
76 283
181 321
129 956
276 397
42 245
481 741
13 983
315 761
522 823
684 880
68 627
92 926
76 942
82 953
98 620
502 815
65 846
567 664
107 779
164 967
303 628
285 901
152 422
141 853
45 931
62 677
83 723
245 737
274 802
146 605
3 992
203 792
37 954
50 871
540 797
388 805
16 973
94 856
677 803
204 823
18 842
208 919
20 886
481 895
317 952
251 544
205 883
188 702
83 997
4 613
129 316
56 242
86 420
403 902
371 845
275 911
682 995
59 516
24 839
167 487
223 887
52 760
127 756
22 991
521 761
204 881
77 704
411 758
114 376
128 285
259 894
370 526
9 840
230 965
79 449
359 642
21 201
111 981
46 958
266 807
400 994
263 843
392 864
80 784
1 995
438 772
409 781
281 305
161 579
474 711
295 808
388 724
45 808
347 881
606 841
159 911
317 710
3 678
74 951
50 813
221 425
5 137
10 992
96 839
391 902
133 938
50 718
196 923
332 761
72 491
531 816
543 844
123 992
173 598
615 978
252 519
381 865
5 972
51 876
21 761
139 140
2 900
645 945
98 852
763 907
136 238
87 864
319 735
9 996
827 969
223 812
571 873
167 390
102 862
40 957
7 913
600 646
103 765
8 337
45 928
117 737
471 761
312 347
273 774
127 576
24 993
1 947
42 738
86 214
730 954
188 752
60 148
186 778
76 841
627 762
177 860
154 805
179 619
80 392
282 876
17 1000
31 817
123 937
17 854
230 552
632 981
40 956
614 659
309 560
313 776
47 471
342 701
379 951
766 786
361 750
191 564
44 326
213 810
467 793
185 974
744 871
218 548
696 998
516 543
42 459
57 515
129 724
231 893
665 980
10 762
2 999
33 584
683 733
48 543
537 590
443 508
521 667
126 974
362 366
593 990
147 466
539 616
19 907
212 930
52 694
492 616
47 947
14 665
97 946
133 702
223 437
2 987
364 661
94 615
29 835
486 808
46 706
361 729
235 712
200 287
28 869
518 810
137 916
468 669
627 990
717 890
43 90
208 263
249 872
30 792
89 470
974 976
37 104
235 832
339 660
742 761
28 819
94 305
7 903
136 917
3 981
103 182
685 743
155 313
457 475
661 978
158 789
299 988
230 599
195 789
203 350
193 510
64 743
368 584
166 788
86 942
131 806
116 837
130 890
446 856
792 883
547 648
546 761
273 717
138 946
149 964
27 992
600 933
52 261
217 502
97 890
521 683
14 988
311 878
160 763
129 809
647 998
161 840
203 988
169 421
114 717
166 767
99 847
190 300
181 882
487 856
22 992
222 648
644 919
210 903
884 911
129 914
308 672
222 598
487 983
693 741
565 943
108 962
133 989
251 794
66 813
250 319
96 517
433 607
306 904
474 573
118 334
42 927
286 471
597 768
134 799
270 842
522 735
383 707
333 760
236 489
101 922
115 399
81 264
30 873
608 898
83 794
754 839
254 706
4 997
291 509
248 541
163 506
40 138
624 942
205 985
33 907
206 808
41 841
680 714
37 893
432 693
167 639
158 564
158 455
54 826
438 797
209 968
599 765
275 649
446 896
14 691
35 713
52 547
36 403
9 944
404 885
4 483
115 818
84 843
125 508
326 655
354 981
403 908
613 640
18 987
52 103
250 742
279 733
102 951
126 723
99 935
7 829
15 596
240 554
385 906
930 995
477 725
23 968
33 966
405 610
71 838
247 920
59 575
18 996
167 839
80 873
218 701
682 946
242 1000
692 944
198 449
560 701
205 964
331 944
55 785
466 503
736 943
54 990
301 427
193 950
39 146
22 848
767 968
1 988
74 943
41 846
520141811 520141811 63772950 63772950 63772950 63772950 63772950 337879764 337879764 337879764 364630512 364630512 364630512 364630512 364630512 364630512 364630512 704530040 567241222 567241222 567241222 567241222 977037619 681234154 681234154 681234154 681234154 681234154 681234154 681234154 44195667 44195667 44195667 800425333 800425333 800425333 800425333 800425333 800425333 800425333 204390903 204390903 204390903 841772540 841772540 841772540 841772540 841772540 725747347 725747347 725747347 725747347 725747347 725747347 725747347 725747347 854793279 854793279 854793279 854793279 854793279 854793279 191756405 191756405 191756405 191756405 191756405 191756405 191756405 191756405 191756405 191756405 191756405 357290437 357290437 357290437 357290437 792682555 792682555 792682555 165721327 138588496 138588496 138588496 138588496 138588496 138588496 11037594 11037594 11037594 11037594 11037594 11037594 11037594 223205088 223205088 223205088 223205088 223205088 223205088 223205088 223205088 223205088 448587930 43328631 43328631 43328631 43328631 43328631 43328631 634971087 230230298 996256190 996256190 996256190 996256190 996256190 996256190 996256190 996256190 6315022 6315022 390350673 390350673 390350673 390350673 390350673 390350673 170504642 170504642 964404812 964404812 964404812 964404812 438944037 438944037 438944037 438944037 438944037 438944037 438944037 943089166 943089166 943089166 943089166 943089166 633963697 633963697 633963697 633963697 633963697 633963697 633963697 633963697 58340512 58340512 58340512 58340512 58340512 58340512 799708154 799708154 799708154 799708154 799708154 359316481 359316481 359316481 359316481 359316481 359316481 359316481 703627227 703627227 703627227 703627227 703627227 703627227 703627227 703627227 703627227 703627227 258719190 786448201 786448201 786448201 786448201 786448201 786448201 786448201 162140338 758862396 499499724 499499724 499499724 499499724 499499724 499499724 499499724 499499724 558648115 558648115 558648115 117422707 117422707 117422707 117422707 117422707 117422707 986525917 986525917 883388890 883388890 883388890 883388890 883388890 883388890 883388890 883388890 883388890 945847163 876964535 833750220 833750220 833750220 833750220 833750220 833750220 833750220 833750220 833750220 833750220 833750220 833750220 833750220 833750220 833750220 833750220 833750220 833750220 833750220 833750220 723869780 691942534 691942534 691942534 691942534 691942534 691942534 691942534 984702701 801143379 801143379 801143379 801143379 913224247 913224247 341740290 341740290 341740290 215905074 215905074 911119212 911119212 911119212 911119212 911119212 911119212 911119212 911119212 8057786 8057786 8057786 8057786 629992659 629992659 629992659 629992659 629992659 495982235 881861645 395847770 443766062 443766062 443766062 443766062 443766062 443766062 443766062 443766062 443766062 443766062 443766062 443766062 663622925 663622925 663622925 663622925 663622925 663622925 663622925 663622925 663622925 663622925 663622925 663622925 663622925 663622925 663622925 663622925 663622925 313134853 313134853 313134853 571755231 571755231 571755231 571755231 571755231 571755231 716818140 118389618 118389618 118389618 118389618 118389618 118389618 118389618 118389618 118389618 118389618 118389618 118389618 118389618 118389618 118389618 118389618 118389618 37977587 37977587 37977587 37977587 37977587 362093759 633431720 633431720 633431720 633431720 633431720 633431720 633431720 633431720 633431720 633431720 633431720 633431720 633431720 633431720 633431720 633431720 633431720 63140821 715793747 715793747 715793747 715793747 28554455 28554455 28554455 28554455 28554455 638730921 638730921 884572654 884572654 884572654 549549953 549549953 549549953 549549953 549549953 549549953 549549953 549549953 549549953 549549953 549549953 549549953 549549953 549549953 549549953 549549953 549549953 549549953 549549953 549549953 549549953 549549953 549549953 744108217 744108217 696133569 798795542 798795542 798795542 798795542 947986555 947986555 947986555 947986555 947986555 185838947 185838947 185838947 185838947 185838947 185838947 185838947 185838947 185838947 223244049 223244049 223244049 831370427 831370427 831370427 831370427 995697884 995697884 995697884 128143094 128143094 831799695 831799695 831799695 440917667 440917667 440917667 298952009 298952009 298952009 183962646 274872037 274872037 274872037 274872037 274872037 274872037 274872037 274872037 274872037 274872037 274872037 274872037 274872037 418326990 418326990 255779244 255779244 255779244 255779244 95217532 95217532 95217532 95217532 95217532 195560514 195560514 195560514 195560514 939573451 840822493 840822493 840822493 840822493 840822493 840822493 840822493 840822493 840822493 840822493 407024465 407024465 407024465 407024465 407024465 407024465 407024465 407024465 407024465 892588013 892588013 892588013 892588013 892588013 892588013 892588013 621928671 621928671 621928671 159276830 91746770 91746770 91746770 91746770 91746770 91746770 82566753 82566753 82566753 82566753 82566753 414993158 414993158 414993158 414993158 414993158 414993158 414993158 414993158 487338659 487338659 487338659 487338659 487338659 487338659 487338659 487338659 487338659 487338659 487338659 487338659 487338659 487338659 487338659 487338659 487338659 487338659 487338659 487338659 487338659 487338659 487338659 534569446 534569446 534569446 534569446 534569446 534569446 534569446 534569446 534569446 534569446 534569446 534569446 534569446 855804905 855804905 855804905 855804905 298185666 298185666 646735383 646735383 646735383 369913329 369913329 369913329 381852161 381852161 371315893 370091983 370091983 370091983 151741503 151741503 151741503 151741503 151741503 541297169 541297169 541297169 541297169 992270788 433405899 433405899 433405899 433405899 433405899 433405899 433405899 202154041 202154041 202154041 202154041 202154041 202154041 202154041 11450101 11450101 146312662 146312662 146312662 953565808 953565808 953565808 953565808 953565808 953565808 953565808 482939105 482939105 482939105 482939105 482939105 482939105 482939105 482939105 482939105 482939105 286264332 671180433 671180433 671180433 671180433 671180433 671180433 671180433 671180433 671180433 671180433 671180433 671180433 734347550 734347550 734347550 734347550 734347550 734347550 734347550 497483930 953730751 395062438 395062438 395062438 395062438 395062438 395062438 395062438 395062438 706472858 764176548 764176548 764176548 764176548 764176548 764176548 764176548 764176548 764176548 962089567 177445576 177445576 177445576 177445576 177445576 177445576 177445576 177445576 177445576 710921551 524066594 498577291 498577291 498577291 498577291 498577291 498577291 498577291 498577291 724074311 724074311 678988071 678988071 678988071 890829038 890829038 890829038 890829038 890829038 364561251 683405725 972183485 972183485 972183485 714124107 714124107 149710107 149710107 149710107 149710107 149710107 186112271 116653779 823519232 823519232 823519232 823519232 894179166 894179166 857668993 857668993 857668993 857668993 857668993 857668993 857668993 857668993 857668993 857668993 857668993 857668993 857668993 857668993 857668993 857668993 676872381 676872381 676872381 676872381 816230881 816230881 487744132 487744132 487744132 487744132 487744132 487744132 968880100 968880100 968880100 968880100 968880100 968880100 968880100 968880100 968880100 95453690 95453690 95453690 812826371 812826371 812826371 838313464 838313464 838313464 838313464 988137742 988137742 988137742 988137742 184688672 184688672 184688672 184688672 184688672 184688672 184688672 437896956 437896956 437896956 282674773 282674773 282674773 282674773 282674773 217538910 217538910 217538910 217538910 332529480 332529480 332529480 332529480 332529480 332529480 332529480 332529480 332529480 332529480 332529480 332529480 763235452 763235452 269734817 269734817 269734817 269734817 269734817 269734817 706816570 706816570 706816570 146692299 858649065 858649065 858649065 858649065 858649065 858649065 995028332 362895433 574778707 574778707 574778707 574778707 574778707 574778707 574778707 574778707 946907459 946907459 946907459 946907459 946907459 946907459 946907459 946907459 946907459 946907459 946907459 946907459 108750566 108750566 108750566 695697902 51444671 51444671 51444671 51444671 510032851 510032851 510032851 870704102 870704102 870704102 870704102 870704102 673471003 673471003 673471003 673471003 673471003 673471003 673471003 673471003 673471003 673471003 673471003 673471003 673471003 673471003 878836154 878836154 878836154 878836154 878836154 878836154 878836154 878836154 878836154 585531137 585531137 585531137 585531137 779014112 779014112 779014112 779014112 779014112 779014112 779014112 779014112 779014112 779014112 779014112 779014112 779014112 928128840 928128840 928128840 928128840 586007479 586007479 586007479 586007479 586007479 586007479 586007479 586007479 18444794 18444794 474100424 474100424 940577832 769459002 769459002 769459002 769459002 769459002 769459002 769459002 769459002 769459002 769459002 769459002 961810234 961810234 961810234 961810234 104020366 104020366 104020366 104020366 104020366 104020366 104020366 104020366 104020366 104020366 104020366 104020366 104020366 104020366 104020366 104020366 104020366 104020366 104020366 104020366 104020366 946427522 946427522 173633051 173633051 173633051 173633051 173633051 173633051 173633051 760893563 831660103 831660103 831660103 831660103 831660103 831660103 831660103 831660103 831660103 761275091 761275091 761275091 761275091 536486637 536486637 536486637 536486637 536486637 536486637 536486637 536486637 536486637 536486637 353340632 353340632 353340632 353340632 353340632 353340632 225122482 225122482 225122482 274995034 274995034 274995034 274995034 274995034 274995034 274995034 274995034 274995034 274995034 274995034 274995034 274995034 274995034 274995034 274995034 864155890