1000 1000
183 749
354 676
535 771
409 672
89 1000
285 790
548 984
370 722
5 754
139 943
540 678
18 728
510 613
539 969
10 887
553 740
628 674
424 891
441 934
93 836
23 843
561 912
311 808
88 908
107 194
38 268
473 989
273 606
142 884
664 724
290 448
273 685
63 657
929 972
660 678
11 978
152 600
712 913
104 796
536 618
673 891
19 960
136 893
6 970
56 619
164 900
509 920
753 992
290 932
404 778
31 796
144 970
130 629
21 668
296 601
780 922
190 984
25 646
301 762
102 714
470 912
4 1000
130 731
321 942
164 774
46 985
334 995
81 821
350 658
72 966
15 19
128 796
721 753
721 785
297 721
314 681
82 330
1 981
423 636
30 697
61 463
100 919
160 800
24 26
13 639
87 925
327 563
418 598
420 922
74 718
4 999
92 954
181 388
327 972
116 929
334 933
635 869
468 904
415 812
125 661
7 799
242 584
487 942
664 949
63 942
343 672
143 312
305 559
221 977
582 920
135 933
601 611
135 724
47 871
859 886
319 995
609 644
39 346
426 579
81 853
201 554
251 552
8 744
31 796
186 722
365 883
744 855
559 927
334 865
192 548
8 771
352 512
393 577
604 765
392 652
73 908
15 988
228 952
228 388
699 991
48 784
44 815
53 948
579 957
143 400
361 625
923 935
52 644
7 874
65 793
135 241
100 227
230 937
2 968
394 514
10 893
71 251
419 774
115 909
162 795
475 554
20 905
2 941
160 917
58 981
372 612
54 185
213 868
111 591
218 859
54 830
59 446
187 436
137 890
192 961
105 582
151 304
287 402
91 834
7 956
44 328
501 850
46 965
133 734
194 776
598 779
106 857
504 997
385 787
11 996
122 992
562 946
283 863
213 815
125 989
600 941
1 96
31 759
379 990
280 312
20 882
45 792
10 953
733 997
81 923
162 695
23 869
631 810
392 792
275 776
82 917
566 570
315 968
38 679
649 953
102 818
29 974
76 525
670 872
201 826
387 403
7 988
26 969
212 325
400 530
675 875
149 787
28 969
93 977
42 888
309 619
69 295
125 538
117 907
267 863
207 689
179 798
188 802
200 224
299 643
127 838
286 841
79 423
103 761
267 880
210 647
101 907
116 527
63 252
184 885
57 690
537 716
104 940
1 838
574 863
40 203
325 793
205 856
531 937
157 378
501 710
542 586
903 990
611 640
71 951
11 812
234 881
578 758
63 576
497 860
76 501
620 738
216 698
592 817
337 451
247 881
271 880
93 760
133 677
89 985
214 596
463 922
49 893
186 895
156 947
491 579
12 741
30 959
23 907
596 966
122 632
363 905
366 649
436 683
394 515
87 598
48 139
207 964
22 918
418 601
282 858
185 858
583 669
2 1000
737 838
716 731
72 324
17 642
642 764
190 560
541 810
41 904
346 411
168 841
57 946
8 991
502 860
92 523
347 714
505 696
415 979
336 584
282 768
319 803
787 903
287 792
206 929
324 765
288 473
13 406
119 740
319 430
145 782
142 254
198 807
265 597
86 908
568 859
588 914
87 806
49 791
93 918
450 665
369 633
225 738
195 910
630 777
795 996
584 619
58 553
164 918
60 920
267 972
231 747
79 600
480 546
127 858
11 912
486 570
307 907
335 844
46 753
313 830
424 990
50 961
126 605
657 881
8 944
9 578
451 988
198 569
64 953
108 313
292 806
545 929
746 827
286 694
10 864
163 846
484 631
709 919
961 974
158 894
341 894
3 1000
8 573
144 358
746 952
170 347
10 997
45 979
395 675
585 899
50 984
15 1000
469 613
18 790
41 993
259 815
21 983
267 560
73 298
188 945
8 655
382 647
166 436
331 781
236 408
218 845
126 851
456 869
29 987
27 868
519 831
104 733
84 718
88 869
234 359
379 964
167 373
57 364
445 809
291 990
191 761
67 82
200 247
202 869
48 998
31 351
4 981
328 889
247 688
71 796
513 832
43 975
148 814
66 830
458 965
13 987
585 926
23 452
145 162
10 972
520 650
597 728
10 164
156 900
766 798
246 922
113 621
475 982
3 924
2 908
323 568
124 955
286 666
313 704
335 999
777 794
47 897
158 900
92 914
134 696
17 910
232 738
437 609
424 741
250 574
582 827
182 689
12 985
136 635
177 925
69 993
274 954
97 150
322 917
364 382
45 439
104 512
103 736
97 956
217 960
29 775
109 961
755 866
405 985
266 745
35 968
534 819
325 486
527 846
901 933
124 999
235 970
105 1000
252 861
279 654
269 942
194 947
739 865
536 573
34 71
239 585
126 570
587 807
567 922
661 886
22 944
302 693
18 975
443 801
17 292
50 261
330 376
226 534
193 646
584 691
67 964
4 878
248 894
391 861
254 698
278 387
702 920
147 412
143 722
183 515
736 841
15 857
226 824
512 980
371 793
536 580
184 978
56 998
430 921
280 759
459 561
278 684
45 983
689 788
5 964
436 895
245 759
319 491
311 881
74 755
307 341
39 970
110 989
185 638
3 975
87 967
180 669
125 951
219 979
129 701
5 876
62 448
394 605
12 913
554 589
170 785
150 211
73 403
304 544
176 481
424 912
135 699
133 662
380 729
168 884
16 993
4 995
340 958
595 794
672 787
223 233
281 917
481 864
272 839
541 909
203 830
343 966
450 621
71 926
627 687
128 828
285 963
4 982
757 877
132 997
37 491
180 615
255 400
360 687
168 936
285 333
226 640
47 940
254 336
7 990
295 361
102 986
22 848
175 379
117 935
412 689
64 958
97 800
34 953
240 941
177 783
37 961
292 380
102 633
380 814
534 947
401 776
119 203
179 937
2 997
154 812
204 984
113 923
128 626
736 906
816 953
78 427
387 837
389 661
797 857
5 770
94 628
373 710
194 241
199 565
233 474
11 519
47 674
302 400
61 643
225 875
459 742
50 975
11 637
135 923
217 877
275 986
153 848
17 42
687 991
180 554
764 987
91 894
620 796
114 525
140 895
22 517
353 845
287 949
249 404
462 668
177 703
111 868
244 989
23 925
226 933
417 946
295 914
470 577
187 918
390 848
226 679
359 814
117 932
46 683
140 586
66 78
46 981
432 604
94 629
276 870
277 921
21 992
179 518
98 890
43 737
238 737
18 988
601 826
421 833
13 899
34 806
215 392
1 999
56 982
159 341
262 279
734 925
103 978
307 731
311 662
163 176
35 486
860 866
53 666
235 728
167 705
4 951
542 765
68 89
40 995
619 772
52 917
4 996
159 858
91 964
288 520
1 994
448 841
346 755
744 954
378 901
116 553
234 803
610 846
82 699
224 834
138 806
509 904
52 927
31 982
391 734
59 976
359 911
578 794
195 641
366 713
14 964
746 921
566 640
14 990
82 876
102 905
59 948
530 812
97 111
191 466
215 919
232 862
176 651
13 674
456 946
7 998
272 806
78 383
343 850
481 888
97 530
197 978
338 448
46 410
94 576
430 445
348 647
452 742
163 565
63 620
426 914
14 623
335 835
684 736
454 922
88 566
65 782
62 957
31 931
414 703
208 745
700 877
766 955
102 621
68 181
140 881
509 703
230 738
32 919
229 765
150 958
9 783
52 221
435 641
346 883
153 845
41 100
328 817
376 942
25 597
400 859
305 540
135 752
112 814
430 780
71 503
219 706
130 722
132 724
100 643
285 523
453 855
134 566
341 486
73 83
112 983
300 561
25 983
83 428
151 848
491 748
51 945
46 484
173 802
346 874
1 996
10 112
381 681
762 828
299 601
86 957
133 198
55 505
29 1000
492 996
51 684
102 451
319 805
248 712
367 920
35 312
555 999
468 816
617 900
29 869
372 964
84 977
184 308
775 962
39 983
91 917
296 987
110 794
33 958
4 449
27 890
129 906
429 921
24 979
147 570
106 352
22 962
119 974
224 378
139 757
180 782
75 751
8 892
546 902
67 983
148 981
38 729
480 864
216 915
411 873
181 322
416 592
78 841
501 546
636 782
373 879
388 519
463 914
65 728
168 969
248 805
797 826
2 736
34 666
365 782
234 825
62 801
372 843
295 984
572 589
473 903
64 818
279 518
49 864
17 939
110 755
365 852
132 479
90 720
205 860
6 698
214 547
553 966
142 988
43 938
162 971
274 750
680 779
134 465
151 986
650 776
294 743
189 273
88 972
598 658
113 679
143 545
353 827
178 283
532 736
498 509
234 600
305 838
593 718
2 959
24 790
18 337
506 623
652 853
421 512
147 222
780 938
360 687
354 357
394 689
142 255
255 583
480 817
622 806
397 518
245 613
27 678
92 982
66 939
501 512
54 973
323 551
6 925
60 879
305 837
108 698
199 947
40 665
206 965
22 711
369 810
221 733
440 717
88 512
42 695
302 908
55 900
262 625
149 955
418 455
2 969
302 385
17 963
115 799
85 372
22 897
111 897
118 862
593 956
54 253
65 753
127 934
241 561
518 797
60 232
653 927
167 816
315 948
482 942
9 291
514 943
47 666
448 893
115 992
116 950
374 583
6 807
139 621
342 781
480 482
488911108 965240011 965240011 965240011 965240011 457661252 457661252 457661252 457661252 457661252 685691028 247022854 247022854 972547893 972547893 560835804 560835804 560835804 741512707 741512707 393153033 393153033 393153033 393153033 393153033 393153033 393153033 393153033 393153033 393153033 393153033 393153033 393153033 538759430 98860096 98860096 98860096 98860096 98860096 98860096 98860096 98860096 98860096 98860096 98860096 98860096 98860096 98860096 98860096 98860096 98860096 98860096 98860096 98860096 98860096 98860096 98860096 98860096 577857194 577857194 301574809 301574809 301574809 21801382 666677302 666677302 666677302 877333247 877333247 877333247 877333247 348722332 348722332 701625358 701625358 701625358 701625358 701625358 701625358 701625358 701625358 701625358 701625358 701625358 701625358 701625358 701625358 701625358 701625358 701625358 701625358 701625358 701625358 701625358 701625358 701625358 701625358 701625358 701625358 701625358 701625358 383404371 355678827 355678827 355678827 355678827 637923090 114655640 114655640 114655640 114655640 114655640 114655640 114655640 114655640 114655640 114655640 114655640 114655640 114655640 355606160 355606160 355606160 713725987 713725987 713725987 713725987 231727552 231727552 231727552 791330522 791330522 791330522 879972461 879972461 879972461 879972461 879972461 879972461 879972461 482433453 482433453 482433453 482433453 482433453 482433453 482433453 482433453 482433453 482433453 482433453 482433453 482433453 482433453 15114160 15114160 15114160 15114160 15114160 15114160 15114160 251834940 251834940 251834940 251834940 251834940 251834940 630700436 630700436 630700436 490842665 490842665 490842665 490842665 490842665 490842665 490842665 490842665 490842665 490842665 490842665 490842665 490842665 490842665 490842665 490842665 490842665 490842665 490842665 490842665 853488208 853488208 853488208 853488208 853488208 853488208 853488208 853488208 853488208 853488208 805109243 805109243 805109243 805109243 805109243 805109243 805109243 805109243 805109243 805109243 773163614 773163614 796078828 830897174 830897174 830897174 830897174 830897174 830897174 561568483 561568483 561568483 946418782 946418782 946418782 946418782 946418782 946418782 946418782 946418782 946418782 418180718 418180718 418180718 418180718 418180718 418180718 31349213 31349213 31349213 913348726 913348726 913348726 962894225 962894225 962894225 962894225 962894225 477680434 477680434 789014458 789014458 791206891 543951825 543951825 543951825 543951825 543951825 543951825 543951825 543951825 543951825 543951825 543951825 543951825 543951825 543951825 313363639 313363639 313363639 313363639 313363639 313363639 313363639 313363639 313363639 575328859 575328859 575328859 575328859 996532957 874379898 813212483 813212483 813212483 813212483 813212483 813212483 813212483 813212483 539349205 539349205 592946685 592946685 592946685 592946685 592946685 592946685 592946685 592946685 592946685 592946685 104785972 104785972 960527212 960527212 851023495 851023495 851023495 851023495 923570231 923570231 402819319 574436433 844072152 844072152 844072152 844072152 844072152 844072152 613533950 613533950 613533950 613533950 946674671 946674671 946674671 560729768 560729768 560729768 455273178 760176498 760176498 760176498 760176498 760176498 760176498 760176498 760176498 760176498 168677254 151110864 151110864 552198589 552198589 552198589 552198589 552198589 552198589 552198589 505827357 505827357 550696187 550696187 550696187 550696187 550696187 550696187 550696187 550696187 550696187 756835134 756835134 756835134 756835134 756835134 633240476 633240476 633240476 633240476 633240476 633240476 905152092 905152092 905152092 905152092 905152092 905152092 905152092 905152092 909647148 909647148 283056445 283056445 283056445 283056445 283056445 283056445 283056445 283056445 283056445 283056445 283056445 283056445 283056445 283056445 283056445 283056445 283056445 283056445 485322386 228195206 329588561 195340295 195340295 195340295 195340295 195340295 795138043 699902872 699902872 699902872 225909334 225909334 920698389 920698389 920698389 920698389 920698389 920698389 939498734 788203342 788203342 788203342 443997239 443997239 443997239 443997239 443997239 443997239 571480584 571480584 571480584 571480584 558859098 558859098 558859098 558859098 558859098 558859098 94114047 94114047 126559141 818956954 818956954 402537856 402537856 402537856 402537856 402537856 417031870 417031870 417031870 831919430 831919430 576951641 576951641 576951641 576951641 576951641 808465249 808465249 808465249 808465249 808465249 808465249 808465249 808465249 808465249 808465249 572940729 572940729 673659234 673659234 673659234 673659234 673659234 673659234 648860132 648860132 545485427 545485427 545485427 545485427 545485427 545485427 545485427 545485427 545485427 545485427 545485427 545485427 545485427 391232411 391232411 391232411 391232411 391232411 29628531 29628531 512773983 512773983 546879209 918153923 918153923 918153923 918153923 918153923 918153923 918153923 918153923 918153923 628557056 628557056 628557056 628557056 628557056 628557056 628557056 628557056 148189446 148189446 148189446 148189446 148189446 148189446 148189446 148189446 148189446 148189446 148189446 94897394 94897394 94897394 94897394 94897394 94897394 94897394 94897394 94897394 94897394 94897394 94897394 94897394 94897394 94897394 94897394 94897394 334893595 334893595 334893595 334893595 334893595 334893595 334893595 334893595 334893595 334893595 334893595 137497075 137497075 733721649 733721649 733721649 733721649 733721649 733721649 733721649 733721649 733721649 127021438 127021438 728329831 728329831 728329831 728329831 792660027 792660027 792660027 792660027 224148012 224148012 224148012 224148012 25836340 25836340 25836340 25836340 874911192 874911192 528369824 528369824 528369824 528369824 528369824 752894021 752894021 588456037 588456037 588456037 402512616 813728430 813728430 546041585 546041585 546041585 546041585 546041585 546041585 550289105 550289105 550289105 550289105 670354787 670354787 670354787 670354787 670354787 670354787 716224700 300740797 300740797 300740797 300740797 300740797 300740797 300740797 300740797 300740797 300740797 300740797 499750887 499750887 499750887 499750887 499750887 499750887 499750887 499750887 499750887 499750887 499750887 962439939 962439939 962439939 962439939 962439939 236609447 236609447 795171150 795171150 795171150 795171150 795171150 795171150 368320134 368320134 368320134 368320134 368320134 837942068 837942068 72962952 72962952 572138690 572138690 572138690 572138690 572138690 572138690 107098767 107098767 107098767 107098767 107098767 107098767 107098767 759090121 395393813 395393813 395393813 395393813 395393813 756842882 756842882 756842882 756842882 756842882 756842882 756842882 756842882 896449819 896449819 56794106 56794106 56794106 56794106 56794106 56794106 56794106 959030850 959030850 959030850 959030850 959030850 959030850 959030850 826929348 826929348 826929348 826929348 572515133 572515133 572515133 572515133 768020437 127693352 127693352 127693352 127693352 604054120 99548354 99548354 99548354 99548354 99548354 99548354 767010904 697839716 697839716 697839716 697839716 697839716 697839716 383074366 383074366 383074366 383074366 383074366 383074366 782505977 782505977 782505977 772221246 772221246 772221246 772221246 772221246 772221246 772221246 772221246 772221246 772221246 772221246 156328687 156328687 156328687 156328687 156328687 755432668 755432668 755432668 755432668 755432668 755432668 755432668 755432668 755432668 755432668 755432668 755432668 755432668 755432668 813002612 813002612 813002612 813002612 813002612 813002612 813002612 813002612 569643501 569643501 567734521 567734521 567734521 567734521 567734521 567734521 567734521 567734521 567734521 567734521 567734521 246688698 246688698 246688698 246688698 246688698 246688698 548957851 548957851 894598701 894598701 415493733 415493733 415493733 415493733 415493733 415493733 385966767 91057582 608824159 608824159 608824159 608824159 608824159 608824159 608824159 608824159 608824159 608824159 608824159 608824159 608824159 608824159 608824159 608824159 608824159 608824159 608824159 608824159 950997354 950997354 950997354 950997354 950997354 788394614 788394614 788394614 788394614 544009420 544009420 544009420 544009420 544009420 544009420 544009420 544009420 544009420 467374184 854227089 535138290 535138290 535138290 535138290 535138290 535138290 535138290 535138290 784524108 500907476 998820772 998820772 998820772 998820772 998820772 998820772 998820772 879775229 879775229 643875522 344047717 344047717 344047717 344047717 344047717 344047717 344047717 344047717 519671928 530135404 530135404 530135404 530135404 530135404 530135404 530135404 530135404 530135404 530135404 530135404 530135404 530135404 530135404 530135404 530135404 530135404 530135404 530135404 983591999 983591999 983591999 823855540 823855540 823855540 823855540 823855540 823855540 823855540 188961260 188961260 188961260 188961260 188961260 188961260 188961260 188961260 188961260 188961260 188961260 274536824 565817909 565817909 53042363 53042363 53042363 53042363 966238587 966238587 966238587 966238587 140485751 140485751 140485751 140485751 140485751 140485751 140485751 140485751 116170323 116170323 116170323 116170323 116170323 116170323 116170323 116170323 116170323 116170323 871315067 28424561 274039592 274039592 274039592 274039592 274039592 673823126 673823126 673823126 673823126 404108168 404108168 404108168 15729985 354422155 354422155 62279383 62279383 62279383 668952465 668952465 668952465 115836296 115836296 115836296 942377443 942377443 942377443 942377443 1924297 1924297 1924297 540789780 540789780 540789780 540789780 540789780 540789780 280852147 414038165 414038165 414038165 414038165 414038165 414038165 414038165 414038165 414038165 414038165