713 754
9069
3290
4857
4538
1744
636
2121
2993
1364
1075
8424
6434
4506
2483
5913
8993
7521
935
4877
2972
3701
5667
8524
9658
3008
2825
1460
3637
4272
8100
3222
3823
1894
5672
1056
5047
3403
299
8851
5742
1304
8985
6066
7592
4264
3582
8516
9551
3412
8427
812
3155
8992
7219
929
7331
5325
9391
5580
648
2438
1150
5280
3723
5698
355
968
9907
2133
3600
3372
9414
2108
8121
4500
8228
3086
620
2897
2178
7970
156
1756
1764
7647
7826
1679
226
3422
4367
2174
1905
2073
7526
2555
4794
3806
9022
9496
7171
6136
7095
7265
828
6486
6086
1368
747
2953
3389
633
8427
7405
4476
146
6812
9749
2172
5918
248
9378
8511
343
4096
9751
5799
9537
1458
2754
7293
3545
8782
7574
529
7630
240
6885
4024
5911
1444
8902
4263
9226
7848
8779
9806
9922
1406
2505
990
2600
878
5912
9478
3344
455
6108
2849
6940
1773
9422
6286
7455
7906
8501
1955
6587
6418
6003
5103
3143
7838
6868
8600
8532
4241
5826
3524
994
8573
5884
4431
176
2400
2731
6854
105
9520
1474
8643
2758
1503
4402
9246
8370
2505
1067
3519
1474
5833
9946
5324
9481
5504
8711
1272
2622
8907
1825
2383
609
3567
7787
2057
8445
3405
6115
2958
1766
3708
6879
2760
7746
1561
8233
9891
8808
759
7822
2102
1588
5431
5366
7192
3443
845
4124
2299
4458
7892
7941
9128
8716
5334
2236
5612
2725
9997
9016
9675
4431
9735
9773
9828
7370
5889
1492
901
2381
5742
1802
1446
4605
568
8962
2273
8620
4351
8723
8855
2418
1580
8339
6374
7166
4140
690
226
3054
6078
5442
2023
2135
5835
8207
1926
5887
7545
2344
6686
4913
4813
8610
4605
358
236
1241
4668
3868
4671
9122
3757
9804
929
4271
5397
2381
1178
3995
6880
8661
9701
8841
6549
1927
971
223
6083
2775
3325
8091
9361
1161
3097
1975
277
6666
4905
8790
1508
6283
1378
1827
8741
2368
5309
3463
7244
3188
8564
7563
2496
7157
687
6367
669
1954
1357
595
5974
5696
7431
7180
6034
451
6738
1355
9949
734
2748
5973
5525
5666
8034
9976
2189
586
1088
1019
5791
314
9737
6098
9751
4238
8329
5326
3433
2061
5038
8057
4391
4565
8806
1375
3383
4616
6169
973
1853
720
3119
266
9314
2715
6459
1065
1402
9546
2648
1588
3777
9057
8960
8669
4903
4593
1533
401
9983
1439
4246
4600
376
1253
7670
8814
915
6583
9585
7306
6007
904
9205
2557
1370
7371
2362
8120
6966
4329
5948
7803
7383
4453
8457
3835
9259
1290
2445
5719
9000
7110
5202
5682
8318
2750
7978
5313
7003
8526
9467
4663
2239
9883
2705
4279
9460
4641
3184
9229
8172
4033
6910
1431
8077
2137
7703
653
7608
9257
4178
2983
1093
1865
2186
3888
3020
661
2097
2868
691
4416
3090
3985
3166
2475
8657
274
904
4101
9846
1570
1172
110
3541
4893
767
353
1069
2044
9986
8937
4995
7011
9406
9804
404
1695
1273
6085
2869
853
1945
9731
7851
2532
7048
7417
905
5533
5165
1700
8264
2823
3590
5868
648
647
2190
8944
6816
7152
3583
1924
9958
9394
4181
7220
6085
2280
6213
7900
935
8184
8242
2045
3272
2036
8396
9767
6535
1920
1865
7355
2114
7792
307
6261
8185
1906
2820
6690
1559
8982
6967
2473
2641
5841
7192
5585
6680
1978
3558
808
5056
5127
9182
4012
2666
448
1739
9603
8277
5117
3066
619
5290
8210
8283
1970
3304
7852
5056
3775
8673
1240
5956
6389
3827
1600
7113
5106
563
7016
1910
7501
7921
7419
6999
380
3634
2552
6150
1518
5562
3809
9888
8481
649
8770
4193
7990
7910
1980
1067
9020
6821
3554
1718
7757
5266
6038
8318
3921
6939
1454
5419
6282
3602
2147
6663
4240
1737
3928
1825
9503
6033
700
3318
7770
1071
4961
3628
5541
1203
7737
1785
179
5395
6552
4633
6491
3857
1521
4239
2575
9493
5178
8352
379
3574
2676
2908
7517
395
6277
334
8687
8105
1903
9744
2948
7489
2167
5463
3826
7134
8603
8616
9281
1137
3918
8369
3853
6366
1174
1651
253
6608
9071
521
1910
7019
2916
2397
6903
3345
8938
6436
3598
4733
206
522
718
801
602
888
72
655
848
21
254
125
801
608
26
607
760
192
507
361
711
428
407
365
19
34
365
858
108
236
945
982
183
199
641
351
702
70
416
558
76
696
697
877
777
109
879
890
748
790
850
173
394
613
20
303
314
675
100
316
603
185
587
418
8
329
429
850
539
134
459
710
143
537
879
316
282
318
967
778
827
550
877
802
225
542
158
176
181
919
282
738
280
55
76
23
175
729
523
563
206
448
751
258
115
10
671
715
85
731
67
599
61
702
550
25
763
956
14
296
804
262
615
59
450
565
213
981
789
45
401
314
497
596
893
216
136
873
451
441
345
755
307
160
592
312
563
873
496
816
901
615
519
496
379
240
890
115
222
651
728
526
743
646
363
915
909
473
892
488
329
119
918
320
470
373
574
579
886
475
841
298
784
28
903
550
286
801
535
89
142
498
955
252
271
431
684
419
943
92
385
46
154
92
53
497
390
559
6
463
685
447
677
258
218
767
843
646
319
517
249
319
903
698
971
904
671
799
37
573
955
314
158
571
510
569
228
110
89
678
897
828
168
124
509
305
874
9
75
841
664
421
824
853
319
298
362
224
369
363
925
594
328
482
836
455
253
941
85
200
408
97
870
66
513
706
71
725
775
802
576
96
311
336
749
955
559
450
951
790
523
838
12
608
31
117
818
386
670
697
192
485
75
593
789
705
862
883
493
255
602
369
169
362
685
879
903
569
375
19
946
544
566
886
427
496
384
610
584
652
859
45
276
438
938
813
598
337
401
60
599
920
387
575
222
494
481
385
167
392
710
741
564
728
897
731
689
587
899
762
622
141
882
520
529
443
196
582
90
386
512
512
907
351
514
387
184
646
133
751
507
566
558
991
564
948
422
622
782
424
600
549
37
805
540
611
535
637
171
364
296
108
620
228
563
467
254
486
742
336
807
664
661
684
797
322
322
646
11
295
315
230
470
818
708
428
368
133
111
834
69
494
561
359
580
227
479
102
464
423
200
150
176
533
221
323
196
389
686
93
577
581
663
983
542
290
59
163
408
927
464
604
451
484
843
828
290
315
653
839
425
391
639
503
416
94
777
738
107
561
121
857
232
497
58
106
272
164
827
224
434
320
962
425
229
255
577
33
612
556
319
942
463
990
450
179
903
802
779
400
537
773
866
410
592
154
429
703
700
441
59
429
495
433
206
531
202
599
576
328
683
39
868
890
562
227
337
258
285
442
907
303
312
442
10
520
776
153
399
630
986
600
115
888
839
178
955
833
292
483
130
663
71
412
157
149
596
982
548
420
713
285
999
814
678
320
112
555
874
886
520
959
642
226
132
851
450
954
361
458
537
980
909
824
920
42
433
862
19
545
644
713
308
628
593
52
700
334
116
947
244
232
272
674
603
311
93
628
120
721
576
288
794
874
828
657
270
90
640
158
641
377
960
713
926
559
384
355
98
821
974
728
447
631
528
511
854
254
222
365
304
929
609
346
111
284
644
148
504
276
882
843
692
817
449
133
695
421
997
506
944
756
719
298
83
780
159
654
35
327
128
37
500
815
467
176
119
506
663
40
903
38
960
246
221
839
301
979
943
350
751
505
430
220
926
586
487
167
662
503
906
212
658
988
170
646
15
234
36
245
733
981
323
379
369
839
163
595
558
396
805
739
894
568
99
540
483
886
197
767
459
907
578
530
740
857
818
708
116
728
268
613
12
450
284
