7948 5973
14272
41813
13643
12151
26167
29148
41009
16018
20417
24048
39459
28021
26411
15541
23297
11922
18161
10576
37295
13388
23225
38999
31163
16393
16929
16261
29760
26504
20666
42419
10250
17525
20308
28419
27898
16954
25213
14687
34476
32281
14916
40226
29272
28023
28483
42516
19446
15995
12508
22684
36518
42712
10434
38705
13390
38119
14267
31762
30853
30457
28581
31543
17072
36075
28343
24711
31594
30715
32778
32331
20778
31961
42328
40931
12319
11266
28163
38071
29023
25673
16217
26481
34113
25526
29206
38250
40199
23188
26922
23137
38849
13510
34237
25715
13934
36186
40049
33863
23395
32865
20455
11658
22769
20221
29828
23451
37698
35259
24949
11911
31108
13603
21232
21559
39497
40078
16829
37352
22318
18232
21494
33244
31675
17302
19211
22863
15243
15594
37640
19117
23469
36628
22299
22530
35657
19627
16209
10674
12167
27468
15264
15722
42668
35378
32810
33110
18055
34567
38592
12181
39435
21754
10661
32234
41533
18962
27541
30132
40529
22210
16646
34848
40719
23485
36526
12957
27004
37387
20805
18320
27831
14685
25228
12105
20257
32926
36750
13622
22208
23754
25638
13655
12518
16899
20417
15858
23821
29410
34661
31112
16134
23051
18675
29959
40019
41476
25513
38465
35025
32583
10730
22173
34458
24725
12354
38413
23849
31118
32165
39488
27583
23423
37111
36376
31494
36987
24530
38238
20980
27821
12931
18613
37363
35308
33109
11724
40511
41360
14099
32728
37519
14468
31944
23618
36087
20893
29385
10140
20237
39466
31477
16090
31307
17613
30780
18623
27572
34441
10078
15253
31418
27163
29941
27425
40800
28046
29878
13014
17308
40458
24052
36937
17407
42477
12645
16869
25495
33052
27689
15840
14101
19356
27656
38253
19243
24156
26876
38964
35384
11861
10223
19455
42279
41429
19141
36022
33684
20504
24989
26765
32561
24345
41300
35964
28265
29607
25419
21744
16963
26555
21099
22208
15240
15113
26982
29794
31528
29141
42559
21343
29146
22024
38668
17924
29443
20099
41979
32090
28377
16563
14995
38745
38856
12390
15932
23897
30485
37341
25090
18121
13505
33314
20374
37923
38576
22940
16277
38431
31498
19680
26381
29992
20962
36810
24126
36108
23061
11981
25757
12535
42357
37511
42527
27554
10279
24984
26035
36808
22346
13493
12560
11482
39641
20728
33202
15347
38611
23674
28447
39182
36761
16676
22127
40055
28055
12738
39691
26751
42022
34137
25781
16244
32689
23739
32457
30160
40727
18008
15554
21681
40017
21591
34815
32905
10325
22758
31432
14359
40506
15566
11404
32662
20892
42058
37740
35892
40002
22041
40702
33733
28414
39122
28746
25785
27093
31352
21273
10827
16224
13902
23664
33020
26482
11500
21079
40768
25852
41619
16606
38519
41773
14270
24674
12318
11741
20473
12557
11079
18731
23286
28572
28230
11365
13278
18277
32942
25641
35557
26008
24956
40906
36129
20933
36241
28149
16028
12190
19046
11413
15016
19967
35067
12275
20082
10027
29968
25890
41434
13913
33944
29594
25218
18031
39787
41507
42277
40461
38715
33525
28971
11469
22473
11037
10874
40393
38744
31010
19854
29534
10082
12009
12748
36912
25995
25302
17939
20846
31955
35892
31637
40536
18191
11991
21221
37118
25242
27135
16208
40010
20552
28288
21617
21312
11675
40992
29184
13701
24378
26177
25067
42270
16286
28608
40104
27003
42511
28188
10185
25524
22991
35803
17105
22546
17813
41513
22086
28881
32572
29123
22791
24100
30653
25363
40928
14202
26459
37276
19292
33280
18973
42649
18394
32871
32897
18145
37859
12263
26735
38926
16571
38532
33388
41182
24886
18064
30480
35034
23245
15217
37050
31541
19697
29604
32130
12534
33440
27650
28015
26202
41525
24642
24811
16243
36740
29888
15219
24598
13350
11644
28307
15092
41490
22118
20754
23559
17517
16601
30314
12848
37540
31333
39546
39966
31159
24785
30079
15473
28632
14176
35905
22815
26164
41300
20618
18967
36113
42417
42460
15141
40473
41027
40547
17686
41205
17378
33833
41500
24094
37365
33417
33140
29680
27445
33766
15941
16897
40372
38813
32204
40624
37917
29751
30902
35585
35389
27108
29645
22696
27330
22821
11223
30307
14915
33224
14523
22157
13185
15897
11238
41969
30957
32343
28141
14556
32618
39013
40820
35958
38483
16322
33102
35409
12480
14779
10214
34883
21509
41439
32221
20081
20348
21172
23028
26029
41349
18088
11309
40962
11722
34122
34349
36748
10440
28858
33509
24461
23691
34654
20849
17342
10936
28119
26432
29155
28625
21812
40310
22946
11189
37221
15758
36501
37734
29682
16708
39070
28687
16109
18866
40571
28486
17445
37305
40602
18574
33948
24482
10798
23584
25659
14853
22146
12011
17861
25578
22669
26585
41738
25647
32456
12884
30045
39978
32060
10761
33351
12686
16351
13291
24701
20371
14112
26747
18704
33617
21185
29511
35044
14189
40677
35761
42595
37624
14186
27378
36722
16276
34168
25439
25508
23257
31578
31978
11950
38647
17037
15083
10012
20124
36887
28449
17730
36888
37658
15859
18036
25535
12713
14332
28794
20878
34778
11463
10558
27154
23837
39639
14024
22150
33740
24811
15212
13372
22275
38016
16962
16190
19121
41366
28631
36916
16879
38839
11042
29064
40849
18486
21178
36809
17659
39349
21062
35149
29495
13545
11316
41243
16964
28322
19374
39175
41648
37637
13001
30495
40297
30236
22784
14918
17872
28050
19938
16927
37391
38839
29703
28205
36268
37834
26696
14392
39519
36728
26927
19954
13089
19872
21165
28122
25990
35417
33291
35681
30028
24630
13859
32331
24116
37577
16336
16729
10256
25189
38563
33829
16670
19752
42456
37965
21140
24889
25992
25043
17276
33871
37920
41668
24002
21619
42001
23064
18828
34310
12745
17882
21193
25349
38371
30857
11533
20364
26522
41405
10652
30617
33668
18957
37829
35347
27261
34353
10097
42251
36064
25956
22011
22337
22014
40716
19778
23274
35784
17309
29949
28080
22223
29883
22095
27131
34415
26783
41372
34159
25926
15547
18074
22710
12779
23457
21163
38015
36829
31265
35178
34758
33978
28593
27523
23382
21938
28179
40905
42637
22842
23601
29314
16736
37125
22604
24325
30622
41008
42325
22408
33145
29117
34715
16179
25922
41794
21671
19065
42612
34786
14948
14759
26100
22397
33156
41405
22423
24100
20254
14206
12517
16336
10652
20675
29981
42067
17620
36884
17017
24462
22901
28281
33970
27109
35749
38798
12487
15600
42216
19414
28155
26739
42308
15697
20508
29585
28579
39505
34571
24124
38264
14985
10105
22256
34213
41575
28911
30881
41629
20644
13585
42226
33733
35353
17443
20135
26145
38868
33484
18525
36908
11115
36122
27512
11527
23952
35527
11102
25302
31462
39099
26851
10344
37651
27601
39427
40470
32279
37086
39383
28141
19420
28144
13506
30479
21005
26835
17644
18518
19500
22234
29425
11835
16863
39387
28378
22518
10123
36476
13644
22503
27940
12205
13567
33589
28484
37750
26738
29877
32378
42227
14301
14093
28900
16285
14184
23065
29184
36810
38298
30605
33983
23672
19988
27356
27611
40518
29823
16473
27755
34755
11203
40860
40629
25323
40313
13608
16707
26607
34212
24395
16953
28981
42651
41541
29413
12448
14666
10156
39320
18961
11674
19726
21940
30510
20270
34265
35335
39010
41552
38008
16727
22308
36139
24255
16702
15741
41274
24969
16185
26308
39168
34719
27643
11693
24058
26588
18695
31618
10962
11919
31869
40111
40405
13857
38708
16004
20391
37624
33034
31287
16949
38554
32632
37160
15340
36374
35434
15977
25385
16288
25421
16766
11760
27515
41577
34401
31200
21532
11889
36554
24678
37260
21080
32940
39730
13326
25959
32259
36071
31234
14733
10701
16919
40201
17398
32342
32366
31338
13278
22713
10797
39604
27560
23972
13274
23717
36906
39771
14902
18251
41548
36096
37488
18281
22225
25361
32408
23580
41076
13618
10326
30398
41015
33069
13276
37387
28664
39735
32537
17538
31557
29557
24880
21006
23153
21694
32296
32998
25575
32931
33509
13746
26559
19628
23895
39663
18831
42213
17649
22420
27780
38809
10077
39158
42417
20062
19822
29673
10406
38993
19542
24872
41541
27043
38681
22775
30161
29781
17473
20998
20552
15935
23508
10137
34291
22615
16771
10982
28219
39728
36644
25534
12734
36033
29538
17520
16034
21352
26803
21739
22313
23087
22667
39202
28294
35405
32464
14005
18416
15856
41357
40397
35828
20537
28906
14663
18447
28296
41820
27158
35964
36603
41497
20962
40011
12337
22991
12533
25523
18004
33685
23384
10409
31062
31266
35129
10673
39034
28476
34448
40693
26391
38260
34307
20884
42649
37393
39686
15676
33224
19274
40774
28667
15693
26296
34632
40018
20849
35850
27213
37260
20777
16379
16762
36429
16976
27521
41525
41326
19251
25415
30674
36104
22866
33630
32879
24527
42341
13104
37148
14498
14494
26037
25920
26720
22318
27113
32056
26108
29706
40829
20544
18644
37359
25548
21911
15678
13731
19218
10462
10084
19839
31192
19905
26707
12842
12979
22234
31054
42151
27694
29650
20840
28050
33541
10954
18770
33190
23700
16633
29041
20355
36238
38550
36403
39598
22770
31224
11940
34778
39739
13820
37180
15974
30168
24487
19195
17190
20187
42764
25785
28774
30965
12144
25271
12076
38818
12973
27257
21950
37793
29652
31448
20324
13223
17686
27219
29039
11604
42213
40870
41338
16998
13910
14494
12528
15917
39114
37675
37327
26431
25293
27831
18603
14700
17470
35766
16373
31732
37809
10110
24701
34808
19217
33369
37686
21295
14218
27097
36921
37594
24741
37228
40717
35578
27317
31536
11302
24000
30835
25353
22443
28485
20453
24560
24957
12667
18052
12174
38516
27748
14493
24585
41708
22145
36856
19486
28288
37262
40376
40304
25877
24428
19330
18719
20763
41823
26593
15005
11023
33657
37353
41149
33348
15958
34843
37133
25316
35082
24201
30054
23857
35160
24635
30657
37393
16421
40912
24652
26826
30763
31592
39358
21002
36082
38850
20455
15402
40444
38562
23691
40115
33344
35958
30320
13090
36827
31032
22198
26856
35841
18582
18535
29365
22329
40273
22095
38646
10698
27619
35598
15773
29808
10340
30571
11552
14676
35758
29419
39108
28987
13248
19107
25627
20734
41824
21066
16331
33594
25861
35730
33682
10824
21747
22456
27015
15984
22184
26458
36515
40025
31095
23690
23679
22468
20595
21280
16479
42618
33166
17236
21360
30595
20482
29324
22606
35481
42480
26226
12745
39901
24903
36426
14057
30664
26600
38531
34864
35683
18184
39563
18974
17595
25045
10472
26875
22415
29532
19845
18896
14925
26538
38473
36023
28477
20529
17902
17492
28155
30574
10513
18084
16682
22473
16773
31477
11367
31165
15341
18742
28284
32056
25482
36465
29654
21061
34897
14998
36154
25832
35649
31610
32435
16457
34035
39199
31439
27925
14963
26422
24074
36642
21582
28642
16011
34386
35820
15295
41998
38585
17184
23331
31778
23554
14846
38052
40596
35854
22253
23770
30251
19679
13565
31590
41365
41397
27770
33074
41122
13174
18881
29691
25008
30803
26194
21261
17255
32425
22567
22862
24230
24357
27460
41086
11452
39468
39312
35261
24028
25722
13539
36686
29643
42761
30560
25498
29916
13876
28165
33144
19230
33820
29056
37291
41940
21067
41284
18860
25381
42647
38109
10155
32789
34633
14208
12240
23732
17023
33255
36550
28309
17615
34396
17786
19330
17197
33555
16928
28270
15375
28348
35448
18603
37839
13145
23375
29534
20560
35661
24904
38191
14308
13494
28380
20549
22381
28413
21408
19569
13251
30380
14534
12713
10838
29567
42727
42681
17685
36029
39168
10293
34190
38856
16570
19378
27478
38131
24558
17205
14763
28309
23400
13548
16472
11868
27371
15132
11225
40163
35446
41051
41152
32646
37062
11263
42583
26741
36636
37590
42119
19719
24128
24600
30968
22097
31942
27289
26490
40952
41616
10819
27044
22851
11668
33220
41402
31860
19423
20612
29908
36953
34522
24794
36925
10270
37837
34431
24090
38245
36257
33091
11596
32920
31722
30718
37015
23422
19237
40906
14595
25101
39485
25455
20354
40320
33109
40735
37332
40361
13761
17508
13992
23687
12117
31318
23812
32795
13027
36369
35558
28280
26111
18278
32556
26650
20485
30161
23217
40056
27742
18859
25785
27868
12798
19873
28303
20851
13361
37989
39532
38048
16536
28323
35227
22678
40558
15671
13787
39718
21264
13213
31237
11221
36797
40617
36334
18482
11418
33656
31119
21095
21753
10918
17251
22029
18650
27585
24081
20293
22450
19710
39243
26628
30828
19243
39414
40878
41646
24037
40331
37095
19805
35851
36029
18854
13923
42099
41308
27018
22448
28379
41849
31346
11646
26914
33227
14152
12762
25784
18769
13597
12640
38995
16441
41595
23878
31203
10241
37110
16028
29897
27356
32005
28369
20547
14423
34832
14714
23083
21820
39114
35663
10722
41654
21953
21110
36743
41143
11828
13317
33644
28567
25892
15042
10698
38142
21165
25389
16051
34819
20375
10432
32329
18581
32553
30837
23854
34330
27453
11401
42299
39255
42650
30079
19061
21904
27005
21609
35900
29936
23673
35427
14022
42027
34177
41312
39116
29025
35652
29225
33155
41542
17081
19362
23246
13696
15098
40783
13234
37712
15189
22296
20234
12661
26528
14409
35452
11853
32462
30685
12715
10046
26560
25596
37294
20052
32861
18114
24770
33579
25317
26178
20027
29456
38274
17867
20161
33891
22561
35946
30904
37183
33919
13487
34048
13662
13447
27060
18399
13110
41691
13660
13883
13416
31153
25561
19213
26971
33760
16497
24850
19492
29754
36737
21700
35498
14109
27074
33416
23559
33349
23755
29993
17713
38628
29911
22661
37081
27125
37833
33926
32403
42701
14701
13396
27960
16371
41217
15817
33928
33329
22516
23846
41492
24043
12781
26884
36188
23216
15887
33421
14132
26895
41340
38379
34924
34476
31511
16129
33711
26771
13455
26201
16044
40907
25753
10846
30324
27695
42620
26828
17187
12665
35539
31844
11971
17056
34190
33508
13165
30564
32059
16182
25777
16422
24452
27624
18489
11262
24312
37340
41384
38152
15886
14145
13768
26366
19302
31425
18661
13324
29523
28412
23668
35807
35479
18998
28665
18688
13933
15948
18727
18528
38349
36077
34632
16180
36843
11270
34271
41730
27649
36478
21132
22524
38478
25892
14897
39310
13918
27622
12627
20787
31373
38723
39875
20364
15559
13827
14205
39859
25745
23333
11984
19661
10829
42009
38335
41438
40889
12079
22184
19426
41402
22096
21027
40473
38744
33260
13869
39074
41481
10291
20614
33099
41778
19592
24663
32424
15083
37682
11032
26978
41987
15701
22705
18386
37187
41249
23263
10190
28663
29258
25562
19139
13227
28344
12341
22532
36659
17279
10245
35170
16110
15889
39749
34301
18507
40371
40313
24410
21131
39213
17554
25781
31945
27846
20242
16536
21816
33903
30064
38060
21933
38463
27326
34768
35165
16671
20617
31336
16359
33735
41473
21751
29077
40937
23129
42225
14558
15787
23153
31690
34096
25435
20915
17491
27373
38238
11835
33350
13492
12906
22586
12319
39393
24566
15516
12078
15959
39662
27368
32235
24445
16554
19048
10377
21126
42017
10891
10190
14326
33626
12935
41505
34913
28964
29762
17125
24182
34567
42611
39941
41533
29562
18948
17872
31133
14422
16060
12552
41505
11659
35610
24373
38908
39954
23428
30015
11850
34083
31905
23612
31896
27047
21763
25735
17831
42480
41481
40722
15213
13736
31747
24829
17501
29703
26008
42343
42472
11337
27237
16772
14404
36448
37095
40687
34668
23526
41883
28738
34152
24917
38243
37861
12750
36730
34092
39203
23177
18727
42190
39811
23001
14633
34611
26709
30107
17529
39356
41611
17355
27831
19680
22730
14407
14035
12311
16833
16341
27150
34038
37562
35944
15137
36251
42094
30367
14267
39499
23070
39055
34353
39514
32479
34242
19825
13387
36150
17535
22841
10553
38116
27724
20102
34678
13059
36274
33870
28785
20562
18240
21617
30173
39374
11219
30958
21007
26498
24084
18770
32680
34207
34113
27767
29813
37839
32561
21098
33683
28359
29586
35501
10967
22555
11382
19103
20332
20567
22542
14392
11710
22347
38836
19705
32919
34470
32815
25891
41864
15047
28467
20264
13451
15823
23080
28511
30950
10491
31276
19451
35155
28721
31067
38206
35165
19416
34126
32234
28173
29933
27361
30713
38854
26451
40762
10637
17262
40555
23047
11818
38606
32741
42246
30755
19516
26838
33995
26194
16759
37130
40638
25100
28114
14491
32867
39252
33685
21442
27614
10575
16544
10478
19894
19705
12881
38163
16345
25621
28840
27205
15840
26218
38057
40069
28309
38700
28162
12507
42674
36025
15342
41637
35052
24710
27993
13102
26416
39768
11333
22402
18733
12727
14444
14465
15378
42143
21799
31027
20377
39546
20110
14171
25668
33867
23009
31311
12006
41772
21799
33798
38246
33274
10772
14451
18624
14159
22576
36625
16460
33712
27190
17088
31299
40968
23226
13263
42367
20565
11279
12378
39042
36514
14184
38614
14778
25141
30525
34538
15620
14089
20721
38016
23150
18815
41393
12573
25153
31312
37535
16237
21055
40646
30768
34083
20521
41260
16594
28416
11652
34179
14035
23344
22685
42614
39294
24029
24267
16016
20871
13311
25588
37293
17577
22641
13138
19118
35981
28490
19831
24945
38126
31594
38799
40193
25851
37459
36838
34313
38908
33339
11178
23951
18745
40543
16881
27614
30487
42393
10237
15300
41349
30517
25279
38398
10134
35329
37275
20721
10351
22947
30315
18587
27492
15919
16070
37576
37726
25081
29314
17289
41344
18856
11127
21986
35594
41612
31366
36035
26237
19250
40411
24633
29696
18997
27758
19174
34050
10070
39632
35759
34593
23247
15652
12212
13898
18149
10859
30853
14882
28605
42246
29331
12965
25968
27765
20452
30733
37985
40037
23307
37366
28623
31978
38488
10687
10918
10249
23372
31795
29339
10361
36431
36457
24951
30122
15013
10728
39091
28935
10911
25615
15174
18553
20494
13493
14779
25132
37117
24588
42118
13717
19616
14283
30872
13748
11399
30604
39473
12438
38423
16498
29174
18463
20539
30736
24643
26630
12631
36486
31426
23841
27006
28653
18493
29155
15588
42230
28336
13347
17046
26317
34723
18462
31592
10820
36534
27840
21807
26157
40574
38175
28209
39175
28559
15177
11482
20958
19930
20543
32689
16492
30778
27969
22922
36996
40521
10828
15868
38065
28792
15842
29205
33818
30303
18953
42317
20392
40785
31382
42681
21099
16692
22699
31361
24890
31119
30591
25492
32154
42213
24157
13722
12258
24642
21488
33579
19612
18707
28349
31806
10541
28474
36593
37092
33721
11618
42333
11318
41537
23440
27583
39819
27918
36859
29251
30191
34899
25118
42569
38865
12558
25611
13929
34556
24879
17922
30644
21193
32508
22594
12349
17554
39860
24351
27353
29801
34162
27989
14370
38410
12373
14492
32962
37391
15070
40061
19694
16227
37273
16227
42288
20729
30208
36341
28778
19390
27804
32931
29464
39116
22125
24447
21461
34784
14732
30799
18721
22030
32015
31456
21601
36019
39981
28573
11815
19628
38051
31839
18356
22981
37973
27527
34235
31348
10809
10571
39016
32712
32369
11085
38049
35228
21943
30322
12940
23312
25598
14065
21841
21306
12886
40618
16417
24088
39953
32186
40055
29129
10020
18764
13725
27645
15312
33969
36211
25515
32641
16564
11884
17154
22262
42279
24281
15777
21410
14530
39274
30474
36946
23342
28401
27988
16657
42332
13674
31777
31304
42011
10297
35792
29482
41194
23986
16628
18255
27914
13790
16388
31647
25304
42620
22868
19058
37210
34887
12611
31478
17944
18807
14518
18384
26925
10634
35270
39174
24477
25156
31926
38172
26601
25077
35112
19837
42209
31482
18320
35357
19130
11398
42728
30813
41568
26787
10918
16687
22285
31603
17643
19066
16923
30652
41213
10176
10519
19619
29175
32254
41494
26808
39359
24275
37452
36403
15417
24293
31450
15485
37562
27521
34792
21235
37824
41857
38388
20710
17120
14195
41321
22246
15615
38135
21620
19776
21701
24937
10003
21445
21327
34752
17775
24269
12580
23990
12395
42364
23403
42026
19581
17732
22875
26306
21181
16043
26098
32468
22587
12111
20970
15751
24470
27943
16873
33077
10442
26379
40184
14868
13130
28279
16182
41494
42575
20108
17613
11277
37743
21591
33062
28179
18289
11350
30297
35625
40288
14648
24808
24606
34782
18405
11180
30643
17595
17598
24591
35324
28358
22054
26236
35593
25059
32833
11028
36038
42334
13819
31395
30752
20607
31565
11218
24937
40287
31932
26782
31742
40441
16418
11272
28967
18308
21168
18446
40510
18433
38964
34779
32276
23056
40856
16955
16784
35591
41131
28753
23449
10053
34597
40076
33846
16580
12005
15831
30452
33774
13692
21264
28809
20146
34031
21180
12214
15830
31673
17145
32114
42127
22032
36275
32836
41551
15465
25883
24305
19166
39742
19541
30295
38060
10255
39025
42649
33126
14247
32157
31612
13511
18848
31897
13329
28081
27945
17515
28053
38268
25351
23635
30101
22926
41178
10753
34645
33579
39330
10246
30835
33167
28545
24713
39112
23098
29379
32827
18831
29580
37403
38285
36809
28049
41007
20512
42464
32030
37463
21628
20618
32029
40098
30726
31472
10789
20251
31020
24080
15438
38986
34787
14175
21315
20733
12883
21171
26776
13640
35280
27489
15454
28362
37901
10402
28661
37938
23692
14652
17186
16898
14937
21086
10081
12435
40440
38347
40317
27481
31644
41786
37213
36201
42394
22781
10273
10040
11036
34786
13422
12710
36634
40535
17669
12859
27526
36561
33179
29872
21703
30062
18917
32177
37225
16601
19186
39649
31251
25198
32445
13343
38329
18846
18947
16904
17938
11925
11346
36284
38989
28699
13923
40421
36352
35000
15017
29942
29281
24348
27690
33969
36792
30141
24462
31468
22804
15810
41589
19348
23613
37152
23822
39922
36843
38915
12774
29485
21045
40303
20477
21521
11084
38695
27423
41998
10345
25806
36465
33668
25348
35404
32075
31550
34887
26995
38469
41788
29890
16099
27797
42677
14432
26154
35736
18780
38554
10544
39086
20963
22250
40659
18251
32189
31107
23758
21323
25129
42047
32991
30086
24172
23513
21801
34469
33629
23900
37847
17460
37927
11227
36354
27640
33867
42595
14804
41346
38628
14894
27630
20996
33583
34073
16392
35428
16970
31832
29911
29583
27196
27497
16180
26896
14902
24390
22650
24033
15385
20959
19504
33664
40759
10695
18664
26438
12382
25134
30822
31221
37651
28431
41733
13712
40987
12714
41559
21871
36160
37173
26380
21650
16977
35791
38421
42550
32619
21429
33033
23718
14455
19640
32199
12884
18932
32239
24925
10536
27383
19369
41512
13336
32879
36261
25917
40697
13742
21894
31496
10388
32293
31105
36659
33533
25711
14169
36809
11808
19090
33677
36764
24733
32641
22736
10212
29398
19941
39865
40232
32837
26652
26300
19298
13076
21890
21081
40286
28135
17648
36243
37731
18429
26755
23204
40213
36727
16031
17391
19098
17911
27699
40246
39164
19309
35902
42253
24014
11054
39058
23182
38419
16199
20440
23375
40027
40464
15572
23953
35375
34308
17130
39610
18607
15311
21473
15878
38010
36521
13032
11129
30926
30435
26838
13080
34289
33471
19894
33880
18127
34181
19331
30167
14820
15571
15920
30026
20828
24629
38123
13238
15993
20213
39075
25060
35894
20533
31688
37135
19754
39226
38738
35807
24750
36363
30980
15259
37698
28731
42738
28058
40493
28675
15425
36090
19044
21396
17198
42133
15021
10410
28753
15665
41220
13413
41763
27639
25406
38229
20415
42279
29420
19411
13797
42761
23682
40088
35140
37159
20921
33160
28409
31673
13105
40143
29779
41825
23899
25135
25305
32024
15510
27288
38286
18024
27800
42490
13171
26077
26384
24407
29518
12214
34185
18204
19626
25311
23186
30641
14879
29220
42524
10319
28883
28063
26915
33298
12609
41074
23697
19279
38201
14012
20319
23847
32552
32709
12285
38748
36506
41084
17652
18020
15869
18980
22730
12220
36264
18762
23845
14463
24604
33018
18740
23095
27529
42546
14155
23027
25748
20375
34253
30106
18007
11623
32591
31614
23465
32175
19962
32820
28064
37054
15921
42660
15189
29145
38004
11868
40679
34864
31365
15402
33731
17425
18377
37097
37410
11356
10480
41627
13267
24631
27353
19384
22074
24834
27823
33990
36249
14478
32089
23594
32142
20361
10257
41022
10973
34877
13394
28579
39536
29051
23800
41945
24988
42449
33443
18956
35750
11011
23900
40497
30854
26041
29051
15442
39146
30070
19399
31782
11134
36041
18656
10981
24427
39367
27610
38746
32797
21176
34859
42042
36426
31505
17095
21684
27184
29859
11913
34633
29470
28945
34773
21214
16437
22407
21372
14864
22128
12969
25823
10439
32738
15050
36696
28686
10303
20575
34517
13346
25246
31411
13254
32968
31869
16092
32314
30692
16902
25325
21572
20040
22417
29037
28580
35530
19561
37128
40611
15257
19155
33925
37951
38353
35148
26360
33672
13132
24851
30777
35402
25276
11751
36244
12012
15862
23314
31426
30104
31377
16806
34584
20637
10416
15367
17151
28689
21532
37545
20900
13498
15254
42523
31473
18991
37483
31301
39355
11322
32840
34542
14909
39809
21328
29057
31941
17765
39020
37904
37037
41771
36322
30105
23437
21593
42026
38792
41135
30819
33021
15486
15555
19335
14510
35921
18900
35574
12733
14676
16251
25652
26282
35544
25427
29633
31239
28914
40364
38649
20689
34175
34436
38201
42752
40550
16051
25667
21085
21789
26981
35812
10132
10095
22989
27860
13706
38268
18712
28381
19184
24833
10400
23103
31257
20953
25699
24660
36616
41924
10675
38768
11214
33128
34351
28171
32531
12437
29425
22818
18674
21453
40969
16858
41482
25860
37930
30311
14545
19876
29860
41516
31020
16340
35218
37155
21053
13562
21077
17024
36476
13694
15937
36497
29194
19922
23957
25577
37698
21679
40625
24509
41360
26273
27523
17806
36486
15045
15171
39432
19756
13521
27744
25899
39832
22614
31418
24488
35519
33090
26129
36750
14475
34217
23741
38949
28718
42181
32416
16666
42165
26427
19546
30941
31200
21663
38587
22088
20273
41531
33406
23937
33091
16140
29748
35873
21853
24846
30846
28822
17223
30650
31871
20678
37212
10188
27281
41972
30433
13385
32567
25576
14485
30913
27220
31050
29577
22737
37018
18256
35378
18669
33092
39577
26557
21596
29704
32600
36258
17540
25415
17076
40828
19816
38536
41839
24856
25455
12580
30150
23244
40551
39234
16025
38922
19913
19206
35276
13364
41535
27654
32749
10674
36963
13054
32535
38723
20682
30660
15126
28560
41281
32638
10443
18183
11094
22802
14546
13286
13339
24030
42339
29846
31014
10922
22390
20539
24284
42202
10027
25993
21488
24552
31592
23513
36390
30482
36036
10876
33885
12112
20388
27215
18892
30089
18851
25999
11916
36102
22072
23023
18774
33319
40595
41192
20111
13653
18631
12881
22657
37431
41518
13615
34028
18217
18697
37582
35773
37098
39272
16401
13085
28308
24906
12550
17581
20946
40964
10941
26640
40781
21735
26459
34475
37735
41245
16490
40104
24364
16596
21363
39745
37253
40863
21711
16443
41135
35864
33978
34480
10220
20171
31401
38162
11641
10319
15070
19565
33983
31414
19001
23788
41165
41512
13393
33695
27398
16586
14275
21883
29207
33252
36042
15267
34093
38980
31248
34022
36708
31709
11204
12424
18306
10932
33005
22085
34789
28925
17150
20371
25274
31872
31658
34344
18032
16194
23801
35772
18028
25954
28572
24336
23551
25153
31614
33327
13205
22757
24219
17907
23087
25504
17941
28364
24339
32492
32132
38589
15809
39834
18574
28839
42026
39980
31417
20682
26909
16767
16764
40585
18178
19117
21660
37741
11978
19505
32950
27501
18214
33356
16407
27245
27639
41640
21972
23300
16902
28988
40728
27266
13046
40047
36536
34354
25975
42112
34573
40412
34236
21029
34306
28558
29230
32882
22380
16540
41058
15869
16794
10214
20040
35136
24621
19801
21414
11326
41258
17081
10181
31594
38990
22941
28523
31684
40098
39611
42760
13381
25679
16997
15668
11901
37554
26196
12633
27259
27827
10405
35501
18925
10067
39969
15204
13960
33925
15809
17443
34730
12863
10097
11191
27454
40912
24597
40711
21985
15732
27850
19783
15938
23078
34670
21615
10191
37813
40546
20972
16526
36122
33166
27541
38472
24329
24742
25824
42733
30406
32428
37974
20532
22330
16055
19780
25218
28742
28146
37300
23309
32855
28391
41115
35137
13371
10750
13396
41827
31027
26432
34125
36468
13641
30049
25857
23896
23011
16894
34086
19255
33945
18211
16167
13604
41540
29200
28628
22268
18519
26429
15193
20369
14451
18331
19820
12296
16949
23325
27083
39552
30547
17527
24806
13301
26087
41510
15576
28003
19722
16560
15004
26670
32677
16941
25470
31169
27012
24326
23247
37493
27308
41981
13277
35765
31983
20845
25635
41313
22461
16339
42428
39535
34365
28046
24094
25816
41884
39395
23812
10418
12710
37188
34732
38553
15763
36562
17475
30036
18211
22304
14750
12982
40429
28730
14122
31681
10483
39654
22822
40978
19579
28969
15631
17529
25114
19981
23132
10471
30482
25250
21356
34189
17630
40003
21181
17218
38922
16410
18526
37669
39240
24551
39847
10628
11457
35836
42279
40957
23465
26252
34014
17123
31766
31782
10412
19940
35602
34173
38666
23528
27886
30314
20984
36411
34778
32308
26166
12015
27827
23822
31415
21116
33308
13025
29779
15530
26064
11084
33212
36017
30775
10986
41907
29854
17975
25043
34172
32760
17740
26469
14735
11684
38363
17220
11920
24838
16323
34719
28801
28265
40246
24757
35383
18081
26567
15768
39690
34286
39875
30257
29905
27172
42437
37509
22030
29705
36485
38710
37989
14335
39153
31565
19283
41443
34431
11062
25372
12340
30145
15628
33797
27256
36666
14872
18884
38619
29808
41364
19253
29466
42306
34996
19022
29855
20348
31719
41045
21486
15529
34138
14928
26431
21032
31933
14782
36972
22402
33867
36228
16910
30459
22276
38698
24547
11367
19517
12359
32372
38463
13403
42042
17908
23796
29404
29211
31850
42115
31127
27378
31507
15434
35140
32806
37633
33050
23358
22072
42249
42381
39048
28592
28892
21658
16910
33880
24436
25190
28206
22697
19634
32605
32631
10627
37957
41346
14513
32801
26061
38915
21021
33355
42048
32017
29694
37581
21645
31214
14935
22057
24448
37192
42487
28553
10982
25541
40627
35319
19953
41695
27379
33232
25822
42482
16496
17014
18388
21907
21051
11334
10512
24868
32770
38602
24127
29349
35471
17199
22827
21709
29073
21241
37786
16218
24223
38645
29299
15781
16762
19055
25635
25465
33170
36518
15935
17445
26828
14973
40555
24528
11139
21107
21114
31501
12749
15573
35799
38064
34303
34355
25123
28127
35955
18960
26911
22636
26760
37853
24013
16226
13035
19497
11986
40413
25877
34322
25631
22559
40469
16639
10704
10977
42128
29329
33364
42215
18950
27862
25551
24279
37718
29888
17596
25931
19077
40150
23511
35109
23995
14378
38714
35363
12174
31115
36550
20403
15491
37627
30148
41992
14802
26980
20428
42349
37226
12422
27878
25049
24373
33588
28912
20676
21405
19392
27200
40762
40783
37044
15242
33326
19519
31170
23811
33552
10220
41214
14534
31394
41701
33867
42615
11783
18828
11027
18983
16924
14874
21564
23160
30988
15331
16471
37378
28191
23516
27674
20469
17363
12890
20240
11263
30766
13852
29327
33136
21330
16524
29931
13724
42066
10050
19689
15744
16452
36554
24950
42665
30616
23207
18841
10066
30120
24215
18599
31181
16015
13593
23222
34596
16191
24365
25939
42239
41934
37211
24696
27336
26641
20982
35768
25102
22124
19618
33725
38439
26856
32532
19444
18202
16518
41753
41095
17340
42708
31194
42124
12056
19901
23646
16508
13588
16805
13648
17638
29266
16822
18435
42340
37717
29300
26803
24527
28389
40600
35342
25519
40884
31259
17394
36341
24897
39825
14201
36077
13309
40888
29747
16494
36013
11089
17074
27220
37647
16174
30796
17199
13248
37517
14364
18237
35165
26532
17738
20374
24808
36477
19084
19367
23918
35332
15085
12001
32487
35679
12238
26290
36958
14205
26666
27829
16722
27378
19742
18726
28251
28674
40872
39320
23825
23291
13231
28650
28457
32969
23619
40311
37089
15300
27943
16013
26271
29388
30092
39457
32212
38552
38944
10688
34087
35147
42055
24009
20432
42056
21672
29146
10305
20552
22252
25992
13836
25514
32962
27987
31489
15114
22055
28632
11158
16404
17636
25417
26253
21146
14680
40731
36816
18405
28791
30206
21152
29769
11027
11282
36590
29436
42587
40280
13833
41001
32161
10343
23162
31039
22880
12640
30508
22415
36733
20771
12753
14614
39117
33987
40064
35735
32728
28984
15011
11758
11484
36692
19728
39840
13077
21497
10614
30390
33596
10376
41211
25548
10062
18332
14883
27749
27534
20985
16884
23425
39117
12223
30808
18546
41961
37348
23490
17387
30356
10208
22548
23386
13654
23978
23745
26231
42709
13796
40494
21277
41045
37970
34399
25434
39803
35985
39119
37314
22870
35078
19871
36872
13984
24084
10227
37839
38208
40338
35738
26045
32532
15996
38381
26321
26094
27880
32249
32759
42204
38460
16352
12250
42669
34207
38780
11002
21936
42157
36422
16894
14527
13423
41078
33355
24956
37514
15724
17621
36827
24246
10063
40757
12001
38002
30196
27389
36523
27895
16641
22344
32689
40298
13650
14485
13132
17749
39323
35541
34166
41304
34383
22978
37841
22044
21697
33651
17900
26505
35210
35117
10945
12345
15914
25213
20354
27948
19954
34435
29589
12733
18977
40849
15837
22484
31053
40181
22331
16478
26116
38674
36436
30714
16564
14774
26773
37877
39112
10407
17525
23417
12564
37503
28922
37121
29555
26042
24191
28688
18350
23566
19636
13091
20896
20475
39398
13796
23192
37026
38785
34720
27135
10202
34771
33275
20795
18049
10514
14307
11986
19216
29089
20674
11475
38514
24975
41976
32370
41751
36193
10376
24818
37444
17937
36113
41928
41901
33366
35841
31741
19269
27942
20485
42708
22869
15737
31940
40877
26827
15185
12236
27945
34773
38391
36300
18831
20143
28551
12293
10862
22714
16814
34299
27524
21453
32691
32624
41183
39375
39348
37522
21570
34950
17715
29300
12746
35754
11985
35259
26577
36158
31064
36250
15891
16416
11775
15616
10255
30942
33258
40975
22193
35019
38129
23505
36141
20306
36258
28198
15662
30091
13961
26113
11824
34828
32943
27604
13354
25346
36704
11849
14705
42112
12593
34611
40921
39190
27202
27844
15645
22182
29633
33536
30337
31091
21679
24945
16309
14203
30695
24861
33021
15879
25436
34485
10383
36224
29858
23823
27452
18308
18096
21462
30803
41785
42212
30337
42179
31713
12103
36737
20863
11695
37907
35775
37159
13529
33394
12869
20708
17135
14985
33851
34964
15979
24245
22806
13863
24713
27156
35596
10312
25945
28744
18379
23616
33298
35447
22890
29464
38313
38294
31648
33278
18338
42472
37172
16875
35111
21441
19892
25218
11351
17808
10090
33850
34272
39708
42380
40383
19664
40462
24243
20630
11432
23472
15246
28928
15794
35828
20952
17698
22421
27064
27527
16226
29223
24648
36423
14356
34946
12837
38694
27222
12890
32005
16017
14392
26510
16154
39039
31265
41468
16791
25836
23918
20890
35953
17545
38491
22211
18274
42418
26919
30414
11316
32160
20083
32485
28220
41440
14060
35092
15141
22019
12841
38817
14575
24984
31958
31388
42294
16983
14867
13238
31160
20127
23575
19543
14866
23587
32793
20970
20170
16096
16752
27772
37266
13394
18425
17285
28363
36583
38329
42245
16457
13748
22467
41683
17750
19558
15964
39474
23545
38780
41054
22950
24440
28852
28122
22790
20507
24515
13825
14289
10291
11081
17477
30149
33371
30212
39099
39342
29950
15428
16324
14973
18201
17823
19692
40601
25154
24293
32018
25978
42474
28759
17354
28531
32735
17427
18431
30671
28180
37075
37853
38176
19877
40151
31725
37844
39702
36128
33154
24329
34780
13535
13397
27555
35102
31021
22380
22939
17340
40188
19776
16281
31121
35150
36638
21702
23541
26021
13262
27867
26502
38074
18803
31359
11561
26993
34482
35791
11339
10253
38678
30014
41581
10144
34483
40607
29663
10182
37130
42624
37323
11923
22317
20410
33142
33482
16676
27974
26819
38480
36494
16466
17401
29920
23179
31892
10437
35583
38618
26335
14979
22835
16959
16884
13241
26480
24104
32154
10468
36051
26511
23537
26744
24467
22306
33027
39970
24884
27810
41116
36688
15101
18825
15964
16115
40621
40687
13322
38531
40810
29358
29227
32324
38650
16325
11987
40649
27445
30202
30396
32182
18362
40132
21653
22474
40930
40295
33436
23580
36082
30817
23151
11428
23701
27141
30495
18430
25481
16998
15751
16491
26776
29814
16092
25625
15306
41071
10629
15012
19929
40306
15404
31708
23525
18030
28437
25545
33641
36420
18350
34796
21102
40745
35432
37320
10238
35147
16070
33441
30940
17591
14771
25732
19570
35450
41497
35975
34315
18694
41903
21074
20034
14296
17427
24798
12474
20056
36376
33917
16912
41473
34657
39451
25102
28609
42031
33731
28194
21667
11639
18021
30734
31147
19768
13526
21728
14081
13579
19480
38949
29267
37628
42204
20314
15476
18584
40517
37283
29257
38983
42479
14272
25829
15580
16688
20540
19699
40811
15261
41959
36180
40794
40656
24199
35082
41147
22377
12235
36949
21721
11091
30848
10523
28945
25929
22535
13965
18404
22936
11783
17416
30794
10278
25695
30521
10056
24499
38239
28037
30660
26207
25143
34984
13465
19308
36271
28316
24807
26182
12057
16572
41644
26304
37252
20009
15257
15009
37683
17773
33822
27743
39246
10590
40136
24362
27606
36165
18892
35884
36318
23616
11492
42256
26105
12261
20825
16321
19183
31272
15969
28532
18612
34431
33708
28392
12698
38468
29754
16364
20421
40026
33647
25635
19167
23571
30825
37636
38414
28497
27537
37156
31267
30700
17008
36024
36885
32852
40389
41813
16301
20344
28116
29947
38530
13286
41216
26706
35624
35379
41116
33843
32933
33437
36863
33386
40484
27119
33238
32699
20206
31141
38847
27939
32405
29521
16403
42591
25970
35645
34306
20915
31058
26194
10214
27876
22125
12088
26577
11142
13464
34495
19048
35454
15547
21374
14325
15551
21124
13498
13239
21847
42589
40073
40317
21167
41884
21814
12659
28430
36602
30184
14907
23136
26951
35455
10559
16694
27228
29375
35142
17677
10320
15536
32582
18899
16111
32324
19833
15527
35687
29243
36019
14305
20549
23620
36851
10322
21920
30821
42552
22477
22932
31132
11926
32997
25843
23495
12936
20473
22582
36033
31368
30062
17594
12494
20701
11580
26153
34361
26293
24492
20533
11323
36723
16224
42125
20767
17994
34963
25865
35748
12811
17826
13864
25507
39739
15563
42429
19953
34921
27445
18917
40839
29886
12593
19516
15328
21718
37824
13649
33443
24014
14165
35927
16514
17055
30684
40733
10082
23466
16890
34368
37308
27796
37271
14751
38211
31827
14746
18703
10439
29577
22771
36176
24921
29969
41183
25920
35504
42200
20583
21327
40651
20719
35114
36659
24792
12510
24925
24541
40789
12090
22288
20907
24949
29050
34995
40159
33733
37382
22232
20560
34831
16529
21307
37983
40062
15529
41215
39469
40452
24204
10810
35595
39417
41534
20148
35890
37637
26840
28652
10933
36159
25635
32348
17331
42390
24677
27646
15569
14449
24699
10255
41191
23442
16424
34835
29946
12096
20653
16921
22891
19109
41882
23616
19309
18293
30691
13690
39612
12496
32054
35728
26509
22890
24972
41575
15552
23785
23807
28801
39517
20622
12251
29894
33854
26392
18167
39301
26889
35813
31302
18614
30050
14683
39337
38274
10078
36486
15367
40709
13882
26626
33952
36946
41549
32796
21150
25015
33083
23092
36589
16195
23148
32102
35917
14470
10172
17001
11686
40344
20084
14518
18075
11613
42106
26349
27233
30982
21956
27253
40146
41179
15890
14947
39357
20024
35549
37278
42625
36566
14730
17472
41434
30028
17892
33855
17914
41686
40137
22860
20700
40532
10019
20475
34517
40086
33051
42021
17260
40406
12681
27275
35947
33926
30126
32187
23350
35149
29989
12856
36956
12364
29207
38357
17772
41893
18863
15970
28938
38718
22733
27530
37185
39362
39167
32764
20507
30441
35245
38345
22127
36602
14739
12813
16635
18318
33908
23506
27570
31126
22797
39473
34647
32927
39753
40378
11595
20309
30387
39191
26020
11590
13616
36075
21374
33257
28142
35584
31638
20703
41112
13474
22805
19320
37068
30790
13481
39801
30158
21104
29146
19229
21118
38355
18076
28249
35207
32441
37152
29028
33242
38309
16368
12407
28507
42295
32827
15570
37849
18257
42605
29439
35908
19832
34051
18010
32282
34941
42398
26065
14627
13148
38998
40425
41310
34148
19792
39937
30011
12184
11411
30427
17418
18774
24599
41048
10420
28726
33823
42115
40105
40757
12745
22993
30489
33043
38884
26280
27751
16889
38401
16413
41435
42079
36301
34306
10647
23853
24222
24608
31436
31520
16203
16577
14893
23920
27201
12402
26276
32176
20435
34566
15940
37109
17106
13790
28544
17466
21342
34664
27290
38915
19451
30694
26462
40769
34024
35697
29455
42358
33196
17725
39586
32793
36081
42014
34090
36668
18069
18507
37524
12652
22527
42595
21140
11993
17071
27565
26591
24503
32025
30628
11163
37347
20916
36531
42259
29130
13390
10813
10672
31367
33186
35296
14629
12619
23852
27131
27113
12290
41276
33645
31210
17203
38218
14496
22400
40744
24201
37831
13983
28752
24254
31331
34386
19169
30035
14860
23140
15809
22183
21102
40288
36007
28073
41106
40637
21886
31653
20319
20818
42250
27230
12640
19984
16077
33884
26567
28399
39980
34695
31410
38441
26318
17909
18094
30119
29253
18689
25465
27320
30960
10909
26637
16905
40991
39145
12249
30674
34681
14340
34130
18509
26523
22049
21930
42092
33794
42462
20959
24267
29739
29394
41208
42212
34808
33893
34700
39042
19286
41701
10371
40312
27933
29398
17184
12178
36152
39561
37440
21708
13829
26096
12508
32706
34046
23728
10197
30312
18074
32376
35057
37115
35182
39313
15136
25911
27800
28599
23557
12747
11613
40232
23217
40458
14353
30202
12210
41443
16439
19889
22092
10771
41962
23825
27398
19609
40572
14897
37737
41322
36444
38609
37636
37735
21053
14573
12723
15756
33140
24979
22305
10346
33698
38385
32652
31703
19348
32434
28104
30948
14695
20875
16007
20495
26608
30992
16599
10170
26971
28365
14316
26332
14097
31634
27168
38903
22752
21006
41272
30794
34646
14239
32745
34631
19821
12137
20635
10823
28014
23462
12652
14461
36111
35132
16760
33576
27870
39317
13144
11789
12003
16043
26856
27685
28801
15714
31821
29843
15262
10779
23095
17368
37636
21382
20836
32074
40454
20407
15206
32963
14182
24445
41637
34966
25462
39919
35239
25543
29054
41543
14223
41083
19550
12788
11748
15021
15988
28906
11156
41763
11456
19005
24889
12960
36166
39662
15002
23900
40116
41221
24949
15025
38725
24799
23932
13591
30949
29898
30109
30290
34966
31439
13958
25578
13074
38095
17001
16348
30898
11986
19964
16783
29326
32667
28357
15113
13030
30592
40596
40547
33985
37240
38993
30586
20179
14966
29175
11752
40356
17141
38881
41779
39151
36564
36165
33091
26696
30565
38398
19738
19202
37825
11662
37311
26448
23390
28515
14203
38058
22243
21593
23368
42355
21306
27009
14983
29656
19175
25633
34545
13819
31129
14075
14032
23889
19967
36050
42351
34120
11741
19499
38863
13614
16479
34897
31131
31054
12973
33691
26206
38748
10943
42737
21236
25107
23667
37517
27455
28700
29917
11263
30747
14898
20446
19828
24979
25732
11256
31287
41301
14170
20576
15480
14691
35580
22869
36941
33548
10960
40625
32758
27163
29634
26814
21861
26702
12776
26442
34046
21769
33126
40702
13723
23884
13968
16619
35283
14307
37199
41062
36476
27100
16326
15126
29294
12094
29749
34635
27530
23544
37405
31889
27899
18712
13989
35462
37564
41533
41020
29160
26202
10063
14720
13298
24828
13933
19294
35817
20128
12839
39547
42738
30375
38894
29651
36390
11668
23240
27809
30440
13329
22089
22910
28022
34611
28094
16588
36287
34302
11179
19541
15989
36908
30072
32304
41570
33322
10087
11493
13311
12900
11465
35536
16195
21442
26738
15563
11705
24946
33130
17415
22741
30697
26597
16187
22152
16164
42613
18177
29714
18996
21375
27004
21272
36857
14060
35135
23798
24878
30752
41834
32854
32677
26672
16662
27906
15060
15439
38900
16886
13713
19594
40496
25018
14618
10934
38300
24814
14680
42406
21002
17190
28261
36001
16121
31225
10059
18194
26741
23125
14863
38018
35640
31765
13550
35012
28693
14294
13542
39023
38551
14086
34168
18834
29413
19005
28077
23714
17128
31185
20055
33207
16048
33957
30105
28152
10260
16705
19369
25940
32153
38184
15573
35956
21654
30309
33988
38637
40597
11112
16127
42425
24059
15632
24751
27112
36332
20233
32681
24467
16745
21080
35495
13586
15803
17972
22232
12910
37909
31512
42652
13593
32373
35862
36232
37853
33739
33390
21937
32531
10077
22367
18983
12565
10090
18493
35519
33526
36621
12484
19734
14704
40805
24492
11986
40477
21491
39293
32043
14570
34371
15781
38315
15818
29903
16840
17457
33447
12576
30551
16956
37278
14646
20324
15206
11115
16426
37045
31535
20002
27154
13335
10236
37921
32549
23284
12128
32578
23072
37928
18329
33877
38376
25361
10846
27341
15984
15589
27864
21689
35037
28745
39150
33526
22248
11039
27589
10659
35204
37535
23943
26838
26305
41385
22116
15757
38641
16729
13527
32488
32009
20445
35115
15253
28234
35203
10813
35723
36128
34838
34691
10747
19274
19563
23629
27523
22331
34359
10315
25766
30912
36387
37200
21625
41188
17955
37461
10142
12561
21507
39873
10102
15735
27203
35048
10643
20145
37668
36561
21356
26278
12803
34876
18005
19630
12006
17123
18350
25847
32853
12801
14682
38694
34667
10769
30323
34881
29228
35288
26683
11212
38937
29861
26454
28722
34050
33240
15671
35431
42524
34209
23001
42188
19795
22282
37295
30035
32481
14136
30685
32483
15648
15853
10408
33278
18076
28498
38955
24737
31341
24308
14668
31083
22212
33804
37103
15874
17859
41731
35178
34995
11410
28725
39480
30040
28847
20470
38897
16767
26501
22482
16505
30664
25665
29977
22392
27279
22497
23708
26379
16843
14221
10161
30906
41014
40235
17021
23209
41903
22062
36722
17682
17628
21678
25622
29682
23059
14014
17158
35075
16763
22522
30523
18923
30318
41311
29837
36531
38434
35680
41333
29818
38793
34357
28183
10347
14965
15479
23680
24300
29184
25578
24108
19224
20011
37018
10955
10864
10437
15913
29764
14541
39311
33639
39931
41114
30109
42019
19792
15167
24063
30017
41320
13792
41377
18189
12335
28232
30320
18895
12957
39968
19902
41120
39481
39525
18408
38523
16860
25881
35638
10647
39864
40760
33282
24820
32920
13549
17437
41012
33897
28166
12142
28077
29690
33958
29660
24252
24576
37945
38511
40540
22877
29869
12209
16887
17058
21984
26971
24700
23250
12116
32557
40881
25961
22570
18206
11211
37788
23374
33973
19772
37603
23535
35767
37068
25781
40498
30210
13803
25490
34855
28857
22341
39239
12028
25761
33176
19054
17520
32203
11458
23348
30859
22132
19231
29023
41868
18729
25361
30607
19492
11823
26336
26051
24033
34849
16069
29472
41965
25563
14657
38126
23544
28567
21939
28388
30067
36182
40234
39077
20735
25730
32120
23690
37925
14033
23176
21410
25927
31852
18929
33527
41942
35665
11466
24083
28870
19957
39873
21187
39743
19758
22887
16923
17814
37201
16078
35514
22139
40599
22102
34896
35444
37062
39108
11357
14730
39437
32916
37947
42305
26927
26513
16478
25294
15076
25250
20699
13701
39548
36839
27431
28049
38341
35588
11553
40679
26671
31677
20819
17533
24878
29380
26741
41910
35296
35022
19507
33825
19952
29676
12081
36708
11194
34585
28235
28019
12207
20495
34593
28934
16123
18272
22483
26697
30054
18113
35849
26069
39544
14761
23351
38367
29153
15387
31775
29615
27416
39871
29079
29524
29761
28472
38028
29591
29780
14258
32583
35885
12412
16570
15855
35889
41149
12883
26703
15569
30682
35142
35034
15431
25206
27065
29932
34059
16761
32771
31315
30022
25525
25535
34318
27274
33482
12575
10324
17857
34630
19588
39385
27492
22545
33867
42572
37870
14601
34025
40996
32911
31977
21306
16796
26660
36463
16662
40700
12391
38078
36902
36379
18275
14081
14069
10018
12588
17233
31818
17042
40396
15577
23734
39049
39808
38199
28265
25921
14629
38182
14153
14041
11501
14426
10566
18520
21334
32940
14567
36335
39517
33911
16937
22142
11502
15426
12170
42586
29344
21407
38753
12110
14239
33106
17264
35295
37097
10934
22204
37844
20670
22109
34205
38902
40785
12791
37905
41749
35780
12149
36437
10827
10579
32110
28599
26245
36048
24257
11174
35134
15951
42364
19723
11918
29474
21756
40924
12388
41992
12118
39149
16143
21409
12790
28682
25348
39205
17798
41028
19419
17238
42258
17032
37018
10163
16489
30326
17718
29167
40390
19823
35159
34721
32431
27632
29788
21565
19486
21791
33439
37187
36319
38052
26618
24246
28985
15034
27530
16336
41680
24198
12466
20468
32714
39591
37219
17380
25137
14350
28059
35636
35992
31504
37932
42495
30978
18105
10431
33496
36607
35428
11032
30979
34072
11656
33692
13030
29037
28117
14608
40122
19869
25472
13219
11142
29158
40923
12591
36942
19342
39464
20156
11143
21121
24239
19270
21711
33339
13326
26560
19163
23016
10961
34904
24497
10186
19266
31485
13591
41948
21890
34590
40267
40373
18393
10933
29684
16814
40779
10373
33625
14663
34412
19359
18897
10951
26229
33835
13178
23587
36502
16741
39982
32033
25998
11494
11699
23741
22906
11045
28210
36300
33258
17725
37611
16095
10298
24561
27430
18794
10784
25581
30573
15398
27265
15182
33016
25779
17545
18533
17769
40066
13562
14776
35514
23794
11716
24394
12147
24249
18391
25885
35616
18566
18229
38644
13058
12517
42315
37213
30469
30562
38273
33775
10994
14577
14352
26833
36838
25485
28435
21884
29187
11552
35298
18625
20069
29091
15003
39437
38231
15494
35329
28140
23751
33106
15754
21452
38648
18317
25523
28932
41335
19934
31383
23828
16464
26737
25792
37678
22913
40605
41021
40182
33967
19396
29684
23175
17176
18299
34618
35766
29641
22763
38817
32410
22545
31095
16657
34636
15413
10912
35867
42219
39013
25381
13961
30691
15855
22382
27194
28015
25779
41258
22061
17501
11479
35384
24027
20242
26812
32451
21194
38605
17200
27314
27743
17456
38373
34367
29172
28924
33825
21989
19242
18204
11704
24960
27264
37093
36408
26288
17957
40604
23651
35454
21259
42296
32226
20034
13885
31338
25399
19396
41074
20955
24564
31905
34786
24501
21290
37104
13400
33892
13349
39206
20873
26014
22358
34615
31652
39072
32657
19198
31274
16827
36729
36319
40192
19728
28472
20907
28611
42136
31347
30403
14171
34663
35452
28033
28115
26161
28874
38611
12391
26893
30119
38953
21471
23402
2074
32643
27661
3215
7508
26130
25826
16071
18893
19335
22309
22109
13618
31531
23045
25236
29511
13564
31645
3818
16419
18698
32458
14749
19613
545
11066
21359
12034
9128
25542
27814
19465
32457
30466
4952
19464
25299
24082
26341
28775
27868
23999
1221
23893
31402
15818
12932
11195
17620
2687
26890
22382
25636
5262
9504
23977
17984
8983
8496
8122
21897
3076
23628
24059
22596
9883
4722
24324
19192
19539
2575
5919
14870
23527
23233
25597
24287
29354
4449
12455
899
20506
21825
5558
29318
6071
29362
18887
30056
25878
28362
30250
9861
26161
2148
17370
6714
28673
19047
13490
9033
16719
4940
7389
13951
26567
13786
20623
12692
31566
5940
23026
2386
9109
28182
19300
8953
7150
1884
479
23779
10591
13252
27576
2660
14069
17140
10125
26356
3163
12223
3961
17552
21163
24996
1161
31069
23428
10135
3700
20623
24157
20485
9094
649
8217
530
11486
30789
14555
15397
6873
24055
27675
7078
7630
18669
18170
20998
22268
29882
30930
27392
5568
23443
6674
18463
29964
11769
21833
30081
27924
28057
9856
15322
11594
12144
9421
5051
21133
18738
2597
24085
19869
28141
28018
1529
3539
32233
25317
28577
17423
3540
30350
22708
20977
26907
13610
3526
14668
5019
14140
6430
8151
3705
25183
20157
15142
25678
21722
22940
14553
16520
12149
11828
30484
5645
12683
1603
8495
6433
23393
18894
1198
4233
2742
2402
12915
16880
17819
28064
16434
32139
10117
16377
15910
3321
9377
28853
13570
2413
5991
15930
16427
23822
19570
24971
6180
29598
143
25615
8521
24154
1300
660
21185
28450
32371
16787
2478
3802
28942
5813
7334
21264
4173
19351
17255
5855
1006
32202
9926
6931
6045
24607
11497
29069
2245
8481
21942
14314
26277
6882
15243
25951
14502
12283
3120
12263
24300
31182
3594
19617
24875
11278
1425
3955
8124
20866
3844
11764
6896
17925
16475
10633
17572
4562
10109
9422
4117
2558
30899
10295
13302
23110
348
6647
21184
23563
13027
27936
32074
24219
23023
19468
17305
17586
21977
16893
18425
6977
25699
10240
2124
3437
21927
22807
20899
23003
15437
29078
4619
11563
28161
7630
31914
1474
26660
15337
13322
1229
27842
21781
28340
20610
27589
12773
18945
27561
3176
3571
16173
9820
27374
11979
28333
3083
24211
25092
13762
29379
23491
9904
16975
4015
18058
1527
6376
13535
18764
24318
16683
7240
950
10766
3155
25612
9716
30450
10762
8188
19492
10912
32639
9307
11787
16412
29881
28133
30471
4250
11307
19216
23109
26339
22664
10898
14132
25081
9432
13091
25146
27390
25292
2180
26021
16978
29518
25024
20196
26620
7517
21682
23543
25419
18200
31431
7460
11708
17688
21254
24300
17695
13315
1357
28733
10486
4190
27357
6377
18206
163
24
21591
7089
1428
9098
9337
2090
1230
17959
4349
9674
24993
28883
9928
5947
6175
17192
2976
7540
3699
20339
31272
29660
4213
30719
14866
14258
10619
12695
26768
24236
20593
20294
9483
222
6700
15201
30232
31198
26107
16839
31400
9510
14463
20328
15230
14777
14525
19204
12519
2314
882
27445
20645
9497
18598
11696
14380
12767
26500
21448
18193
26092
31849
2100
15807
32335
5435
4625
13420
10678
32764
14635
32331
11990
26527
16248
19715
21005
13082
5093
10337
15942
23228
8789
3657
29982
10177
25831
20211
2629
4644
6776
31060
11814
12468
18026
27609
19402
28522
23971
23899
15865
32762
17624
29264
24483
14504
1035
12862
31615
21853
21330
29046
24306
20218
25819
766
5170
15596
4141
18127
1963
29953
17072
26688
7330
23929
22896
24771
29976
9569
18462
4815
28913
22300
12632
4381
10325
31043
21545
26135
25943
12719
29396
28558
24788
7891
5837
8875
18078
23375
22025
19496
17626
24515
32119
8383
10919
14049
17615
12771
23041
14279
28554
6831
4324
14987
32561
31004
19892
31511
23259
1910
21212
7735
4082
27153
3510
3312
4149
1336
25771
6676
4355
28518
12443
9747
28630
21433
25982
13588
16398
22691
11852
11076
26096
24291
27
9070
25326
11443
26759
5069
14120
22851
6999
13598
31796
3175
862
24568
7450
26252
23198
21600
20387
9457
3508
8089
13012
22036
28272
5177
14005
12906
31171
2178
12631
27986
13534
20206
17684
4684
26008
7436
31769
16998
10768
21643
15650
26104
13204
25236
32133
9873
10434
10590
21618
17713
29421
10236
21369
8377
31427
21625
18508
159
6188
23590
19399
30694
14709
15923
16941
29774
1453
29821
12469
19912
32335
7847
3141
27180
25634
25452
25981
18734
25438
31795
5623
3215
19216
7908
21197
20624
21439
14843
18524
26796
14672
14043
9032
21638
11303
13924
10945
289
23951
31687
20484
10831
11100
31129
22308
28780
11983
13607
32010
30283
12985
29706
16058
7025
21731
26619
9689
9857
22190
19688
15980
29688
24823
11591
6627
32026
16189
16554
854
19245
22022
6291
18702
10980
22654
3978
16199
13342
354
11886
24628
31185
21276
31753
11588
30272
9008
27366
13732
1909
29910
22887
26117
4075
26344
22546
1439
3979
14591
10796
1142
18649
11226
13449
32476
18032
16639
20130
6711
21676
7588
10728
7940
17318
5327
17240
29724
1381
7357
4944
24374
31826
13185
28577
11950
3565
30445
21477
12421
19903
29621
1043
6824
21647
28626
15696
18549
6105
13349
26888
29051
21884
6493
1598
15745
26547
23578
15648
22986
5446
31826
20703
29592
12802
11253
25533
15343
9062
4300
16744
22683
7583
23975
9094
26229
11447
1719
9361
28897
24073
5433
21733
667
7672
24148
9751
13236
7648
8517
8329
22743
22093
20665
5947
14289
31083
2938
19940
25936
27070
2126
17730
12267
2323
31005
8622
15459
29623
10577
24563
14121
31718
23426
19552
16160
31110
10835
28700
28067
16918
28823
26810
8138
23777
31929
24077
25833
18295
4954
2622
13914
24157
1339
2075
23677
15876
23646
23474
9468
12280
25704
26911
20052
30810
4682
19874
19601
6032
3872
20213
19288
21563
27225
21724
4395
8553
14105
8445
10217
13581
6363
14578
28308
25260
859
13981
30807
3672
12723
29371
23752
19426
6340
15804
23914
32332
22743
6867
1142
2941
29316
12617
8411
30776
17108
26646
17283
79
2722
24498
8664
32532
1351
15913
391
15377
21110
366
4483
28665
14180
19441
21582
5598
31532
24435
32628
23715
25203
14873
29784
19637
3655
2496
13874
30198
16973
27025
345
14842
22044
7637
26558
1654
21988
16906
5817
5109
5715
7478
10761
31949
16313
4219
12310
16466
5226
21484
17272
1609
30308
30111
23997
13984
28721
20227
18279
14684
17679
25716
18741
29394
19535
25357
676
20506
7163
12478
2484
30657
18107
17054
14319
29374
12537
11650
18600
24999
16708
9422
11393
4645
28658
23435
13872
2214
31242
31674
1154
21073
15201
10216
19871
13119
29698
15107
28561
1256
31955
14956
27136
22747
12150
11853
9535
13235
1390
21549
10893
29766
12931
24514
12692
15135
15975
15878
10038
26159
24985
3725
4489
29887
10634
18197
29984
26537
10239
13663
8077
29128
12726
21309
31523
3245
28748
8429
20481
17811
19294
31141
5708
22165
27887
5743
15803
24607
25865
13111
3673
22179
12455
2594
1670
30861
10195
6434
23103
24696
5900
26056
30624
1954
2026
13145
13479
19613
32005
24355
2619
21064
9490
22289
109
19198
18767
24190
12285
1037
31522
5447
32032
17770
17660
29988
28544
22947
25220
14648
19333
21012
17394
25574
20691
23390
24760
22247
16916
13845
7528
12697
6647
10169
18642
27034
4472
30696
29804
20886
23395
19921
11256
605
14611
492
20576
23097
19584
14313
6629
1662
19321
21734
1400
19298
30765
9700
12648
32271
752
19068
27966
25847
14652
14286
230
29288
9718
26555
28431
3424
1779
2132
14035
23714
15291
16273
22683
18441
4493
22343
8765
9245
4259
25940
1640
15332
11958
17436
834
11515
2757
28474
23631
18916
5651
6255
11157
30370
20079
2270
3582
13187
28087
8828
28413
19006
12959
5570
14196
20797
9903
8101
25558
31036
1419
25543
17801
22803
10615
14063
29582
11216
8474
28087
11875
13577
21122
900
15144
16241
20329
11707
31234
27048
16055
12082
15293
13656
32584
32741
6837
3197
26606
7403
23286
12548
18618
5288
5538
19096
4471
9027
13203
1721
16760
29530
31554
32526
1172
22261
13799
23036
8558
3257
12258
22903
7418
25951
6234
19480
14140
23908
1060
5232
9555
32513
6118
15005
11447
8285
7548
15386
959
20994
2202
3548
7014
4493
11955
1178
13902
5290
13850
5996
28933
16448
104
12439
8072
8169
5149
167
9221
29093
18826
1983
8933
6607
16110
18734
14346
4944
22495
23874
4437
12306
19435
21857
4716
15800
2176
9813
26042
25228
27145
3304
7863
18104
4186
8369
20841
23994
21070
2349
17195
25618
5294
2322
6317
25917
2133
21471
9532
24039
5010
25016
16195
20061
27342
13681
15890
20801
7279
18665
1247
2689
5116
5017
16138
649
22657
24428
12710
16824
2613
24529
17972
16401
25434
16143
12977
32052
16485
5594
25300
21644
29535
291
1681
25033
26251
18996
27105
2449
21065
21755
31173
31346
2618
18598
6792
14876
9637
9841
13125
4813
1817
17084
4778
29964
1876
21601
4347
8602
18276
3652
4954
12198
28172
30508
21573
17216
21609
29649
5472
2064
26069
14134
7797
17480
14092
3384
11705
6103
6286
13159
15697
15328
10308
13334
16916
22122
9829
30638
18323
13913
4507
72
3414
2973
20066
890
2409
28585
23985
22128
29720
21030
26333
24639
16630
7657
6330
1655
10532
10787
9731
18423
10959
19416
24828
31238
8699
7059
14933
23455
24191
17239
10066
29451
23377
26840
13097
27062
31492
2027
16300
23099
28047
20796
14631
17601
9040
24895
16780
7562
29009
25449
5837
10697
19145
30111
14474
7860
13286
24559
4332
14043
20937
29822
9425
12728
15315
11201
3881
29063
29215
20720
19359
11096
7503
21176
5245
23906
31628
3121
22473
32666
7880
6671
1972
8836
24646
4124
18998
28745
11613
8934
19442
17419
4473
6580
14943
19317
8546
7359
10537
26262
11201
13215
26325
14831
21216
2052
1189
9930
29617
16550
5563
7630
32274
2175
27008
32721
8783
5687
17735
237
30696
18400
24878
16854
405
9955
11333
4970
12936
26682
7155
6282
22770
15584
2709
14889
4552
1670
26983
8610
10695
17544
18856
11599
4022
19743
249
4951
15339
9944
27911
9927
12560
5701
6761
29413
31271
13298
21196
8385
18892
7834
22093
23308
7866
7579
17446
9261
4497
18344
30349
21138
12247
446
21977
10052
2108
27225
26343
12991
19490
1255
6332
31744
10844
14717
5483
7647
18230
31945
6713
20127
30134
13384
6912
1476
5666
10936
13521
13348
15810
10449
13277
16961
3047
1584
12438
18646
20525
18068
2065
14256
26108
5964
13231
24255
26965
16624
17404
3437
10443
24912
727
15406
30927
426
212
29785
19505
23840
4574
27190
13796
27496
32033
32088
14338
966
25639
4909
1039
11319
9536
32723
4226
26863
15656
28973
10113
8198
27620
4151
21229
25967
8429
19606
18846
17193
29328
1652
16880
20921
9365
2698
19838
13527
543
5246
8749
20584
3795
19312
29805
18860
21308
27856
18107
10425
18542
6514
21098
11816
9962
30948
28068
12558
7362
9983
4780
6446
12030
8124
27749
18796
19005
7497
3096
3717
18080
7260
11378
26110
25315
31432
9676
12634
31437
25678
30640
10640
31947
437
2968
9916
25304
7708
5368
4117
12959
13968
12927
2079
18660
10202
13466
10530
29728
28314
11579
26074
8811
11674
11480
25200
9887
28252
20662
22953
22715
20469
1639
25182
5509
6174
10386
10540
24948
23177
22770
29292
13004
10865
15265
30821
9995
2677
30615
31169
10116
3750
8301
3134
16714
25823
28007
1958
13391
14165
25010
7425
32205
7534
18922
28169
25061
3799
13024
14558
14471
3281
15769
27643
401
30155
29850
13929
1083
14134
1634
26674
32178
20885
2361
14105
8963
25299
11304
15240
31291
10970
31049
14794
20172
15969
3393
2938
17715
23557
26634
15676
20952
6044
15094
13483
5942
20422
22512
29330
28475
8644
9733
17758
9202
20366
16164
32723
7007
19487
6946
2047
31403
25108
27649
21100
1153
10357
3954
7578
14007
14803
14744
428
27441
24979
15631
10338
2
13193
5165
16711
19157
16841
3976
1580
23436
25785
19896
25556
21030
18795
24670
6897
19430
14890
16997
27983
11185
21843
903
11088
16825
9831
19731
13720
5720
21853
9198
18185
23614
24637
3032
6898
19919
4842
28657
17283
31175
12607
29820
17541
17184
1886
5602
17992
6197
21573
14586
29916
9511
17059
4231
24451
1408
25577
31747
27751
14614
24995
17307
13449
24627
22793
21882
23546
754
5329
26698
14925
26604
6472
9976
26444
15892
13985
18872
32746
7648
5517
16458
14201
9642
29196
20859
2333
13653
30850
21486
7553
3379
30989
25628
14536
21542
25878
15258
17607
18694
19238
3483
19313
9027
17659
3253
30098
26316
3036
32232
25025
12079
10025
31964
26511
13825
26934
21866
6917
6272
11865
5726
9294
8311
4674
16763
16304
5218
3979
15552
31169
21203
15760
26858
31703
15636
8321
314
31936
13582
16310
10360
10675
12905
30274
18232
7047
13045
12746
8028
11299
2633
5016
14554
16438
21674
10219
3008
22824
4398
10129
2933
848
10016
30648
30529
29799
23207
23554
5135
28220
29859
3799
13170
14762
8664
13311
11239
19911
19790
22896
9818
30559
31223
31332
25835
5281
24467
14511
26353
14615
20177
16464
3647
19932
8375
2374
10663
521
13635
27557
2237
8048
17747
14824
31965
6029
3010
21897
27504
23737
2516
29135
21866
23457
27348
30952
30743
10487
19195
18231
27416
14183
26004
12527
24489
10701
28254
1505
25893
5541
6706
1938
22219
18882
6885
1425
22210
27972
4720
5127
31323
2756
16718
4240
2967
23505
29734
26953
1001
26784
29866
23083
9276
20479
447
5271
20024
19339
4830
1329
705
17443
27322
11250
10689
2716
15651
14969
1832
2230
27690
27810
305
32335
8326
20314
7142
7895
16694
27058
19942
8964
3688
31794
4710
8903
25498
19055
23670
19326
25855
8927
20357
18027
7204
6381
24872
25445
18387
9545
18455
23501
25400
8322
23672
16836
10306
19414
19809
28571
4428
23625
20376
2955
7677
15348
10653
29607
24428
30112
16618
9742
3976
32403
3193
31077
14264
21162
4231
14725
10942
5800
18328
31856
21985
13518
7355
17290
11595
10156
23311
15622
14256
26422
13958
14750
32048
11290
20969
10887
23935
32081
26140
15268
4419
15348
28324
24058
23229
8530
32614
22116
10668
25407
10161
9351
13934
29359
1663
22025
22633
2179
29688
6654
7081
29858
25656
10403
22986
25420
26450
21327
23065
3243
27285
20646
15606
683
7950
6416
13949
4364
10573
26474
23653
25526
32364
12795
2855
26444
4686
12201
9827
6147
15141
15724
14464
12981
28215
14340
13716
31793
14817
7655
25987
4822
8412
3454
14698
32352
15039
29584
4158
29185
15813
32255
11952
29876
21969
9906
28244
25550
27823
27346
26627
981
18333
569
7550
5014
7690
11047
26195
5490
3485
24119
9221
17145
3961
32402
359
24250
21184
23139
16713
22616
8277
3979
24662
30433
11239
10389
3645
32092
30251
1516
16911
32161
9320
26443
28136
19822
28985
10614
5586
20918
6799
3112
19942
5180
28917
5196
25525
22369
27672
24175
14054
7226
26758
30070
1312
20198
29366
396
11562
3359
17225
25439
11600
15118
20623
3980
24841
23140
6477
15959
16856
22438
3261
17312
12144
16840
13271
8979
795
8190
32719
13470
29276
22991
25055
27944
1235
25963
4166
8064
8546
12350
7313
18835
30350
30149
16153
16867
16936
30881
31693
22836
15404
20970
1073
17544
10473
19141
31399
25422
22114
29753
31470
13783
2293
28990
3048
6153
6970
10007
24224
5207
21806
18402
32395
25329
16017
27502
22286
26935
28812
10828
12865
19828
10903
28457
5363
29385
11930
29275
7150
29031
10322
5049
15995
24321
9207
1712
6697
31618
22556
1171
11211
5627
18134
31027
6592
15839
31264
23984
29559
5234
24446
13710
2609
21119
1761
25099
18185
22089
18635
16304
8754
19909
6067
16935
8065
20742
171
588
29739
249
8000
29318
14799
32338
2210
11608
21175
19654
29189
4659
25435
30331
5702
9359
1318
957
7890
24890
5757
6898
5060
32239
19454
23760
5965
18218
26373
20685
28761
4155
13685
30167
10351
27033
16053
19270
16601
4474
16888
26127
17158
21152
27074
26170
12332
17782
22696
24726
5169
10075
29527
4267
16332
15422
3031
26352
28136
28267
21009
18238
22601
8356
11663
2949
32625
26228
25732
7870
10693
5824
13324
17440
24044
27807
15796
24215
23672
10860
28221
19570
23752
29465
16797
11099
4396
19909
2119
6285
13899
1937
4524
16705
12738
26544
24578
22377
1038
27070
18756
16033
4524
29267
10618
1379
1918
12759
2618
32378
24177
10648
25455
3769
16989
1817
22873
748
24621
18862
7125
527
24383
26181
19167
28606
2574
23943
1109
21229
27150
30752
32509
5337
23255
7514
22218
11326
22662
30705
28251
2251
3424
23843
2501
21203
25273
10758
1682
21317
6421
2846
21770
6110
11148
25135
5809
10141
627
15952
1552
23416
14648
6721
3000
12109
31630
21758
9349
7963
15818
6292
32032
25714
21645
9012
26311
10280
12196
9862
2385
31822
15404
12607
30316
12898
12794
22262
554
25030
20538
2612
1212
12913
19797
23754
27005
16357
32281
6759
12082
10337
30740
29033
15759
7255
13120
7668
13310
544
28390
19265
5533
495
23996
7993
30341
3588
23888
9283
3666
15138
15530
1370
21472
32066
22061
20578
1618
7305
191
12988
18265
30328
7210
25624
10931
24419
15553
13194
24305
14372
14918
27361
21374
3088
9739
31796
32733
19242
27736
11709
12338
29847
9485
14314
31492
17746
22408
2482
17473
16161
13769
10022
29058
7112
4820
22088
13201
124
6231
3615
2345
1434
32653
23563
24316
26265
20834
13143
28922
28222
29144
23309
20689
29454
31401
28174
13744
30729
10542
8545
31057
17813
25471
17612
26166
3769
6364
12705
15155
30347
332
7131
2092
2540
131
31081
18464
370
12297
29642
23654
24486
21657
6106
19767
16240
17096
14316
29549
26319
30439
13336
28554
29133
25641
7383
4604
10675
16137
25549
6304
23673
18150
3813
25988
18560
21232
8611
4849
28804
9800
12470
2217
27596
20323
21453
30317
1699
5808
27052
22466
18188
16506
25215
25845
10674
9743
1134
5469
11038
27170
24177
5856
28972
19566
23910
24248
10432
24732
14177
14199
27573
11367
8515
28745
17174
28926
654
4474
6545
9129
7031
14904
12840
22960
20797
2969
30506
11129
5306
17632
13666
21232
5944
29948
6030
2347
16773
25937
30227
26447
8522
8635
20206
20141
16536
16848
31214
7217
7108
22374
27936
11005
10613
9814
9611
27217
10491
2431
2078
2734
10978
10509
20199
1595
1991
26107
22150
2151
14699
7894
24544
30928
18950
12740
6680
11620
19934
24518
2235
1989
6935
30010
6714
498
13261
23460
670
28197
5728
30893
11895
28151
26639
32364
25109
25802
11721
4325
22779
26984
1855
25807
31121
31464
8254
15259
28953
31954
19516
24753
19428
16003
49
3069
24006
4562
7848
19882
3783
13555
18965
26413
24603
5020
12649
13702
15701
9063
2788
4290
28119
24440
12586
17605
14989
10079
5786
1862
7131
1343
731
3867
979
7984
20151
12471
6316
22499
4653
9201
29551
25221
30913
22279
14068
19941
12311
29410
4877
19160
9408
29851
2049
12765
340
63
32316
3069
9153
20687
1604
8949
31970
27019
21743
23703
3668
27760
20436
25966
31365
14848
15871
28321
23309
15937
28905
793
20802
3848
31143
14310
1286
16247
15969
15327
1508
3269
1030
2697
16988
18493
16446
17979
2426
8842
18336
32127
19118
15409
11302
24506
2007
8031
24541
9488
11681
1765
28641
11650
17937
5761
27529
7001
14686
26719
19423
27848
4355
5087
28499
22733
28946
4505
32176
29528
15307
8351
18510
23727
4973
4353
31370
17
11852
6039
11891
9625
12580
3834
14790
23398
941
18900
18205
31225
21359
23130
3939
18398
14552
29462
18315
143
12940
17642
5761
17045
27388
32338
10081
10480
31802
20457
11240
5049
9740
6703
25384
25606
10815
10377
30847
12046
17213
7561
20169
11406
26850
29808
3029
25707
22412
15345
30742
24472
3441
28216
1691
24634
12854
2603
6465
25866
7357
20976
21800
31739
27454
21167
7011
10270
24985
6553
31220
24258
490
14889
10487
24543
4958
2473
26653
28085
2886
13305
20572
10160
3178
3468
28133
3215
28832
18099
13911
26565
4253
25630
12082
11807
15882
8351
22670
3496
9179
7218
12301
13514
220
31803
24590
5301
28812
24846
28451
8965
13871
21684
966
24222
15903
5869
4167
7131
18787
27249
31497
23529
30594
18299
5870
13165
8857
6024
16
1133
16812
24156
12466
3949
17722
29767
25206
8152
8724
13734
4048
22434
32367
19372
10682
24108
13623
29283
21929
30312
9126
24557
18368
16445
29974
12560
3396
10541
24851
32498
23377
20533
4021
544
13771
24820
6188
26325
662
10768
19869
13946
23818
29398
20013
31337
15777
21536
2139
31734
18931
6268
10898
17840
24805
26506
12542
18916
14109
16550
1440
21091
6073
2247
26269
7557
7488
12199
1756
19566
30424
12325
7375
1680
3514
28647
21393
30321
7908
16963
21042
943
7437
4704
19791
28225
28382
30872
22245
12031
23903
16161
24678
16741
18096
6637
8973
14996
26873
5582
25199
20889
22947
734
15700
15602
31945
24094
196
2382
4329
32349
12645
19861
8928
2140
16132
24616
32277
28207
5745
29034
27892
32230
1424
12159
23966
17261
9645
22356
16094
16817
16400
22239
10592
18180
24785
25768
10525
24771
3054
12424
15130
12854
18587
4528
21330
12983
30425
21998
32496
5911
9034
5676
30402
27197
19780
13370
13803
6416
21284
26061
26840
30104
30949
28871
18549
30047
15601
31928
13728
12062
28470
7589
10462
23445
15997
31753
19020
23995
12279
15898
17881
5655
13593
5709
12211
1390
21418
6940
3327
670
5147
19463
21709
1994
10774
26585
32075
23223
2905
30764
26936
5238
26821
13871
18844
19524
15794
11431
18359
27054
27014
15156
2871
25081
1926
24278
28846
25792
30956
25519
1090
15327
21817
25611
5287
25232
13516
14493
29258
6100
2484
15883
11983
28693
31427
5038
28862
10761
29923
14227
12153
19161
26285
9157
27506
17795
23096
20686
13978
12669
24879
16763
8477
21659
1831
31712
24140
1074
15919
5020
13786
8574
31144
10590
5452
13633
27479
936
21931
28333
5816
9427
2428
2436
11925
596
26354
24446
28888
16701
8801
10475
29854
7175
19702
12441
7820
21902
2982
32504
12134
23901
14948
16508
8413
2348
20375
27459
17577
1959
5067
26616
23000
28785
422
16887
3174
5481
25118
8881
4877
31020
30954
7250
24414
3803
21814
1954
5137
10014
6811
31017
13722
11880
22094
4503
18685
8317
13464
11619
21730
21810
10886
14257
30956
2676
26593
9337
3911
20364
9568
21990
3200
13729
8989
28924
4506
27007
27462
25982
25694
6807
11541
11535
16882
21318
17410
1431
16301
9818
16183
10984
11818
21970
32068
21410
12955
22245
12308
30035
2656
22342
23839
5091
11481
10151
11746
8240
16248
12156
9356
10741
4122
19969
2299
26864
2455
19582
8678
24900
22167
17865
3676
10012
9896
9997
21357
1425
18830
11723
29223
3278
5338
1822
6596
19313
18367
29763
18977
14133
24864
6232
31346
2254
7149
21348
6197
3861
1456
20120
29284
15717
25443
7637
25839
31045
22661
6766
22633
27463
1133
23342
27137
22320
2525
28061
20405
16216
13530
13439
19650
22356
12987
3998
19039
2515
4225
12489
26794
5574
29542
16925
7139
1732
16313
16771
10712
3244
8680
13690
7072
30348
11743
7959
30604
21697
2192
19785
22363
1632
20435
30050
11949
13781
13425
13523
21947
2250
31355
24631
11332
1867
21473
17300
26827
32295
18751
14301
26623
24729
9466
12731
4219
27943
5260
11660
7855
6603
29724
7341
27934
2897
30802
14324
3275
7168
10857
23425
16877
13692
27270
20407
14570
491
27720
9093
1923
14423
24992
31722
20044
2131
18403
31928
3680
26850
2845
11928
1874
20116
29609
1614
12647
3314
4606
28990
10242
26396
7372
2863
6239
5041
30024
24912
2180
14319
17859
26232
2677
7708
28290
31922
12200
11044
13514
14329
20664
22403
26682
15936
32093
12133
29278
26806
10396
7692
1152
2631
25915
2163
22465
32614
18040
31537
13161
27402
14587
28575
11644
17654
26632
27709
22926
7486
761
1106
22999
14599
30444
31443
1674
27790
28857
3206
8035
22124
15143
9575
15231
24600
19807
1355
27505
10157
7584
6083
16786
14061
3125
835
13464
11142
31396
13188
4203
13461
25385
25382
26932
2409
1122
26778
17590
15753
30028
19007
28129
5624
13678
24011
9892
17335
3412
30445
11268
10124
21311
26929
16491
770
26651
24867
12354
15025
177
22711
1217
3519
3870
10984
22790
26279
24708
2720
1381
10553
17151
24792
5376
8675
18395
22016
14743
31278
30212
2721
12705
22155
189
17217
21659
336
22165
2951
14752
18174
7319
5279
11322
26565
27074
21216
25464
16970
22201
7852
12096
7079
13755
23704
4071
10419
1748
28877
27647
15493
31829
431
22640
16435
9091
19900
9931
22495
1420
6326
11738
22773
21695
29700
124
30126
31227
26198
1711
16857
5736
13960
11503
29914
19814
24009
7615
3315
27331
25852
14725
14274
14641
12638
16538
9227
7415
1129
25506
8376
18150
13049
11801
11550
5007
22446
32559
24194
27315
1169
1238
16092
13051
14330
27929
2266
11753
6321
16815
25896
20495
15699
8656
3311
27007
759
20039
30108
12930
14098
15305
27106
4237
6296
8069
13314
10096
29796
10748
15690
2769
24794
25619
18139
9177
23755
25190
8112
7981
21912
17120
31708
30496
22683
10377
20755
28199
29634
10654
23660
3469
2429
25575
13669
31847
7131
11077
4648
17099
21232
1675
8461
19773
17017
28302
7007
17514
12995
896
30051
3353
28872
11385
20374
1118
27035
21847
3383
19472
5383
16072
13317
15230
29555
5285
31050
18526
8969
16002
8216
31750
20504
7811
3283
18655
1206
12913
12783
21526
7081
19212
14843
1940
23176
19875
4831
49
30493
13283
15970
11300
3086
15853
3055
11710
16572
2731
8088
22105
10348
2659
27227
19851
7333
32652
30628
14495
5848
481
13332
30277
19783
14261
4481
17032
5919
14726
11326
22273
23527
21460
21916
23370
4638
6963
10160
14774
4384
1696
1623
11327
14922
1041
12664
5568
15710
15184
19593
31589
31785
29448
32597
12895
20835
19488
5116
5596
16086
18249
13883
22838
18115
18643
14317
19050
29825
3781
32466
6349
22631
19756
32656
29690
31468
25779
27127
5903
2829
26484
27273
5145
19439
24590
9530
29644
1478
3832
19828
32120
32245
4629
32606
15160
14967
10888
15966
3693
5245
5321
15581
26730
24152
9976
20810
31601
8346
10610
15457
30687
12920
7587
9389
10659
12659
26395
27467
2548
7224
2787
15858
6468
5316
30993
2608
5487
3531
5274
13814
24633
26459
28008
16727
10743
16061
24748
13709
13452
30108
4982
1341
17047
13416
31619
16892
1771
27645
27221
19217
10304
6784
20105
22908
11560
22410
8038
3384
25668
27529
9906
24510
7351
30307
7369
8138
17115
26972
19184
23137
13619
22585
10214
21779
26017
26021
8892
32126
6873
20181
4071
29203
26134
23144
27796
2077
8460
11921
27707
29438
2077
21111
1143
28860
17615
24284
27413
8125
31870
8701
14954
25039
14158
15034
12266
28780
13156
28407
14583
1595
30806
16706
16887
16857
16095
2486
31657
9690
216
5663
2745
23051
17763
5471
21906
4602
32106
21008
25715
15545
1096
106
1989
25054
6341
9063
14508
20430
25160
19750
26588
32572
22088
16013
11950
20460
4612
10803
5746
701
31860
7805
27143
5350
17535
23303
17834
24704
3950
5445
22796
9797
27553
28778
4007
25751
23424
11400
4945
8132
3253
20729
23826
32648
3993
22015
18483
26067
8939
4519
23447
25293
26568
27635
15695
10775
4567
7735
1128
27988
26565
452
23815
16361
10225
12740
12985
26624
9576
1125
21764
16595
12563
7994
19010
4647
9007
10974
17583
278
6398
27098
28096
32274
15036
14024
31670
21543
7637
11705
17780
15744
5973
1237
18573
8493
4768
22593
21922
24100
16483
27974
22251
18309
12746
12463
25875
13858
13300
29810
7753
21310
32676
12435
29588
149
4409
19270
24678
413
15584
11348
16501
18956
21256
8127
14278
5530
26902
19369
24842
11528
6746
15730
13870
31841
21826
21025
26414
24192
2254
32261
4906
16850
17988
14236
6075
2653
11045
2483
27271
21761
10079
4303
12563
32766
29636
26572
2777
7351
19643
18372
16795
11958
17718
24370
21494
23535
17892
9303
3642
29257
3239
9949
9593
26202
16456
9403
2270
12146
27754
26200
23872
9436
31164
9715
22263
16480
30323
1602
26095
27148
17144
23641
26619
12597
30429
20686
21867
5816
4630
7195
7136
19589
20070
25155
7007
3679
9495
29113
31141
30685
23790
27005
16314
31669
13406
2696
30153
24633
31740
14442
12591
25890
13619
27954
18642
30349
2361
9358
9140
4419
11329
563
21960
15421
243
14207
32516
15208
4121
27741
8375
24485
10395
12138
23837
6164
15277
12630
21808
10386
18759
20364
6338
10624
28885
12821
23753
13511
31281
185
27642
25624
27342
29544
1433
1145
31542
16857
7823
8957
182
13937
14525
22226
8023
26726
17552
27777
22545
24868
16597
22130
18236
12528
3279
1711
10055
14027
8327
5609
27564
8089
8036
23488
2083
24706
30971
23615
14359
12441
3112
11942
23126
17851
94
16749
13580
22714
18747
8069
13810
13499
2144
6881
707
21981
16767
53
28144
23324
5301
14334
9108
20340
29467
30914
8874
3657
408
28313
22142
18182
7673
31724
25697
25605
14915
30589
417
22703
583
2983
26040
6884
32632
6888
11460
19357
12026
19868
15927
21199
15867
11531
3024
29331
24646
28582
15562
5509
29973
23182
6483
23657
28199
23638
19007
12053
11539
17674
16638
21643
19164
16240
23499
22117
32197
28557
6695
13174
4455
23147
30086
9646
9472
31514
12872
32574
9230
10485
15594
25341
11549
13094
26494
23562
23261
21869
7000
6323
9079
27165
21259
19606
16929
32103
28820
32262
24305
9690
17364
17073
26862
17963
21828
12159
22125
7218
18660
32701
16283
16694
28020
14202
1878
32618
19431
17713
1601
8375
19221
26281
27671
6844
15280
21786
19263
15380
24697
31889
673
16087
18099
17045
31161
25699
728
8203
25321
32348
9612
4695
30740
2289
31951
10180
25960
14945
30070
11046
22139
11198
12508
12990
22938
32498
8917
5725
3422
9727
19427
4300
19583
12171
25517
4204
19437
15515
1964
31514
24349
927
16936
26965
22177
1199
32099
7331
11516
21268
14100
13616
30132
6154
2070
27321
17065
12996
21602
19624
29604
6577
14139
19841
9267
24830
32680
7548
11189
2652
20775
6260
25521
515
15520
19199
10348
27894
26008
21215
18362
11401
1959
7833
21012
15137
28716
20579
491
17980
16447
18499
11580
10673
2791
6518
30053
12344
9101
28431
10551
15660
12465
9184
3404
17296
22236
4509
32410
11857
4054
23359
9033
7626
536
13991
7618
7821
27780
31108
30217
15713
31316
28022
11596
7303
4945
12148
12220
28226
31813
7787
6299
30870
23474
7463
31894
1615
30404
11127
11862
26949
14981
6796
12626
29151
25936
24739
20199
32726
25736
20452
426
4155
14985
13449
11005
27836
223
7746
18144
24611
23223
22744
4618
5151
27538
22545
22073
31815
9793
6869
20678
29276
2061
18830
26492
26574
5174
5077
8106
20610
9119
4426
2935
10963
23751
10691
8566
18647
26619
18602
12922
16099
13258
24480
29100
6993
23994
31846
17114
19328
4921
30206
17170
21021
32470
29965
16240
12961
5553
23428
3636
13851
22832
20351
32279
27952
24820
28014
20448
4960
16652
25970
28210
14219
8296
2058
22440
19891
5008
1518
28452
3587
3990
26427
9827
17680
2376
32209
14037
31072
5291
22265
23724
2601
6309
28748
18483
11098
27386
13264
14690
25311
26746
32611
31151
27425
23928
15197
10278
7885
21117
17521
3004
20951
4414
11476
24545
15294
30156
6305
20308
22289
24587
14717
4411
23090
22885
11639
23667
11610
17087
17713
9509
477
7852
30021
22682
28336
19425
30434
2896
13864
17386
23478
19789
6404
12827
6417
6323
23214
30408
20039
3733
23230
27321
19030
30217
26560
30424
5320
12670
12087
21549
32219
7760
28386
2060
31200
4762
19261
28813
19425
27980
28491
30013
17286
27773
22931
12307
4665
15874
31336
8870
31625
32319
1902
19356
25804
6461
10330
12390
2057
16893
24825
12075
19989
29708
23668
11521
5115
13144
32210
29795
24481
32322
22974
22496
18345
9716
32139
27920
4758
245
10101
29644
20784
11258
21546
15774
30761
19712
17801
10615
15616
3223
26281
1952
14886
14721
12573
31219
7776
19067
30582
9291
27500
12891
14602
16697
2023
14939
25332
28409
10350
22197
8796
18596
21508
10608
11257
8102
1971
10105
7379
26995
15734
5109
22606
13686
23127
17878
1892
16202
18389
27564
7474
28973
15496
16830
1206
27314
30728
28250
23511
24502
30218
30825
24485
25492
23756
3142
28131
29853
10932
721
16323
23490
26420
24255
16880
13460
23280
13364
11729
12655
4899
11923
18445
28657
13374
10389
26698
29105
24531
2712
11835
3374
12722
25402
2009
27398
6226
28199
27888
25449
3186
32047
29662
20428
27647
30620
9111
9442
31801
25538
9965
26824
22290
11991
17679
22912
18390
9989
17231
22432
23313
23486
5160
26955
9646
22608
30591
26977
1884
27833
28713
14067
27702
30908
12974
30970
20898
27956
29004
19016
4729
30633
10559
25022
15977
3105
21824
2752
152
16696
10572
486
22922
12915
15270
2548
12357
23762
16159
19725
32435
10660
12949
24099
7495
7071
10682
28338
29155
21040
4886
3246
1530
22288
8016
31930
18418
27160
11689
1178
31692
16214
25033
14827
7942
25440
18110
10513
17344
14824
9026
26738
10015
19089
25404
27618
1775
20481
14986
11357
31372
15672
25854
30716
21250
11552
10150
32290
18035
28773
30545
27638
27321
11654
26702
11543
17229
18221
19319
9355
26215
31932
7279
29176
32103
31016
9511
5910
9332
17418
31399
4452
28003
18675
14091
15386
2522
26880
5323
3679
24757
19119
20288
2493
4776
23537
27748
27858
12838
14977
21466
32328
12930
30323
22318
1031
21077
25360
3933
15016
1311
27105
13208
24877
8241
5130
19781
11504
20170
15834
27975
14810
4480
10399
18047
19157
19681
24255
20882
28292
11099
7684
24045
23601
22105
15416
13319
7431
19119
14834
11494
21889
19512
30639
25317
17186
15549
16676
24500
16999
23065
8915
27552
28922
10139
15837
25109
16424
1708
3607
12129
2965
17074
22111
23482
2094
5172
10033
18307
8032
24382
13173
31947
2695
12551
26523
14871
17066
16593
30442
6753
6245
30737
21269
32352
2086
17872
16912
6922
7837
16721
1569
20824
365
24564
19514
13129
28712
16986
21638
23081
20858
23754
2370
29203
8356
32467
30670
7861
20268
32307
24580
7507
28371
2296
19912
18446
14280
25317
28896
24167
16155
4631
9991
14079
29044
16105
27708
16032
9733
19220
9568
26753
23997
25627
30976
29638
703
5350
10864
10823
15378
6828
11033
31890
10650
279
22035
7987
7239
18851
2551
3379
7820
8776
5358
5086
24851
28504
9998
19401
24495
11434
16103
8980
21138
27128
17496
23789
16320
26246
17832
10837
16579
4100
2769
16423
20640
26806
29471
3670
13835
6354
20730
31862
24023
12074
14336
20350
14768
21770
29016
7372
30476
31076
2626
28265
8799
14122
12530
31887
2702
31484
21406
8296
30887
11267
13782
25625
4047
23581
28692
21503
27004
17210
3476
30008
16868
2566
15461
1382
18613
10184
17345
26543
27142
22409
13466
25353
9101
26746
2165
5556
14867
28048
8827
16903
25382
4209
26317
22640
14094
2963
23577
25271
32514
4002
2923
13442
13211
6179
4677
1310
16264
29528
6897
22140
23172
355
12054
19834
4229
28333
6282
24420
18742
28041
17511
30907
25512
13077
23649
309
14916
15201
2646
24836
8965
6356
6695
27483
16356
21195
28103
21039
13203
6018
30609
1851
3693
17720
11999
11846
1966
3726
13016
1192
22239
15921
3977
25099
16789
23992
22840
13935
12635
17360
4596
10609
26093
19862
3441
16076
6055
18244
18195
9248
7740
18448
24137
3058
28587
1361
11548
14836
2927
24804
11528
9351
9718
14030
7690
20351
10325
11810
9210
17446
22586
4390
19995
19075
15394
28849
15601
18396
4044
5847
23122
26233
23789
3272
22464
27307
3109
14326
26358
22797
562
21110
24769
21002
7524
17065
19985
18079
10064
5659
1872
27234
3785
9131
24050
1732
32268
6381
1102
5011
8507
30412
10156
14531
12557
16756
28831
7533
5571
26479
23957
10264
13918
9229
11180
5176
18447
24842
16839
244
12783
23403
20962
23852
22768
4009
9378
21691
26643
12561
17200
8953
26844
12395
29512
28292
16388
5594
14733
4673
25197
12803
22048
30621
22107
27249
28528
26137
21728
9528
24404
27653
8088
6105
22103
17547
24215
32102
18770
24304
6816
30695
23873
27415
10135
8443
17743
3911
4921
3523
18227
11053
27659
18939
22975
19493
29840
3690
4534
14005
5823
13949
20703
10586
11188
14639
27479
15496
27558
10539
14123
1004
6681
53
14886
21748
16981
14790
27112
22161
6166
246
12856
15932
20613
30111
13724
24119
1895
19648
31782
26901
1173
20511
1168
3708
30124
307
27532
21802
28677
25408
7509
22070
20200
12484
17802
15768
16892
18
28988
13292
8194
6973
5958
5491
20931
3895
31452
6747
26951
13882
7271
21568
14664
16743
11408
9458
230
1454
13723
4729
32669
4077
28407
7254
