455 598
27
34
7
8
40
16
28
73
51
98
26
95
32
30
13
94
35
64
91
63
79
72
71
86
3
2
51
52
77
67
85
33
43
98
93
77
10
62
34
49
65
23
90
1
7
79
75
91
97
90
32
14
74
32
7
53
75
22
32
82
32
47
65
66
28
93
87
69
54
34
58
53
88
24
73
16
89
61
16
27
73
86
25
94
56
54
48
28
84
82
30
97
62
72
88
19
47
76
2
65
86
81
42
11
9
4
21
58
89
98
88
54
94
23
78
9
27
27
22
53
94
16
70
26
47
84
11
46
58
69
68
65
58
98
63
17
100
27
31
61
92
60
51
31
42
70
11
20
95
50
89
75
26
22
57
78
10
41
20
40
41
87
30
25
35
89
34
68
27
22
16
14
94
58
25
20
30
22
29
74
76
100
73
41
92
88
41
86
84
79
73
64
36
74
84
53
53
39
26
31
17
76
70
25
58
48
62
15
57
71
50
73
60
100
34
4
59
68
28
1
36
76
21
84
70
67
75
40
55
75
46
44
80
37
3
89
60
67
18
85
47
69
43
71
10
50
60
52
88
40
33
62
79
22
15
66
63
33
93
67
58
69
36
45
89
18
42
20
17
62
9
33
82
29
25
74
32
62
75
44
63
15
91
24
64
89
9
83
60
100
47
3
85
74
99
79
7
22
27
52
49
22
20
33
99
94
94
7
3
61
32
10
23
94
84
100
52
55
18
11
93
57
62
33
5
85
7
26
19
53
13
6
87
85
65
27
65
32
100
53
74
46
85
44
32
76
11
86
43
46
58
26
21
55
45
96
21
10
28
2
68
36
10
90
100
65
30
61
30
44
73
43
73
33
19
83
47
53
52
34
8
33
9
44
61
38
15
87
14
33
66
90
55
29
37
64
99
90
25
85
70
20
27
64
34
11
87
31
80
46
3
80
32
97
87
80
16
15
78
17
4
19
53
84
3
19
66
39
69
26
100
15
58
51
89
21
63
51
4
28
34
69
8
47
66
96
4
23
51
21
53
19
86
75
57
6
97
83
49
52
70
59
97
45
82
82
39
75
8
65
21
18
38
69
95
44
43
36
4
29
53
84
76
45
61
90
10
85
73
63
54
20
33
81
62
29
25
27
1
35
58
14
52
80
39
15
8
3
30
1
31
94
67
97
31
99
72
26
8
21
30
94
65
17
99
30
6
33
28
89
51
68
76
1
12
99
82
9
71
4
4
50
62
78
61
78
18
8
68
61
51
13
53
40
51
67
15
56
37
51
22
37
13
92
100
74
13
27
31
10
93
19
84
55
71
16
94
10
53
18
72
15
32
35
53
62
90
52
2
22
62
52
92
66
63
45
71
93
66
88
77
74
28
67
95
68
100
10
83
66
32
91
17
87
13
61
99
11
83
2
55
65
55
75
54
96
21
53
75
31
17
74
32
22
49
26
69
82
87
66
35
20
71
12
7
21
88
100
50
4
75
2
43
4
23
94
39
15
91
25
72
35
41
48
1
65
45
22
77
4
6
61
47
67
98
53
53
5
15
68
55
83
60
93
77
67
70
19
43
100
29
92
26
2
46
7
80
75
18
40
68
86
59
38
74
3
57
37
7
39
20
80
22
86
20
64
6
62
33
31
84
94
4
40
75
35
77
24
52
89
54
11
61
25
84
83
29
49
45
10
67
36
94
94
14
12
77
94
90
6
82
14
31
97
98
71
2
86
68
32
62
70
56
25
85
28
83
10
15
20
100
66
62
52
24
28
51
90
77
13
24
98
50
20
55
42
48
43
61
51
96
10
42
10
71
24
76
79
90
44
57
28
84
90
3
53
68
79
14
7
11
75
17
11
73
72
41
84
35
97
80
3
29
69
83
62
33
34
9
10
72
41
43
46
67
86
36
53
45
75
71
15
83
14
12
31
84
32
4
47
25
32
29
93
40
88
65
73
57
100
100
30
29
97
44
9
43
42
85
75
75
84
50
59
53
87
66
92
45
94
78
76
64
31
81
17
95
88
29
87
75
61
6
26
57
76
93
9
14
69
15
24
42
5
33
46
89
73
70
66
58
91
27
82
51
29
23
52
32
53
3
40
63
100
27
95
88
77
13
7
70
28
93
43
66
48
63
76
47
70
93
75
17
59
32
69
62
15
76
81
81
43
6
65
85
92
34
48
18
73
85
18
46
4
33
60
95
19
70
13
63
24
79
53
84
69
73
2
24
66
75
4
12
17
83
89
17
63
4
37
7
4
45
58
26
62
84
75
77
31
78
82
21
40
75
7
54
99
45
44
83
75
22
62
20
5
69
1
87
91
92
30
84
78
88
100
14
29
41
73
96
32
33
34
89
74
5
62
86
91
73
47
30
93
65
42
4
9
53
15
35
76
91
