642 433
247
143
276
499
680
466
197
134
546
998
907
790
753
297
687
719
979
644
842
947
956
222
965
588
801
691
973
862
707
754
472
897
985
951
465
930
869
196
175
509
528
172
537
261
305
933
432
467
336
413
140
542
364
393
746
477
982
983
674
545
261
706
589
861
583
361
71
986
299
853
951
364
144
244
883
611
222
772
337
224
193
735
470
72
661
518
880
254
900
620
340
390
949
601
236
82
563
748
828
882
636
611
206
773
150
808
204
262
546
689
24
985
73
598
972
396
654
471
750
909
763
232
259
852
414
634
11
989
232
815
275
74
672
124
84
591
78
560
687
779
554
202
208
411
854
143
689
623
241
754
107
289
481
548
621
897
496
507
81
569
320
31
938
362
552
603
52
623
150
278
522
187
617
252
118
91
406
406
544
94
543
384
315
969
591
285
329
453
161
549
782
855
531
73
224
675
260
914
998
191
163
709
643
708
344
426
531
327
69
475
505
560
733
920
923
270
149
235
495
999
586
528
37
416
72
476
462
434
205
355
406
693
670
520
960
897
434
802
347
70
754
656
240
898
279
387
922
368
21
108
881
149
78
837
31
826
633
76
777
153
896
700
882
64
743
652
291
402
892
839
146
279
299
36
509
415
665
411
785
169
712
828
355
771
78
189
533
192
892
519
456
774
829
387
573
164
208
894
460
419
572
877
808
630
1000
840
784
567
570
139
425
398
319
186
462
146
213
166
559
680
950
447
410
365
910
266
99
579
578
79
948
199
797
373
537
434
764
370
569
196
946
207
52
555
602
101
928
745
339
538
607
66
613
778
653
397
29
756
383
725
890
106
407
476
945
662
14
887
432
850
326
296
801
820
306
901
50
542
191
380
217
775
550
850
376
285
906
656
347
857
793
717
939
996
233
170
366
406
415
42
92
704
286
371
298
761
274
411
755
324
688
994
97
971
687
476
439
681
61
37
29
63
133
500
221
686
863
347
944
809
175
680
914
177
712
886
691
171
399
68
481
538
596
68
202
535
695
122
573
936
743
900
446
413
483
783
715
121
391
587
309
730
206
263
409
667
648
881
555
939
560
367
658
198
298
137
851
553
739
667
186
978
459
755
287
411
515
124
199
410
111
568
547
448
793
116
809
566
223
492
484
364
141
710
305
264
748
73
614
628
297
845
369
637
647
509
197
180
193
685
120
517
98
464
740
805
669
410
214
413
199
279
310
334
739
269
128
870
151
97
272
792
264
150
992
963
792
246
121
273
899
693
439
624
261
417
264
230
977
952
65
648
508
970
956
132
420
94
596
137
250
666
640
778
974
880
372
863
151
281
967
942
416
922
952
753
476
204
450
490
249
523
709
690
789
617
537
722
780
813
697
181
971
484
784
752
218
21
625
397
855
498
41
825
59
989
958
161
586
562
938
210
423
451
943
119
840
477
370
655
674
967
111
181
92
664
792
381
48
465
529
583
37
32
57
87
85
54
19
29
87
11
31
81
62
48
83
45
31
62
75
47
56
19
4
100
8
81
15
79
4
85
55
34
52
100
75
60
93
46
9
7
50
62
33
16
56
86
98
5
19
67
2
90
29
88
69
27
29
7
76
89
1
64
1
43
67
65
66
43
94
89
17
45
14
17
11
51
9
28
98
26
46
86
3
36
67
59
80
62
87
61
20
31
71
27
33
42
81
56
11
13
82
59
41
79
68
80
21
71
96
3
51
97
40
51
70
96
85
74
2
36
51
3
33
79
33
24
1
31
90
77
45
53
64
65
80
100
59
63
74
99
6
7
92
61
30
47
14
59
11
76
3
70
47
5
21
38
76
30
29
65
50
89
94
25
21
81
37
61
28
66
71
32
37
69
66
87
67
68
37
88
86
69
19
44
34
55
73
98
74
57
11
56
78
26
96
90
19
81
17
65
46
1
60
10
99
15
49
66
99
95
21
52
25
93
25
57
93
94
69
47
42
81
42
45
21
77
16
22
93
67
96
13
45
33
81
76
16
39
89
15
39
25
39
26
92
88
66
37
74
40
73
21
9
78
21
92
19
15
66
37
31
13
22
92
85
4
90
50
86
63
2
74
22
100
83
95
59
22
22
70
48
62
100
22
45
88
17
48
73
22
50
18
93
21
6
47
55
75
30
26
87
81
75
74
48
50
64
83
47
99
77
93
19
12
56
33
5
19
2
90
14
68
55
98
24
61
37
49
38
91
34
5
10
12
65
35
46
82
80
21
19
20
51
41
84
91
31
8
78
76
15
86
34
36
55
9
8
100
36
24
10
6
50
94
24
48
1
71
71
87
81
50
47
19
32
99
34
49
34
76
10
97
6
23
86
58
44
94
39
38
92
89
12
66
82
43
72
73
76
83
71
39
72
81
88
97
15
50
57
16
61
72
16
83
85
85
48
81
3
69
31
7
36
86
11
89
54
40
78
74
57
34
95
