873 138
29380
12645
38552
20141
20116
30940
21690
26352
23818
23035
21785
40672
40280
42749
29075
14126
41590
26565
36883
17774
38332
41503
22975
24185
18352
30537
29298
16399
17181
15026
17516
15809
38501
26113
13384
29966
18199
36441
20783
36045
41924
16091
21836
33739
26639
23661
35455
21172
26372
30394
26454
25911
12203
10874
30777
11877
24540
30964
26852
23642
39252
14529
16923
28448
19721
33746
12184
14032
20667
18101
25161
31994
29388
21779
25272
23879
32849
10110
26571
37213
29033
42601
34221
13315
12238
42616
18700
16262
11177
31227
37509
19291
12971
15285
18012
19717
15705
14049
42097
24634
42663
36983
23663
23105
33225
38315
12871
11422
33350
21430
18141
23281
10830
23770
22784
34844
13133
24224
37536
24228
25792
28005
13883
22618
19784
10516
16537
10554
37372
40757
21177
20883
18436
36391
30731
39784
35940
28073
40160
34582
19989
24736
18718
27448
32346
29716
29496
19400
39761
20347
32605
11399
18632
14906
16112
25246
27475
39529
33849
10629
31131
20694
40538
32548
30713
38477
20868
35640
21060
15895
40810
38393
34791
33217
29686
20986
24118
14879
35387
32080
36098
10639
40364
40438
39274
15234
15243
23920
21237
23865
18596
18351
42718
21453
36666
28981
15791
13170
26946
18553
38673
23548
23247
38541
38883
40611
12494
29438
16009
28931
30707
12028
29063
20839
24563
31674
40014
16454
24308
20504
36437
29454
10561
20864
20588
42017
20803
17421
25678
42013
41901
17907
41589
36961
37878
23067
10802
21197
19724
34317
38908
20168
14919
34579
30217
24456
40091
25243
39707
35726
32787
21982
27549
37231
42362
26815
12526
12762
13403
10230
31485
23255
18733
19053
16406
38989
13255
17898
12027
28103
31258
38639
26423
32119
29470
16351
35759
41084
36365
17249
25466
21600
39376
40457
31986
41445
41142
33590
34571
24833
11372
24886
21732
32295
34346
28849
16284
42184
18218
21316
23143
29466
19806
34156
11489
39704
26722
10150
26530
38090
21168
25300
18194
17862
19219
27619
39038
16887
25182
27307
38252
35229
20829
18454
35116
26773
27404
10117
29872
23259
32519
36719
42142
39501
16450
34123
28066
14769
33786
41137
33545
28922
27883
22972
39820
32455
22212
38578
22633
17197
38360
15591
41657
30646
24342
18654
29437
10409
27707
12722
14074
21388
12358
39860
18887
20200
12332
40534
12836
24396
21454
41288
39693
40340
17192
38112
14991
37483
41931
35263
39643
11023
19085
27570
31129
27477
13695
25558
12670
33004
25119
42496
25121
39909
21455
11611
18954
12403
24198
11347
34572
34288
35270
13234
12502
14113
40910
21769
33220
34747
15632
17490
33275
13094
29669
15571
26804
39040
22656
11590
10200
26597
35104
28470
21966
13550
34442
36268
27024
37495
28855
24331
32005
39846
31690
30265
35211
36393
12613
12031
21202
22974
20859
22963
29681
18681
26953
18964
17075
10050
28673
19829
32050
34845
33191
19486
30120
37806
35168
39407
12417
31868
28711
14918
10421
33397
41922
39715
11860
10034
35316
35722
37731
30589
13301
28969
39654
36368
26143
33083
24126
13216
18410
32940
40117
16410
20506
20350
10584
41261
16695
17259
27397
10760
19006
38348
41668
36965
40854
26809
27738
15046
41029
10098
11548
17406
23396
17917
25858
22516
35280
42001
38396
19876
20515
38707
13705
41574
23779
24607
23685
14963
14073
36713
10562
35493
20580
40292
34779
36734
12590
14659
21701
13676
20127
37758
36263
38475
25266
10104
33900
12332
22469
18526
18582
31061
40084
30034
15061
30089
29800
14537
32472
12425
38796
38705
16227
16858
14337
20696
30882
15817
15986
31497
15549
14253
21354
13432
42668
14700
35013
30943
28493
21568
14181
22506
22707
11963
25894
37713
25537
13321
18195
26691
33784
18550
13274
34827
17806
10031
39549
33774
39360
19789
20811
12370
15721
38415
20751
17190
28114
27751
12423
12669
24524
13753
29719
36988
11516
23007
34239
32119
11127
35952
26955
20823
25487
15170
32969
41791
38892
17965
30016
24175
37854
25618
38815
28520
13297
22812
19956
19536
23746
25158
24798
23705
21522
31262
15685
33758
12313
23240
32328
21517
20764
24901
21367
10955
39234
13814
38723
15892
22180
24155
10674
23586
37795
39969
25432
25233
16766
15708
13442
12480
28964
16913
17588
39290
36422
31479
42582
38870
20657
34174
29354
19291
22491
18705
25089
32616
42171
22936
13359
16851
26078
25410
32060
19665
18872
33665
10844
18454
19256
13142
21281
42301
11423
42702
10992
39785
38033
17869
42674
34349
33132
41482
10955
11177
34522
36443
21840
11766
35234
15155
14452
11205
28100
31848
39236
21570
27332
39994
34453
29247
31302
24466
23610
12942
38107
40839
34426
10670
12571
39974
39361
23723
14580
27763
37525
20799
26945
12203
20940
26941
20382
25548
10492
36143
23163
34135
35636
27198
12144
23637
13801
18259
15312
39576
26163
13692
13185
12099
28218
40849
29195
29581
16106
32023
29166
38081
14831
11364
20025
24457
24541
14340
33368
20589
11950
35676
23598
36247
17522
23181
21604
11737
39490
16796
16640
28913
27510
24271
38457
19723
40216
27738
10633
30087
14744
40250
11013
16125
21696
16738
18666
33918
27627
29973
12664
29213
38514
24467
26371
22702
39528
17655
39495
28366
14727
28512
32508
41764
19049
13135
20138
25574
29180
37712
28095
32670
37168
18141
26335
33582
15090
10367
12411
14609
18014
20278
28837
11749
20784
22299
13090
24102
18044
40260
17857
28989
15776
29416
12012
42425
17782
35779
29309
21212
28622
11196
39123
41817
12571
22470
11300
27996
26732
36356
40980
19403
41886
18736
22407
13756
19649
11310
5541
8824
16137
1068
30829
21534
19813
23405
9962
31273
23541
28134
29770
17894
5735
14807
8670
32561
16818
23215
24174
22144
22023
2858
20432
6180
29956
4796
23224
9419
4140
8754
7378
21320
21396
25495
19726
8087
10462
16724
30268
19227
26219
10396
16344
21035
32461
19207
14631
23245
17531
9085
23171
193
5577
16982
12530
8898
1303
9407
26622
5384
20808
7008
9665
23825
17014
1084
27968
23201
16099
23512
31482
520
11315
27039
20416
2979
28889
2949
24006
15525
10704
25835
3067
11543
26763
29890
918
12062
3374
22260
31729
15229
4350
13567
30875
1882
21782
10723
11689
10053
18781
7487
32332
25462
32692
22967
18857
8534
32628
25240
31204
1602
27927
19647
2430
14219
23093
7863
29410
23489
20915
31777
15930
16689
29751
8281
8583
19884
14558
27734
26353
7050
9778
