779 114
26607
26705
25341
28337
19159
8527
25374
31806
19108
12757
26118
10580
10299
22464
28786
27850
12267
23477
24513
18579
19886
25688
16472
22160
13996
2494
25414
6056
19457
15652
30500
14619
6848
22753
10303
17427
7480
27801
3066
27517
8566
6580
23405
27670
30987
5134
16722
13001
22031
6896
16162
15672
31077
32320
28027
26777
5697
1012
7109
8899
3816
16844
4885
12680
28343
16193
32849
1094
17767
29625
18838
17337
18319
29948
21206
5139
22634
27115
30150
15695
24795
5488
12535
11714
6062
3505
21058
2803
7969
29577
8298
17580
7075
15928
18429
24145
10203
28505
3963
25201
18924
17173
5818
13467
19960
12439
9609
13683
10723
20159
19860
27908
20057
28955
25480
12120
2322
4371
4983
28486
23636
22371
5245
13196
28602
22991
16292
25118
32309
24849
3589
21949
25936
19223
16944
29130
14776
23915
16590
10333
1275
7155
23685
9874
4240
30682
6428
6947
25112
27342
10720
19260
19683
21100
12102
27018
15542
8184
30673
25494
7627
12370
18486
6481
1562
24613
28351
13039
33751
12386
9709
2297
13628
3821
2657
21150
3464
6038
10236
3659
27464
24906
25158
22651
25557
11146
15372
9423
26654
32797
16974
3425
9895
7426
7768
11350
20178
15017
4910
13234
6494
33379
27181
14192
14893
18710
4848
24019
8010
25141
31345
27127
8490
7919
23920
21675
2098
19879
6681
26499
2938
19877
17633
3624
11473
2827
1201
20979
5633
30474
31302
13242
23380
20565
14040
22506
18262
20438
1529
14550
5085
3489
3777
21327
13383
12838
4136
33141
5379
18346
15539
30668
29779
16376
31059
6291
14415
33363
33674
4433
26158
5552
17103
30384
7873
15138
18740
21134
17472
3222
18246
22610
11593
29632
30516
13180
2342
3413
17204
9345
22863
19579
11043
24533
9263
29310
11627
25417
17707
11972
14122
13719
32225
31491
24465
17467
11437
1969
29322
21381
19570
19644
3741
13549
8599
4732
23060
14246
14415
1766
4957
1910
6174
13058
32945
28100
20633
25759
33523
10483
17261
24645
20443
19950
20386
28523
5971
26628
16929
7914
6177
19191
12148
16818
26567
19279
6862
3003
29095
20724
3659
22847
29035
30716
2168
30247
27812
13250
25366
31171
28593
10296
5915
2749
4579
11646
33274
8016
1247
12723
4132
3509
13123
27915
28879
32990
12940
7201
14070
9575
3127
13455
2977
8906
8742
18365
21862
13522
12870
2038
31024
31058
15727
9153
6207
17942
21899
27502
28528
6938
5883
29935
15295
1274
20790
12777
18442
33706
8883
11275
2072
18791
3082
23455
25817
26093
15958
19550
7663
12779
10461
1161
25710
3764
2547
25141
4832
20023
1819
25319
9869
22321
4208
2400
24057
22945
4931
21946
8365
10109
16390
33716
5178
1443
26472
33611
33404
2322
12994
24458
29980
21594
15282
1954
10840
18769
18181
11837
18183
33544
9947
13072
27095
11261
2053
19119
33754
1170
11954
22694
6721
11710
26187
12229
21863
3075
10395
11451
33041
22176
16435
24295
25076
9991
27149
13162
1143
7313
14959
22145
26811
26737
18706
16146
12248
21991
26756
6276
11882
8886
27851
32468
2125
15319
17739
16613
14756
12911
28138
7448
12576
31999
31601
11293
24447
22746
18229
28169
24658
24541
32248
11688
8196
9818
5642
11796
8984
30037
28851
22150
21170
29939
10966
20589
29273
23343
24782
19389
8955
29391
27036
23946
5937
3734
19780
11477
23749
15548
31348
24998
24434
20123
32615
2651
2282
2219
18953
27455
8734
3760
13148
27742
22969
24626
23066
6552
5101
31022
4252
26869
26483
27403
25082
15160
27597
33231
29300
19127
15567
18835
16144
31849
22365
2101
32901
18241
13174
32588
13656
9658
16242
2657
5957
17844
8327
27996
32736
27262
23698
26428
32892
13620
20756
23819
12620
18251
7035
12561
31688
29546
22180
6729
25682
28795
20893
4113
5914
17155
9135
7717
15423
20654
16796
13518
22327
21039
30757
18775
13680
5958
28623
23233
12343
20770
7655
11960
17882
22250
18116
23237
19977
6295
30028
28100
19842
13316
3002
19865
11502
24648
20894
7455
22277
9027
8996
15969
33273
1399
9626
17677
10258
14361
9517
27941
29589
24936
32755
27128
8683
33598
16943
8529
8703
12261
22480
9966
29160
33067
30522
3123
32712
1465
10569
22560
4596
6304
4755
15233
31317
22325
25070
21860
6414
10527
2099
7120
29278
3758
7489
15540
23496
10607
5700
2846
1138
13053
12599
19629
23756
22041
14759
31561
8561
7677
2746
20241
3410
28654
29297
9365
30481
17169
23082
4934
23979
2687
22633
18475
10330
1435
4055
30933
7610
27300
32651
33428
22058
8070
10377
2539
11637
29942
11400
11842
30642
6077
18937
9691
32104
11348
22852
22023
33526
18610
12117
15258
24370
16482
2391
14236
25937
30424
26047
5185
9735
11269
28301
22043
19438
30505
22734
11663
5932
25577
23910
7302
15441
26017
12044
9316
10878
5371
4502
4158
31948
27585
30327
12104
6891
8424
6031
4005
8723
4902
7450
9467
7168
4820
1002
3365
7297
5271
9752
9882
3890
6931
2529
7574
1023
1337
9206
2975
7893
2580
5639
9627
4980
2286
3490
8496
7735
2664
3446
5981
1351
6906
3244
8855
5325
5127
8184
5126
5847
2373
4205
5058
5341
6859
2111
888
6116
2668
9181
6737
5586
2468
8430
4276
1891
464
8378
1370
5676
6066
7613
9891
9454
8197
4040
1880
1741
3774
9289
4897
2114
8772
5564
1272
5006
8162
9521
9773
9023
1434
2960
122
6824
6172
5355
394
6620
5127
4627
2182
4379
63
3053
369
1168
2560
3909
2821
7306
5218
8068
1308
9018
1758
8463
52
9260
975
3168
