9080903
6204082
4077916
9959684
9831026
5875703
515983
5474273
1180792
8823003
7070221
9387700
5101623
6139617
9220300
1434789
6242512
2080706
9559747
3813631
6938261
4100134
2993175
5509438
5005557
9365508
6997031
647495
8500848
8065815
2130902
6600229
7580342
4654963
4354411
8293432
9616775
8763432
3233388
8870021
1783544
8785426
238179
150520
1151135
458008
4959566
8867019
5803988
8316805
7170826
9508896
8558728
9884871
2682681
4948203
533205
9910687
7614779
4741958
754739
1687376
192669
9382564
3598193
3026816
5331227
6694386
7383449
8445785
2737828
2215850
8900378
2688729
1525907
7995530
9686885
8986
4337969
3083492
1009014
6428395
968213
7627554
4548749
886656
6495278
4133363
6943732
4577734
6839702
4688184
5534249
8483139
8981292
6309000
3491618
2303962
2856306
6597657
5914486
8752274
8203998
2261046
2979740
7864523
4510244
40146
737191
8142608
6819874
6144094
190299
3553012
6654691
7698501
3763208
2336305
7762443
1175457
7058265
3405486
848439
9308572
334837
5341079
237455
3929360
623690
6553745
3185016
8690291
623819
4193978
2270789
6522036
6455156
3226575
7973818
6558193
9763097
5935403
1566194
3079178
4671983
9677409
6493990
3230564
2171609
8522334
5106915
5234017
8595314
9425191
3710694
6327067
1429546
6997928
145328
5484301
1713236
2159342
9234932
9001900
2994930
4500527
7526374
8370406
2978365
8424160
1024648
6667997
3351463
6509161
3400663
376290
5576528
4063526
4772035
718193
8814826
9919487
7189556
881370
6636225
6220574
5497682
7736857
9071132
8827286
5560092
5186847
9939718
6662946
1095513
7347340
646351
3204714
2749685
4439003
9858274
3526814
4840790
5029132
7658184
9234327
9737335
6987654
5775124
5792179
8740302
8616610
1465996
609826
4561599
7700500
4808018
5857529
8137612
6666754
2360063
2472147
2722484
8264595
7956826
3787486
3231797
111308
995840
859167
360534
3780395
2106944
1451474
416598
3076385
5310239
8047698
5699686
9894679
4787045
9139490
3416932
9977290
6643801
748225
995756
9041295
9705181
2513536
8858452
9329116
3285240
9935847
963766
1610554
9292221
7014419
4415726
2044034
2208078
1345820
8951537
4179937
8808277
6661739
6315246
2211645
7272997
4067088
7951679
9322373
2466624
8884863
7406891
8862210
5026051
6682611
9495868
2269639
4881460
5514788
2490290
2897422
2245791
1650610
1744719
2262374
2594626
1505613
8724553
8333275
7699131
4563870
3753232
7742217
8976277
8456195
3047022
8441512
919694
4683452
1147149
1587544
3663560
2987221
4194170
7610816
6351427
2986159
9236882
6367156
6052122
6740375
461121
1636225
4731855
2487990
6622487
9762352
5138515
975642
3214456
2671541
5608614
4619183
3355528
8508569
7430911
6835008
5616609
2320307
9397727
6137761
4549930
3125166
7350244
9794734
736578
7241500
4770073
2710912
3131722
4517813
9626960
8086571
9167157
2569326
5592791
894466
92164
8635293
3834341
8107284
3310263
4630374
363401
9469001
4559928
3185286
5975363
4374629
4587522
6202071
1535491
4685096
9309879
9476433
2270791
2592248
2283482
1571625
6730248
8356948
2594292
5874765
4533908
4726139
7850820
2913618
864094
938695
4481002
4752154
6517433
2215668
7555389
2625210
4367381
5021809
8106262
109726
4573603
5018159
5216936
4242714
5934453
4127105
7633860
1603119
9483942
7095688
6874776
5128052
7501428
3553824
2585979
3225256
4076516
6451599
8776623
2902404
9526038
7325176
442961
9059106
9782405
6828741
4402596
8285726
3510345
4509284
7608989
6770613
5608780
8515255
281531
2065988
8324721
6965943
5093248
3310193
3495817
3653176
3972462
8022120
1827169
9342510
4217832
9073955
7486722
132168
8596958
4449083
4606605
4346141
8659787
7221123
2448197
4778302
4869756
7426106
6005312
5325052
2252517
8440391
8057896
5496089
5518749
326893
9090838
6015394
8802644
5049016
1281693
9259550
1484573
451183
5063417
2722813
9619752
9781643
3969215
528191
5913663
8333440
9006583
5234224
3303477
4702701
1499172
6011935
8282003
6284133
7235706
6339244
4691487
8205105
6656755
851938
8775609
368098
8848626
2560727
1350462
1812720
210224
6562795
5056322
2968351
7025803
4593545
7253798
803648
1330157
4580206
3117187
4763249
1377295
8520708
3975262
2673549
8383562
2503939
2751449
4516299
1855281
568400
3010053
1527886
593698
2435711
1392116
6141945
7272163
9703135
2404742
6138796
782946
2097570
1816733
4867687
3444699
2303548
4853780
1034736
4337409
6269955
4366741
8638502
8376098
5492412
4712579
7675698
3881908
171916
8244249
1198515
1263200
3707781
1947060
4445145
8340539
3096524
32828
6636207
8469288
7269441
5969156
1949785
8537079
240768
2086349
3822366
1649446
8568095
9813763
7731047
6732864
886308
2842692
9017819
1508722
8039719
9103545
4276945
5311477
1628499
1885711
9947968
3549132
6645413
3948047
7022885
5166285
294103
4572705
2189253
5862615
8873038
7899354
7484019
2839857
3314593
959269
7845110
8908496
5837234
620157
450429
6996150
9140127
1405810
3421689
2847863
7587132
8272690
6140446
3002130
2766678
3022059
3024855
5013844
3445210
5569044
567036
3138212
4755304
8243753
2887429
77601
9069469
6909225
6544809
8491678
4935943
5982474
4410474
3038806
7661865
3096521
8381182
1045592
5956998
6040494
7151454
4955642
3892013
7935493
1213392
2524977
6179179
9471013
111590
3367892
6126693
7221205
7240771
4199843
1152416
6834105
664493
7401883
871686
2618854
7050995
6165973
2217194
8357989
9730927
2554936
6890387
5950143
5447739
3606198
8214167
3958656
4835236
1323064
1061952
7669126
8328517
9751080
7981630
1050269
8392321
5929194
9031083
4587141
1510999
1883464
8599743
5444323
1487207
8852513
1926195
9518950
9299975
8319431
7902794
5495477
6483400
4237931
1831841
1743139
8299653
6353861
4352091
4138297
3311945
7751093
2812520
2167999
5672720
1974574
6330497
5516493
6744137
4301850
9738945
7642204
8219797
3881876
2877130
5164783
873913
1702923
1160622
2940711
787646
8594448
9761345
1063472
6955976
2841078
1697431
9731451
582690
3535726
148586
5368977
6809453
4271966
6475959
6731537
4001688
5711813
9304625
4710525
4091836
1880868
538263
469542
2006835
6771729
8924730
4703854
1089491
4671819
2610158
448394
4000473
7338397
9508833
7465610
6857315
9154436
4256923
7270711
7158700
7386453
4873649
5974134
2453304
4625701
259994
8480695
7132959
6241454
6998399
4453419
3921944
2559186
5511187
8795830
7627945
2845711
2797949
1190063
3656296
2255835
6377466
499136
4816063
7225324
476843
3897949
4800049
74957
8356759
7577582
2483829
2788654
8860920
1847722
8188370
6985362
5519401
5008857
1220167
9798718
9771316
5498786
7461832
8898218
7006147
7715046
773577
2766930
6367411
2415734
7988986
7603758
9760774
9673722
8308762
7745989
3596037
710861
4566408
379889
574517
6819525
3545779
7536064
2217683
5979001
9677069
660076
9428371
3969926
7264982
1166200
4228572
6452560
7067021
1842986
7198145
538799
423082
5066051
4143995
8937943
8876069
8625072
4878851
8928260
255104
904869
8994070
3599503
3235341
2868801
3883375
4431301
3753473
9251172
7401598
2608267
6072104
7688603
5140968
3334251
1150758
3763752
8283000
1674550
3279552
8332234
7180530
290718
4178653
7468496
5019327
9478561
5921372
3333701
5565837
8544959
5300533
2908375
192624
1884576
8582784
7031300
4115187
4166722
3759876
3844092
4365555
9918123
9946536
7072590
5890692
3171015
7052171
3066951
4594611
2728844
1893904
8889324
6667789
7943421
9645665
7987929
2855272
5549802
7907215
1549495
9305768
296899
5115931
8875617
8432210
1008270
6419862
9907862
836588
9419442
3797759
8683973
2232995
3076129
7883004
4996449
4194746
5522559
4264763
2739295
3472221
8317179
7883766
7649831
8564112
3961162
7017036
818243
2260316
1415097
6140860
4010892
7079878
9450895
2102630
746162
9764504
2707013
1593285
5343664
5285650
1809428
2301809
879140
5591459
4510593
8529058
7397913
747415
9275937
3169456
111905
391432
5162010
5296839
2580601
7523038
1975324
9944625
5121264
2008675
895096
8037963
8431001
8148345
4972433
8498154
1104529
7542397
8077441
9051849
9913841
5624445
4244740
8586854
7746517
9470496
347913
280682
5086103
9719621
9268237
862371
2311805
9517310
408325
3049753
5876536
875379
929282
9538100
4785381
493041
8438966
8362580
6287592
1662675
3806983
8864771
8508486
9416807
1827793
1691946
1915336
145162
1722310
854404
3225766
4742345
7453040
2815465
5376409
1300961
8634206
7899196
1649699
54968
2508679
5573262
8055743
9421661
2760138
4357992
6147508
810470
7348447
9535474
2129000
9409296
9554639
5462295
4057669
4060435
9242297
3970196
2974598
7138699
8792484
5782540
184531
6821801
4214011
3434085
6216794
9400637
5582567
4726858
5459864
1378761
652421
7233272
5456454
9342769
2268741
3848732
6415931
9427686
2681640
4563418
2774293
6261862
557133
9016539
7203336
6692497
9371231
8977332
6772588
3536717
4427929
3978918
1640581
3936658
2928312
6995324
7568219
6684771
9016125
2258928
2891952
5274065
8537309
1889477
2791063
9355323
3111548
2172353
6594379
2913117
2265328
9080362
8565585
7654986
1338904
775617
4848089
4804466
823027
1257578
7030992
2689092
4896590
9938356
2193862
3979418
6213035
2517574
3078498
5857343
6415600
2622097
7456999
2288136
1962596
4680150
5486449
4513404
9145190
624666
771276
2217617
6142510
5021491
4513611
2559823
5483619
444935
8820838
4698833
7323850
7326327
2104641
513699
5912737
575959
3061112
7343242
8925400
5992255
2674299
644001
58488
5512970
6486314
9823485
5734456
2050387
2887230
7919113
3093453
7221698
5167418
8963564
6823973
1632756
8317200
9225465
6948207
184539
4837762
2272947
7728418
4442591
1298058
1841079
5649888
3084723
1240382
4433148
1052876
2757166
3937450
2260272
9246543
2846938
9392529
2798027
9464104
8644753
2663504
8311312
9727516
7840801
9970397
1614074
9037525
9204745
7892999
3058411
42167
7716207
4097830
8804619
6495517
6301752
1290242
6322487
2513075
4564837
708437
7021697
3543534
7797663
3036175
57742
8390532
2709088
5644768
2672362
6320408
3543794
7025949
3535639
6081923
6972811
3252249
6081480
9705771
7482592
2115384
9354045
1591092
6145850
8134843
245900
6967246
7633304
3225291
9197661
4699834
593161
6030934
7787067
5878962
6013841
5652688
4298017
8974879
2137365
4764237
4386327
5630992
6284679
5124385
924368
7741830
4806867
652094
6329264
272880
5954638
8812729
578033
6350318
164113
1743381
5223178
6540977
9535170
9974423
55835
8627619
3093172
3596840
1835632
7234935
681137
9188569
7351332
9074192
427980
1525403
4066190
1843971
7875395
1137743
237701
3332774
3978529
2388314
6525354
9255918
2880985
3217422
3602520
8272038
1204167
2205363
7810338
7742086
11536
1438563
1992157
5702512
423934
1526448
297289
9542006
5061657
3705373
6198715
2208935
6832721
5220711
5563046
6113876
7868469
8861236
1939851
3194766
5498973
9297847
719396
4207030
2836661
1192705
1394100
1489818
73744
3840103
1230435
7885763
1704574
7901296
8317667
5532831
6203881
2782445
6300485
7038031
857886
8574179
5789710
7480032
5307126
3542467
2755028
8260006
9731423
6500970
6951277
9603116
1623704
3323618
19092
4802219
5669712
7926627
9851427
314738
1893609
3280687
6222504
1003107
8384947
8856574
5908858
4515568
5114555
6453801
3134818
3559143
9517555
941475
2425696
785970
849678
8032932
7132714
6183778
7392921
6615155
1839066
4391773
3739950
3178826
2673664
9918444
4241613
3427646
947659
5857233
9753384
4991773
2100900
3695982
1907744
2652238
2707482
1208537
3045855
6760427
795111
1924715
6165912
914058
9232129
2107582
895182
9978339
6637713
141754
5378453
6126605
2266586
2925526
6886854
967772
3717177
6345331
583867
5935887
9922137
5366696
3864343
6046616
8756197
6642684
8598597
6970139
470483
7088345
2629426
2210181
9773829
369705
9107150
1774874
2931724
8769156
7046826
2222985
6933007
2394158
9663045
9126213
3675344
544300
2062790
5941267
1323084
4123059
7537317
7550676
6797123
6289164
5776309
7669453
7828319
1863655
7789
5285942
5817740
4802746
7703211
9937873
8748145
9278559
1983414
7321291
9297502
987856
7554807
5249147
58408
4732105
9087532
3863351
1159514
321195
5391255
6183
9562159
1920450
5001809
8120271
8364923
8193345
2357207
8255976
4110801
1325258
6013787
9416
6149111
4666359
1303785
7211582
133232
5195962
3852783
5251916
1018613
2558229
6324652
773621
4396485
3801787
526133
9626835
792025
8466504
9130658
5095666
8623728
2095599
9490869
4603805
2166728
3592311
7872709
6195396
4989996
7335506
7238062
4619429
3675258
2218585
1448728
5919355
3914322
4010642
8814003
6508958
2725608
6347803
4508876
1406992
4943719
7366202
2873315
8073320
7120363
8251794
4725268
1629812
9651599
7254241
3882597
9479380
7572927
3104141
8052130
2100669
5285742
975501
2857740
2792702
2671729
1633157
1554638
3098475
2087105
7713130
6994545
3315061
1052396
8965668
3195321
2899086
9212165
8456067
9424660
7198230
9847313
430586
3934053
2287909
9887985
4477039
6984065
4543214
3624690
5361036
6317890
6508
9691797
1857920
9249994
8808018
8090354
1574503
1522743
6380608
3512110
2210098
6069050
417946
9960114
7887608
1578503
6538782
4481124
9578153
8726208
4410459
5968407
9814032
3007803
6147548
3690650
3546858
8405330
6697145
2915032
6580306
4039212
2712323
7320818
487864
8936407
1376107
3124743
3277277
1200628
711223
1533903
1323510
1321475
3619082
536278
4681924
7953853
4370468
2547808
8312193
6951984
6520800
2002320
8073104
6815096
1768236
8391646
8364284
4708312
8476588
798586
2638684
4357134
6709148
3205148
9869148
9088292
1701941
4797307
2468522
3107931
8970580
5158112
9650618
1405322
5411286
3395127
7468324
67
2597114
3136919
6828262
1644937
293066
5953630
5712758
7312387
676306
8687087
6073228
3548559
2163353
4470322
2541997
5957192
4124746
4260866
4595297
6144480
8906367
9422355
1376351
4718480
6738513
1525648
4239693
9491322
6561148
2457917
7588638
6957838
5195236
9423051
5228991
3320696
9055955
5162975
8728651
5287676
2640656
3419623
1678687
5315520
1919193
8651984
4655363
8003905
7405628
5918218
9153608
15803
8757980
8104550
4392711
4111166
9236693
8917983
3273680
8340534
2415235
3040234
4614791
9631934
158589
242077
9097757
9957063
1911313
9128212
705988
1810681
323081
7747586
9424777
4929825
1340878
6807835
3341955
2767123
4379693
5604223
3238617
5020343
4424614
7645517
2705502
7590853
353972
1659591
2992517
3495418
9618388
7772516
7235343
1822557
9622339
2330071
6166845
9949621
469358
4839166
4175133
6825513
4330690
9523528
5699846
2394191
5036677
4882327
825283
6637828
6643353
234219
737539
8782601
9807588
5338768
2182864
1029166
5958312
5623136
8551090
2051476
3990501
5508477
7086006
716683
6949924
2278252
5606809
3173433
5037754
593690
6832166
9720247
9844087
1647747
5126784
6423208
5240467
2049328
4447752
5135475
9490586
7914162
7080797
5017999
2265834
509543
1161544
1717602
3716596
1682143
6349607
4914587
6718826
4141062
4126207
6657960
5113091
913276
6879703
5522542
9012154
8714368
6247785
8865325
4092876
7431456
4168285
1616108
791690
9626324
4788974
3919927
1173695
97299
98106
2681119
9015554
7017425
9518716
5109078
2866528
213079
5343038
9514677
4928017
7008705
3432068
9385083
742014
9942611
8150803
6082705
571453
1953916
2353823
1075189
200434
4388163
4551183
2721792
8770537
549577
1942732
2610033
3913736
1189729
6598154
8500139
628523
272344
2385477
8751252
3107343
4283443
1478280
8189149
7150850
9588837
7400129
6268587
2432402
2018609
8511525
2333414
4080390
2680600
5691026
2489021
6574419
4017918
2273739
7142616
6023167
2184791
2171860
2178826
9885774
4142557
6208089
8052629
8238975
9856206
8229827
6019304
6325866
1138878
6185107
1641293
5006958
9133152
4177025
3955521
3961169
3891080
209752
6268847
2487519
466884
2369088
4049574
7765293
9947696
5049436
9977027
3176806
6129274
2366094
3192592
9387961
4698291
3715382
2210122
2803521
4776650
1275622
8696378
9856626
5458143
9886528
5175885
1250183
6526126
7056968
6156895
460108
2595123
6551404
2941252
319570
7980936
5030855
3963095
6848975
4706726
7491348
7360234
1098616
3873036
9091230
9470407
5135542
8121393
9799601
2039930
3665454
269105
4236189
6098897
8839598
6779732
3635426
9509033
1916026
5915833
9929713
4964985
9022194
5397750
3224307
8674251
7322179
4593261
5986323
3924680
8592158
2250565
9367687
4593358
5981689
2745289
965649
1903882
4561535
6039681
3025866
6971743
2275491
6777481
6695818
3317750
1164506
1161872
4819039
2545399
6180307
5126059
3247423
7897539
5087135
4323537
4679904
3736280
2391442
5061422
9181484
9426137
7804742
3160881
8651565
3573233
249882
9990693
968982
5734091
5935555
686986
3204801
2499070
8960725
9322107
6979940
4470000
2631041
3393003
1333760
3855114
3408743
3955029
7890895
1071081
3232872
4493980
3544760
2456139
5614149
9713624
2220795
2370341
3981746
4938629
352221
7456582
3447127
7044074
162612
1221088
1638747
3742397
8786877
3488276
5385495
228901
6239324
1986339
7422882
4109775
3844450
5274082
1211222
8223196
9084996
1219937
7504058
426011
6723605
9929040
1134238
9681688
9149194
8000095
4217835
7877975
9978116
195175
119730
7469776
6414397
6105122
6441282
853845
241979
3898177
4304178
2651706
2301951
1617412
1598200
8001407
4090535
1068495
4053388
625210
2025976
5022962
8745300
6588228
9204052
4884895
5423131
5032730
6406973
8832471
6112841
4152825
2702040
7306551
8056941
5480437
2884233
8999444
5322594
8926282
7249590
8564115
6524638
9053237
5835827
3414710
7417825
998615
5541330
1479821
9748405
2402425
2083719
8020017
5371195
5630027
9082794
5912940
6457995
9006122
3436844
9519258
1676819
3196141
1676110
5161601
822400
7388911
5070506
2125730
7455480
8057
8593073
2659459
8002890
3269471
1950769
2335720
2743900
1886982
8239614
4016174
8195314
4912051
5787421
4161963
7616397
9888489
8829933
2921858
4895142
8681243
4770545
5096512
2682646
6044119
4639901
6290606
4356399
4622322
2067691
8311864
128132
4882715
982131
2177121
3453187
2556068
7119834
3100313
6445685
5302556
3249544
8430430
9733084
7512656
7587757
1297432
90471
4279099
5560265
710288
6686418
4030635
9015316
1993345
4054604
5797079
5843369
4956987
1413648
9356429
4370632
7468085
5737253
5402137
9028036
9334566
2293547
3101186
9098351
5052765
3534214
3960816
3150153
7844939
7956428
6207851
8167900
7250364
7838018
6235017
4635968
9025884
6064515
4545719
8316661
5675909
460824
9382980
7258323
5574614
3561335
5020787
7534792
2459280
8868714
7228646
3791956
5517144
1469476
4115111
6230088
2921231
2880767
7121196
6166896
2329206
5238695
8801084
7153302
1619079
9653260
4782385
7746349
8414141
2278704
3207980
8502266
4341699
4676285
9771699
6225061
119051
8800196
4529175
2022643
9966238
2608128
2971703
5256082
7365102
510870
4891481
1701368
723729
248150
3981961
1781030
444147
6129403
4851015
3211063
2930676
8948702
8363554
4792805
5629811
2109051
6608779
8862153
3995831
3298312
5641316
7891366
9790916
3435596
1805732
7560012
347460
4662046
6444741
6660607
8279315
2484412
4995523
7528781
1330561
9466047
19841
6837562
331551
6353034
4922533
8287263
2427552
1031262
9060206
2275080
5104183
8285686
9950839
7740287
4421708
6064150
7042676
1453981
2327172
839074
1643929
5235862
1240966
7980041
3304135
3208087
9851402
7507493
2635079
9507916
2740070
5041249
6408062
91028
9588030
1343275
7671669
2628172
9570208
4822438
4216013
7551332
5330824
2121102
7081264
7167679
7659376
7344449
3969738
2334296
3412713
1607176
997777
7934393
6957314
4147718
1273506
560508
5489087
256004
5198545
5322944
3621026
3693143
7752212
7228250
127336
2532325
4825778
7090767
7009256
3972460
6543472
3181728
2240084
4976242
9856769
1773344
2424947
9718349
601856
7498954
4156525
3888530
3573536
5448655
8195455
6129475
886535
1645590
2745126
3830107
4259845
8826169
9974373
5136213
4130315
8996419
5524728
4970452
1724676
1200632
3410969
7313201
4144485
8786072
8580600
8424515
1097557
4518770
9746689
6144227
6048765
5841070
88208
9183943
560389
9053820
4182509
4728033
2169144
7706016
5907699
4048012
7378387
5927790
494198
4831525
4307057
1502728
7266911
9128861
496219
1769683
260192
9040870
1440628
3345960
8299124
7564488
8426334
2755500
311292
2257361
8364188
9566700
1342864
8435755
5815919
5825456
9876114
8967598
5241565
3815806
7662427
7917157
8440629
8471575
5899193
4359118
2091382
8186372
6869293
8719528
8997642
8178188
7164337
4543573
7070120
7269025
6334816
2940875
6871054
5703645
1304816
4878821
2623164
8707984
4800641
8021343
8907748
8247302
2726734
1925485
7075452
7445913
6469888
3061799
2303483
4480501
8100761
9747688
2944944
9362270
2881212
5278442
9506710
7571763
4643259
7736520
7215232
1254188
7404869
3792699
6949350
8634681
3410573
212176
7131350
8403052
3945908
96145
2571940
8441177
3828031
1447516
4904831
1846085
8076619
8502072
3396646
7987688
4192555
7084181
6299590
1254006
9968613
4094115
4804035
6682880
5291996
8699035
7721173
5307383
7358590
2955112
3012379
5028419
2460635
3052692
6348569
7851965
4224019
6191770
2927338
8835600
6338322
7148328
6683950
4417912
4340275
1932093
9769875
2137730
667851
7033996
419054
1485723
8415444
1355147
6181212
5090447
4998679
2451194
6632444
6769995
6859043
4959264
3300978
6248294
8518972
9667719
206992
9445174
2253985
9907828
9067201
5818517
7593109
6532897
3558445
2104147
6635324
6159601
9964463
5775949
9262646
5611222
2431514
6294785
211986
1922656
8415849
7966927
6733584
6152322
5458948
4836509
4300641
1293793
6417343
5372144
5675170
9431379
8098182
9933426
342816
4280399
1976659
2580401
5836444
779719
4825208
8058298
7986300
773403
147458
4412072
7856134
7436059
7567293
7451420
5726372
414473
6657539
8561715
7322190
7124087
5438173
4399256
1606912
6639638
6623935
1565162
8836045
990205
9981511
5845515
3138642
6320067
8330989
2905731
3289971
1056013
6031341
9370525
1632743
3891822
9382104
9080459
6004900
1017479
7600260
7999215
510852
7196199
9051813
597921
5519493
3902701
7156366
2770835
7813969
1547641
9543958
6530158
2016425
2528131
8516427
6123400
5939834
9558640
1744122
5216778
2878944
3759314
3113602
7481534
7213971
5102865
4921294
1749126
1999522
7531223
7524661
1708568
4881392
4376229
3840926
9712655
9046579
2551471
5022419
9087890
8892963
9489436
5865637
7859726
4091907
3072437
4761755
2639849
2070527
168379
3878515
46522
6766884
1354698
5100462
7940431
6420023
9263423
9436157
9206661
6845157
6896095
8901885
7747878
3068252
8080984
427956
8089896
9490625
8414350
4783893
8994393
901589
750106
2706064
9739312
3829181
4339666
6603690
782624
9931817
8819038
3080989
4656736
1478885
2471222
1013358
8160816
500906
2241823
3480241
8750416
8283056
4656653
9575174
6017505
4912072
6949588
4546135
4330566
7922588
3632877
7035226
738198
4571184
1099075
9852212
2153160
5973682
6429965
9764675
4305356
3703029
1946256
4789629
112777
9196261
5810098
3447471
510066
7532804
4439582
3083824
974457
2246151
6021813
51401
6743263
2127998
4013561
5693731
8120262
8506604
5475935
7333445
6590683
5778821
145247
8509231
3834603
85025
1261261
9122041
5541999
8341949
1924975
3500798
651072
3652876
7026398
1724507
8868312
9815031
6876165
619993
5741004
205983
6320121
1957745
3943289
6780765
6892532
5196755
9937014
3402924
4094911
3888843
1726105
3568115
3964370
969950
9668549
483250
947206
654983
8627602
5263654
1764953
6799754
2405676
4440830
9847740
5791161
5683795
7058846
336216
6857672
7473232
8801730
5245748
7923374
8873999
29915
4411638
6718763
9874479
4281156
4416264
7382030
5329112
436384
7297989
3066595
4812926
5144187
5339875
5479228
3919525
14850
4533982
873690
4695599
4443481
5261162
3897000
4078121
8569312
3286985
6135645
3399703
3041937
7735495
655745
5314369
9404153
4285450
2195802
716891
2356608
7274297
4342814
1971421
7077220
6342577
462458
262699
7384507
421025
3622326
9146130
1557453
8601030
7597088
8930304
3191199
839578
3517508
8991597
7560884
924310
7070072
631755
529507
4013676
5456700
7308549
7100620
3177615
2561740
8465184
244590
844348
953985
8374209
7064330
839737
1650634
727963
2029170
8539176
8933108
8355164
9361371
3978348
570488
4103165
2003399
4337822
3417733
1381085
5063073
8359509
4123727
7624970
4089312
8737731
8404269
6941591
9707590
5662076
4196061
8998441
6335599
5803932
2870755
9145565
9138749
7865037
2516839
2638232
590519
9625487
9753058
8206743
8815495
556482
4306748
2609356
2192833
6926970
303841
5387815
1267659
1313840
4015999
3152847
360881
459241
9888507
5562483
1654286
2586131
9298830
2502005
6756351
9289304
2695053
5965096
707234
4846790
513208
1348579
8435352
1618162
458930
9985243
3135314
2322749
8354306
7588698
8874744
4273366
9666250
5847353
7750974
7265492
178572
5975971
2161655
9022243
8396650
4051704
1894689
7785505
4553729
7402821
9827838
6671708
6164754
5276391
8174183
4893486
5773182
2755867
5024955
698981
3423610
416935
3914423
6679236
9933291
8009707
9776929
5730691
5609711
3634372
350914
4999941
7695103
5436310
9355912
8009764
1718332
5680669
106175
901470
8741354
8204005
8384829
8229986
1169846
9109743
5865520
7279958
9600864
6504998
6806869
9460786
4047983
9174216
6794674
8086901
4057355
8094426
9311749
3927964
4847674
3520814
3896704
2058391
3226469
4472335
8034005
6456974
4003659
1567011
2295829
8174651
9443000
5508878
3096439
8814550
8526756
9430184
9789802
8556913
354457
5321594
1876747
2234780
7033489
6671824
2530133
4846424
2613455
1214758
2922453
5167501
2429004
5990125
3522968
5384048
6541829
8708146
1022695
7497726
1183198
2378951
7011473
5287105
2215830
5908112
3702193
1241658
2361493
8070043
5787952
7498842
8107769
3166631
354625
5406749
1550353
9545882
1922517
6253608
9574195
9300308
982970
3285744
8987063
4744163
2540565
1604005
8125987
7587264
5119160
9295894
9262463
2904702
6598193
3547964
9593845
8807094
5191113
541519
8733370
8933844
7478381
8277487
4839344
1004443
1731134
9689946
8706236
1688715
4462330
3547365
8445096
1362552
4218692
7286409
9811543
7072516
4259864
3747917
3039143
7455568
7804393
7954408
8029383
9158470
9309667
5068265
4046127
5762146
3183407
4850360
7558003
3474272
1203025
506
2767373
5265506
1930267
5309162
2725333
8722112
8366601
8319594
7335607
6752485
3856017
1885739
190951
7387855
3216270
6344958
7979140
4612274
4094994
1320841
706613
2169268
7976085
7144025
3799378
5782935
1214243
286166
5341621
4110382
7676213
1401811
9974276
1790676
8205939
9254814
2692524
1119271
2369182
1825334
7451109
7087618
8382811
1175594
3881824
1422487
682755
8432764
2753820
2682226
6944957
3470992
7524728
3194458
313271
7403604
489833
3218264
1452209
2480338
6542096
3239883
45396
5044415
7941560
8109479
4538891
4530306
1436709
9206628
9699574
2012917
743181
4487660
2504264
7971702
5901954
7129033
2223661
8343363
2495970
2470328
4797883
6934182
8509348
97312
9103953
8892352
1185581
9179770
1903590
7829835
9198753
1079101
2779870
9195525
2204777
8132062
9764746
4478957
9442044
845962
1569743
4791801
1386640
9496175
5784431
1647837
1283036
406864
1217865
4432762
3849072
9856188
4297860
7638682
707922
647387
594212
6639177
7601293
8825449
3629935
9690279
652034
7101080
6307290
3776648
6922485
9278504
549387
1320252
8948615
3557845
4372567
3632499
8413340
7521254
3662592
9259717
5678534
3341919
4851659
9211031
6140946
9008509
5748994
9301142
7192451
6789561
9159172
6167322
6027835
7557565
614148
2265036
7588936
3075097
1529592
3267148
307647
7216425
6794085
1593808
4236306
2406355
117088
7717639
4715977
1012258
6597760
5537446
9079737
758452
151389
2521260
7249723
4950895
2170467
5914417
6148582
6242338
3473203
3976570
6820177
8387677
5429120
9747947
414182
5420207
7320083
4084102
6651904
5665160
473558
8638065
9930782
5614738
1894061
6114172
4745759
8469031
6750338
9655233
7212180
4975000
443676
7082084
139616
374077
5724686
787599
6378949
9204954
1174328
1478925
9754693
4169227
9222365
6553289
7595405
7998013
6788433
795682
9178382
1382186
3833121
7300161
4828723
6022735
5186167
378409
8740051
1599034
9070808
1088495
4735457
6361558
5842144
5691016
1985337
8803413
4464296
5035178
223841
5023387
6001677
1414695
1823571
6912461
3004959
3572251
573495
1214076
9615533
452362
4092452
3857214
2941527
2334324
1807343
6690927
3497134
9824913
5264824
5150578
9147050
401255
7379179
70996
325336
7191064
786201
5400395
8334983
1855024
2166174
3241499
1590059
5449377
4185568
2362788
1168828
7378701
6712008
9619682
7109544
3713332
1828891
922624
3128957
9337649
8130326
1081404
645259
8460924
9718815
3609078
4017836
898779
5847542
3910875
113604
9027075
5718067
8036250
7822335
1454164
2651530
3886735
6288834
6775749
6323742
2767935
5912018
546789
3819623
9925337
1520179
4592481
7145929
4487994
9457556
9180861
6316248
738894
4345748
6912510
4553753
8051124
2101915
3707798
4083891
3660366
8278838
5356774
9644994
5242949
6064039
6550105
8554243
7085268
828513
9020211
2107451
474966
5326565
528117
6961623
3536399
8292200
6995582
8168233
5272666
213529
7604302
6005945
7194740
7584849
1236068
9116710
5039828
4361505
1524205
7862706
6307997
7742802
2699492
893632
4700315
3442985
7469747
5866115
1671738
5339743
7402815
6265570
9053721
9070484
3331961
7778482
6156518
3518458
3522974
2940520
7841808
6922127
4547217
6917406
1375903
8592619
3984451
3708356
8355375
6182906
2899607
7614187
6585979
5929047
8558299
8407325
4281200
1344257
6192569
9870062
7815698
741742
1812249
9692376
5487039
5038305
9360674
21443
6100207
4606289
2568455
549754
5044809
339148
5943926
5910301
5232856
540468
9395568
5285841
9671924
5443988
5240877
2882040
1952710
851999
3516205
7957141
4781871
2208138
4181036
7738605
6677002
7038690
3431027
8178549
9126633
4152324
6693732
1051734
75187
1341771
4794810
8503800
3845825
2445317
4916134
9328226
5768101
9317219
8304004
102044
4525552
5338802
6710758
6861066
5466943
7630453
9147617
2493590
5586312
5325173
2247056
5521036
8227952
7966419
9467455
9586113
8896722
858659
407371
4728718
1877887
5876411
7480008
255867
8139631
3030529
4752681
4584173
4044651
7751347
3045404
7664954
2948865
4760992
6830237
5168458
9396816
625838
3174395
5170502
5528768
9120498
4779992
7880369
3783980
5392797
5494288
5308129
4995597
2861336
2727521
2891614
1432437
6612390
9096654
8062512
8075155
7053329
9353457
9414292
6847911
885784
8563894
8809268
2627597
4038697
9125154
2348238
3429842
2941930
8785010
2365283
5343823
7719014
7004176
7410360
9585555
2938929
5478208
6916728
5942559
7705437
7527966
3242264
3406304
9603323
3660882
2610022
6427934
8091714
5811583
1287031
1209862
5593930
6464340
6945232
2801258
1347549
1025246
4386013
1142309
3436290
9755817
2892116
5657413
4716178
7819402
5663786
1627487
2308847
8102174
8902853
273573
3922366
5256966
7142285
4016634
9116772
1497716
7307013
9703848
9140449
8877560
2733613
8075752
9751572
827813
5458995
5709208
129491
2585171
1131730
2453251
693098
5417857
9764918
2445857
7467107
6526669
2562884
2356796
127889
9734800
3527884
4622790
7582053
1019096
4119804
3371438
5419272
7868340
6267666
2494240
1847090
8293416
9875114
5905434
6402730
6738368
2469485
3102921
4319614
3661742
7754492
8908927
7113998
3940016
1402617
466634
7050027
9054248
2889915
6512569
4611718
8186174
645701
8390009
4910744
683216
9827566
9115577
2633888
2716032
2116812
6126192
4153355
4739816
5558807
2780567
3205844
9080717
1877605
1047161
9762961
2829649
5355828
6843985
6679633
3658639
7019739
4549645
4121839
2056352
5754267
8867773
2935937
2825492
1682322
8062319
8865006
8859273
2519626
7813443
4239673
8372262
1559318
7278866
8316782
5704605
6368072
8484876
6382245
3619062
3337470
8312075
1153729
8762405
8439226
8687014
8557814
6531582
1799967
9658520
6125580
726663
9428483
3255257
3700265
9775608
8472355
2534286
8525657
8557136
180894
7319038
1748545
9446444
3810675
7868169
605850
801591
6715472
2244703
1583407
4809772
2694129
72915
8864926
6433074
1735977
8207673
864184
7626493
8803832
5528083
7633376
3401655
804078
509167
8009899
8487361
8892959
6893867
5218023
9705251
6824970
1276908
8641838
8303539
5603930
9359436
6169946
6756243
4603885
4849997
8969295
3342763
7335271
2780476
7418866
3875518
8430907
5501567
5128947
2670641
6828838
9158176
4178639
7554125
1070308
9364678
3845266
2145174
84001
820238
6918506
8706485
7383012
4530724
7143621
8108587
1458708
7673994
9735290
305550
1802876
4346048
3197206
5221376
511614
7640900
2825905
8588136
1606621
4059812
3302795
8985127
9904580
3202627
2997159
6721128
7816096
3090889
3563816
7313489
1891177
3204860
133002
4552741
5264667
8677109
5226806
9057614
8336589
27875
5915842
7487803
6647684
3523010
583182
3615107
5704985
5476538
5455385
2462329
6433144
1748301
8974943
680554
1872076
5532553
1393552
3853208
2218592
8017305
6559276
2965496
7216186
8971123
3927724
32961
9201213
3997424
3258251
6822333
9905060
5606791
799854
8897912
1159973
835779
5017931
6364643
9106707
1063862
3171795
2759240
5222946
4615431
1495583
8424349
7514705
5811271
7895142
5683032
9270818
3040114
6170770
1436999
4985856
2722069
5090427
8487179
7586190
3415953
651425
6306107
4775350
3883398
9483591
891924
4281463
6160996
8522067
3158643
1266926
3403085
5086700
7036011
9210565
4967195
2112482
6882743
9199207
8539356
4651073
208888
3001168
9895069
1739198
9622075
2064705
9098052
1069518
3138205
5291282
3358190
9799165
623048
7994074
1167112
3090780
4985815
4307183
7743416
989280
7376468
75379
7413151
5835748
2992992
1367141
3207387
1898483
5957942
430993
5108675
2971477
9192855
1913714
840195
8890249
3990872
256863
455789
8875791
4973754
4356513
9961750
1538937
4378911
8573813
3002880
442561
570735
1617609
422487
756453
2686878
5594967
4728329
6119351
6866384
7735291
9223544
6373181
6760418
4624051
9527182
3695731
7221541
9717655
3027255
8204170
9106679
1814589
5285971
5085383
6351029
4238440
8886856
5969245
7913826
6765685
4144032
7294268
7176804
3682545
8868218
2283397
8865903
1676454
1970711
2534974
8637200
4680470
9561545
9360363
3901831
1930843
7293280
5726144
1885600
5246701
5336915
8910812
8575566
6080098
9503553
7928863
4901248
2922022
5242302
149259
962458
1989064
4041052
2704916
7450613
1415360
3016044
1340130
9853136
1957251
6081335
8742170
9826185
4156175
1194140
9822199
9546147
361717
8238962
7062442
409153
6549955
7929199
3256725
1093057
3506028
2569285
7393280
5744886
8819896
4742893
5333956
7296745
4561196
6302835
3786754
7672525
3357012
5595799
3956690
8350796
3371028
5240255
3631165
5439924
4739173
2341515
3648205
7823410
2418418
5065544
1276795
4108285
5789583
2623744
2372561
228857
1457577
2691750
181994
347070
5435209
4287149
6624146
9508023
5014305
3268046
9431328
912364
8818724
4796010
8847948
4943364
2586583
4726282
1749998
1773359
6748040
9909541
7187844
3514996
25041
9043174
3034284
268158
8589010
2199049
8445297
4593669
5623729
901890
3630556
3825688
9617701
7939667
5080257
1888960
1203459
7970564
2527346
2988568
9011197
2312119
8225404
7900762
361618
2353716
5079
8139052
3458451
5760101
3638753
3052705
2796360
5168883
5187610
2850454
24774
8347384
3000003
4643799
2047504
8673504
6824030
569222
6951147
957137
8483218
8957722
9211967
5933745
1055986
1336271
2225445
8689731
4107304
9418128
3621611
9091958
3413430
2442792
9471961
9730199
4746211
6744386
1174904
5947576
394414
3516870
925170
3548990
7073725
9593163
8799937
8505562
2381905
2429494
3871743
6285600
7988521
3430697
1751184
4112985
5950056
6563594
7618805
8387920
6279277
4616722
6337837
9896988
6173997
7011101
1675729
3799137
8032396
65018
6294872
319878
7806235
3749695
7489639
700416
9709118
7730616
9768388
4679545
7477314
5381903
4858100
5454062
6870600
5623231
6378089
6185198
3668330
1919367
9803442
170209
855955
9718521
6863089
1144804
2330367
3472516
4315592
8419273
4296156
8805008
4908678
8027201
9205905
4930529
5110435
555248
6135815
9358836
8242781
3720814
4342510
2712662
2362934
7712947
564153
35413
7049127
7166419
6622166
7991445
1239756
2612807
8236095
1585151
2177503
9324440
4500782
1587275
2797855
6150890
9957894
5817033
68068
5499903
4714288
6125653
2839869
5601336
4457882
420788
479591
3646029
8138978
4497458
6740124
9800619
9915943
7073362
364308
5217389
2086583
4581843
4964918
7725782
4277046
3595783
6440067
257334
7989346
6668686
951174
2056759
7075923
1384215
9932675
9500586
8719674
561175
9424740
5986644
5974784
9706690
4314538
5373659
1617605
9683230
6228489
7544117
2375211
2771148
6116723
5090711
903634
6819395
5397750
7505614
9166116
391986
8617828
6044482
5486890
1882412
2443028
3211741
3992914
8653772
5267955
2137444
9764908
4286114
4627998
1940684
4656239
8574251
1892445
910575
2874562
4177459
5385853
5354366
4011966
5266767
8011464
803778
4568450
6780558
4137129
2651059
4866907
6234862
6196057
5799796
8201764
8299401
1746401
284038
2875030
7583623
1368551
4776839
7906821
8823000
2452935
5286631
4260210
1709241
5953595
650142
8089174
7911150
4339114
8825589
5838470
3189806
7046795
70470
1589069
2989876
782079
2122475
6490183
3730749
2051819
8484503
7627174
9079496
5989660
8831132
7154330
9057510
9621175
3961348
4718816
4707068
5684158
681622
2823562
3962283
1035747
5375247
7896286
172333
3302722
9368061
1445257
7203485
302644
2195420
1482548
6447127
456205
5142818
4994510
7403415
8390341
4247826
7790851
3280641
4951860
839947
7975110
5644635
4062851
1898969
6766387
6341248
2771158
7897218
2826393
610010
8913840
6102939
6876921
5054822
8158183
1118137
1440281
4064033
7570820
4078983
9183321
1135709
1041539
1283104
2719101
3779845
7384258
6554214
5804207
4554490
9836328
4294239
1996
6271281
4309163
5913628
2084767
3005050
6325856
2075600
4442351
1822232
2609180
3444432
6331093
5563078
1613439
4468212
6732802
275326
3432999
3549459
5270451
7496673
4654196
1985017
2976519
9741358
2533343
3392924
7034850
2335288
5712514
6201077
8028872
5968317
9776836
4409473
9999287
907754
6546609
1566443
8784375
6941035
6795140
763351
785426
9119785
8764195
8016795
7531541
3904417
4212338
6449380
94804
7654547
9564422
6261238
2956289
4615499
4254984
5943473
6106724
3854805
4690529
1580536
440642
6833695
7085909
5550802
2885542
9139824
6079749
2793390
3421249
3457432
5959834
6708209
6515090
707171
4182979
5439136
7858940
7688380
6397448
6459962
6649647
8563672
9519738
6558533
7902888
8796146
1866002
1758635
7938551
9366031
7606622
4694787
9104528
4409770
6224341
2191724
1961372
4707264
7545878
1671904
5504039
5328295
8911672
2215406
8036836
7992878
4943797
6279970
9698568
4140680
4322451
284987
3577253
8823255
1899094
2982796
4081820
3415198
1450789
5182587
5770375
7773591
9570289
6719203
7024733
8425953
9538768
9807280
2258527
4451099
4599552
5200039
7869561
7592874
5659328
8829880
9140366
4680123
6377941
516056
1244518
3444187
1532235
6086185
5289154
4159495
2703909
4304518
7428492
169068
1687527
3049763
4819476
9863948
6851182
22517
4878230
5477147
2410183
1343176
8441687
7279558
4901643
2255612
9752091
6347422
240677
8820794
6655296
3915097
1434967
3632602
9505381
350345
7924209
1471515
6516918
155378
879189
9835955
2040277
1328899
6152286
6081940
8761462
6165355
2242237
6536631
208190
606109
9161906
9485366
7893904
2545129
1212419
8543968
9552176
1323394
3519611
7907479
1390061
8814373
8761305
1518667
9375531
7293584
496567
7847665
1790695
1245785
9200924
2077315
5163754
6911748
710632
537485
1152286
4024950
7240714
1306447
19845
5385643
9466411
5050507
6543810
8419936
9062923
6530801
2375831
3207744
3493988
4105431
779437
3552579
9741742
601340
8444432
1068011
7566081
3642155
1711438
6590478
7829803
1733341
3712827
8674233
3148441
4250980
7084782
5213346
7012060
1944905
4670069
9326441
7730482
7249551
6505628
1479049
2418150
9147112
1768833
1872393
657870
9755780
6745810
5066419
1734304
7396672
8416754
7866223
8839835
2312712
5586723
4678773
2284817
985417
1527303
359799
416625
9535391
1093612
3763868
6089748
7928105
3879676
3193956
2149371
4358696
8181380
9684430
3462754
7340806
2915859
3823377
3497394
4940708
7156424
7289218
6232848
4428500
7650400
9796798
6292158
2737844
116879
8220188
1241018
4480611
6150625
1694386
1885072
5063135
1772312
8888784
596509
42957
8494842
9239926
9897450
274855
8139515
4550075
190213
1572973
9552621
3859994
1156551
5566026
5620413
5097965
869261
4091243
4755291
7358469
5127460
6098792
3868691
6519253
3127364
8486895
7355102
5944656
7973857
14655
2182311
694998
5598149
1880116
6241440
8175692
4208933
3952108
9438503
6050419
8812253
7393649
9868074
9085514
3311182
2210964
2502274
2368575
9425030
4170944
7106164
9816222
4443201
3065137
1466212
5800849
6382326
692849
7597175
1768289
1845338
1433562
5151277
5894535
4898927
8037694
3994970
7930043
542732
2710208
2847409
8747866
6780763
9673048
856677
2269565
421418
874137
7265623
7558943
9829484
3216889
6164182
9673576
940114
5684713
9067001
8132637
362341
9893895
9783273
4221864
122692
733158
5717486
5980016
6454017
1586880
4539817
1587752
9251569
3434220
842320
8378499
9558796
5834831
2857663
4914541
1568080
1480614
4471623
7616439
4757667
4702162
4386452
4682781
7640836
209145
9275909
6512578
1266908
3837692
383087
5794462
5937042
1145705
2665416
2785474
2618758
3933716
3940849
3051814
2600258
9183765
885532
610785
7896778
5629678
5544321
1857692
4920944
9079507
6411312
9905104
5709145
6827414
9393063
4932126
6754690
559470
5556285
8326776
6681194
1833348
8970259
9446027
9596780
3119835
1791822
5410730
5117110
982136
2297755
2314371
3426280
8774292
6948528
4251340
6345183
6676648
4862704
3879825
7953874
391975
679364
6588
3558793
2333847
2725886
3105799
6388115
1426557
1202796
4541600
1732042
3348367
1469097
5527123
7599322
4613999
517778
147169
4150922
2717979
35208
2364778
1107363
3070535
6050783
7193965
2264513
9579298
8648436
1912240
8319660
9479852
4287792
2769796
7178927
4915988
2217553
3139179
3630139
8672591
1261872
7852668
854261
303120
5133714
661219
7636267
2716278
5924274
2447311
9028187
4254603
9899919
5242265
1187007
6342990
3133667
6402240
8763628
7149236
1320108
9106780
417249
4299069
5377721
3917771
725290
9106342
6894117
2801639
3947188
4023825
3595416
6662981
7637199
3122694
9808255
7611052
6701860
9752158
8738693
3196553
9472786
7193600
9398813
1049061
65331
7352400
8235348
456441
2594337
9944066
9045159
4725354
5645063
8567310
9578162
7773264
2178289
8332719
3488356
546574
2370405
8979560
5235992
3546443
5891923
797092
8862403
444001
4485606
328977
6170909
1649074
6825389
7913410
4602967
7996741
9135391
1048137
3730885
2125522
3775942
284012
3279731
1902062
2486872
6884189
2100134
3900039
4680750
3888203
1858086
5161722
5688045
2795352
5337244
7999471
7107969
2792465
4210392
295876
6576579
7340505
732381
5178748
9385625
9100007
8054430
552381
8490570
8085870
753550
9626194
7301041
8052856
7231051
9186408
3445336
7908196
4509602
8442275
8872949
915827
8036488
2841698
8543494
3930578
5780244
4686363
8447874
706730
1311327
9859264
473403
4847463
2933819
3979499
1160022
5376642
3388299
1762145
1785678
6568869
4039217
8897127
3957016
6609595
496744
8552777
4949551
3690520
529853
5602510
7348812
7497152
7909723
7146661
3447558
7423165
6316025
487313
4355434
1667791
2586279
1376309
3183187
9500249
2966307
6562887
1597744
9011008
5234453
2071408
2694490
9218519
2335829
4343467
144603
8028656
2938461
7034702
488109
1433551
8357579
9749820
8120735
2704081
1055776
4327058
5758053
345063
5499508
1339469
3395363
1189576
5397592
4937511
6660911
8796952
960602
1071021
4467504
3196329
265386
9221155
7363979
9926840
4866375
2584623
6895233
4816441
2230527
2992637
6241963
8904344
9739853
770042
3953161
5872308
1527321
9183313
2786032
8664902
9246691
3587289
4577960
4290251
7551667
2685953
672210
3160202
8068956
5662544
4452856
3404171
9482687
6469985
8097846
1983906
8192903
9129939
5615229
1163617
2047436
2278895
2295200
1746877
2059755
5087448
4005353
3921644
9276465
3601978
6963460
2598143
9696918
910064
8759983
8061110
4579046
6843155
42361
9978905
4540004
9173863
3017841
2651732
5183168
9194230
3144505
6351658
6390755
3709815
367678
6611733
1782113
3638589
6356493
7235524
4635433
142944
1760656
1000021
351961
7220985
8297878
5337827
58678
5957696
3242213
7665870
7078752
555306
9507430
2301218
2385107
6957036
391265
5412768
9524144
5522786
2765531
420329
5002498
542173
7330469
280314
8641398
3633869
9199623
9094499
5147847
2931265
3414212
524096
1008359
6447996
9428706
643002
377503
2665921
260736
7723003
1244711
2385957
3498383
9710175
7488975
6925876
5143306
8031477
4798179
713787
1729022
4787043
3496146
5743174
5965319
5770426
4040387
1377364
4475800
6603348
6700373
369564
3579688
4899507
7711733
2058710
9466155
7024107
78516
8745782
7826164
7530879
2252442
6065520
7055512
603134
8712494
7363769
369413
3390174
6265461
2374123
1038906
2395492
6031007
5391910
5685116
6570825
9787172
9507427
1962760
2113698
3790452
4119812
2084422
3932665
3921525
1135738
9060936
2105131
3934205
7907742
2697832
6811600
6582150
1933715
230977
5177954
1533599
5044601
454681
3145476
1165903
9411117
2391046
8691979
2210651
3175032
1335675
5219138
9637572
1403598
8080382
773876
4930713
3811877
7614445
6010603
3697718
8424133
6790624
671312
95630
5633901
5680438
4404169
7853887
9542624
8753464
3137570
8737885
4080472
5836655
2121278
2384142
8148517
189368
8905273
922472
9043610
4572819
8682914
2351159
6365534
7160546
3621324
3969339
6552268
8254326
9297845
7304803
1646275
3311437
3103734
2876202
2121174
1462963
5634230
5033280
9895467
3183029
8029659
1434579
6436230
239018
1772863
5178803
2341192
5993630
6827258
3889328
5534174
137263
4713899
858994
3591456
766790
8412574
4127017
4098754
1207727
4941769
707462
6830474
7206107
2772449
9659981
2759239
302540
407659
9454103
307802
9787116
8387215
9643365
3373973
6091140
1645161
9670683
8362155
7468015
7851705
3229010
5829710
2798488
1475266
1261867
8927276
4322678
2558439
8360396
2324689
898408
5844290
2904669
8780777
7706505
14372
6389014
1344607
2801219
4057658
450369
7289839
3006667
8553722
497128
436828
5561392
1180076
4656138
8930288
6645935
3830709
3113444
5982464
5481045
5381188
6068690
1773703
1754955
2343004
2154348
328684
4681054
71121
2681305
472467
3578049
217309
8656457
1431175
7584011
9226210
5019830
5291359
1088764
2868221
2155703
5552967
9958861
9110359
5701056
299944
1118182
9947075
8840809
4959678
828138
7170589
7269629
2416629
2210275
7622917
4097176
7930359
5740781
8144112
2931182
4910923
1692759
7722377
1530233
8113987
7553240
9052966
4503584
6478798
4266034
4562212
9298305
5475713
6569894
3285871
9163889
7637591
2475797
3293725
6617883
8787996
5525239
1265074
5182573
1549567
7574126
7771977
5192113
3040777
7400432
3815942
6087690
8926923
6291280
211585
4148467
3428527
4654940
8941670
7683920
1422042
4034843
3030451
1088948
5575195
2857094
9178607
8540682
6935681
8375936
4700633
6049700
4456991
7911584
3601680
840920
2612180
5835010
3492134
3577554
4652857
1396695
9841996
9221715
5679989
554541
1918248
2262025
534226
6383685
2525434
1984714
1871647
3039988
2949174
5223284
4681523
130834
4008983
816047
228489
6578540
1489837
7394277
8553378
8146418
1592211
3242816
3522258
5713279
3744407
5026651
6620593
4776840
1991874
7122657
2494021
473442
4037967
7891574
3004993
2284449
9658015
6896332
3267273
7020544
7666328
279357
7004248
7289384
2897259
9479528
1355366
9705885
2251593
8503720
7599515
4156660
4876889
829202
5508434
2957338
6494884
3356965
1039544
8716785
1989805
1216897
3709233
8847366
6915399
3730138
8650383
6063120
4286414
2385386
7766224
7982867
3795117
8935586
8175169
6055537
8777341
2179884
7579006
1362983
2318391
2913760
2685977
6488495
3139872
586583
785435
1703081
3569584
5550216
8369653
7992157
6464457
9020523
3346670
2277046
5022241
9411308
4567104
3371503
5069965
2907485
1004260
6029759
3260543
3839411
3639786
2121061
588273
3505509
8931020
6312389
6818087
1255805
7167238
6395898
2186996
3263667
2033772
4791094
2177521
4020122
9047797
5938594
6590561
7259531
1077766
7938873
4550655
6222459
354853
896237
512398
2666030
458432
277501
4381844
5085370
1799134
2369499
3447764
4030654
9811918
9314893
9036422
7339455
1778015
8162377
5620912
2389459
6216152
5063017
8313962
3416997
6663677
8476627
4536003
2832028
6752723
2192224
8733459
5849380
6023208
6125454
4555572
9272942
1465372
1726128
9891785
8095781
7620346
4458751
5328109
8033526
9268778
4705082
5934702
7049393
1093846
9470589
5681687
9311928
2578675
2524022
5665560
4200812
4658051
737649
2548404
7681954
9737203
9445419
5835042
8663663
9240401
5310793
6244458
7442157
9811199
9170771
3094452
9558357
2346071
9050523
7235106
1737659
7978940
1831973
1065995
5175479
9560678
6927531
2673513
8480139
1812605
3509507
7798466
2245252
4956656
9982676
7758393
1767332
8827908
3922555
5969278
3351356
1725237
4632249
1012999
1445453
9573029
3699855
9755708
3992548
9464410
9065140
380814
9165602
8893872
3310523
55665
3261186
6853992
5226211
2147199
764610
9667983
473348
2181109
7009451
6396868
1006907
4458784
2353342
7016684
6898394
4152599
1948484
2606899
5929581
636160
3580824
4251682
5259087
6339801
9273664
515577
7551904
3431193
6500017
1020756
9595491
4388125
5854142
9116852
3003374
25481
2969906
4099626
2781347
3849909
4261853
1054101
1516661
9027014
5653413
7318627
8363847
5829808
3212761
3483582
6891559
165041
184779
4920581
592464
9223162
3806328
2885061
5237291
9612275
3604160
5243485
4680577
5794040
3100976
8103126
7698671
3797987
5532930
6992021
8766135
3193464
7709433
3663763
8029986
8251484
3785376
7295863
2490289
8000466
6867321
5657032
7343542
3361115
4809688
9700257
9065186
4724501
8711496
6676733
9087947
7675614
9790580
4258031
6620273
3923332
4582365
3579268
1914539
6178042
9216850
3167685
3834840
6596162
5769864
7734056
7553284
1966003
7216527
6519104
1862216
2122530
9423812
1905582
1231813
1431926
8592490
2366602
23081
8623618
5002489
8636538
6597255
8120755
2793673
7118902
2359612
7502247
9899137
9572008
8251100
7639283
258005
5019269
8369797
8472952
5286768
6867110
6326781
63447
2392899
5923068
226445
6675812
2247895
617732
7509517
1795769
9028573
6509173
6043683
1983313
5475815
9373700
9566657
2878600
7950468
9307297
7908640
79425
9885666
2721907
1650282
7990490
1724755
4774366
1833671
3130883
7212102
8243619
251910
248408
8462015
8414835
649580
4732004
9795302
8913367
9266571
9809672
9405386
6988937
9611360
3826680
583304
9862276
3435290
905850
1704201
7412840
1032580
3763221
4898515
2004223
8630647
4773500
5449890
8195745
4934632
4052946
882520
9315353
8723165
1412226
7375538
3498936
9980773
2475719
5533584
5498383
2285049
933303
3516680
9658749
2868851
9500732
5895126
5588726
5164470
2548894
3304754
4190152
2239461
4522842
1694515
849622
6642879
7364272
2691012
8670678
3369057
7445499
5236503
4392517
8642572
2494908
1954142
3967297
8378002
3514320
1368099
8866274
1370413
9568807
6589993
4295887
7318972
7947662
871072
7900738
6051773
3303654
3676065
7088425
9911126
7359494
8471676
2528389
6863869
9816960
3024163
8325811
6739839
9685403
9573356
1177897
4831356
2448231
3661340
4995025
1779039
8790514
1197095
5561408
6864451
3263727
7976156
314649
1998858
9043251
3061500
7425459
3584371
9761116
5291202
4115154
6697706
2489847
3875025
5032210
7338387
6196300
8523346
2387434
7516484
3830032
1288191
3958685
1329337
1332389
369580
8720637
2399542
8521992
9707338
5424151
3459149
3404531
8558178
3280797
686831
5313527
860065
1728477
6931781
5294013
198077
9440706
1817017
9132203
2081216
5031975
4286714
6646222
7152008
7555550
4881159
1930528
493456
4333781
1950381
5654194
5651118
2361208
5579173
6440384
246308
3944357
1685713
6189427
5101902
3880034
116891
2675525
6187652
5744920
3358323
1711972
398809
6760976
7669480
2039695
8743267
9970532
5523399
6674727
4143305
4432037
1128158
3535287
7162119
7639591
5645435
1947720
8138781
4390350
9029901
889824
2896139
5286817
8303996
9468443
2814810
3831883
5482180
8850173
6573197
812227
8493406
5612560
4480102
6489879
8854686
35814
2400805
5818162
5876037
3944689
7120610
9616673
7241140
827179
9262551
2291067
3487207
604174
982348
7602943
9771726
2153882
3170664
1245324
2440708
9819225
6910087
2537713
3124621
2565329
5902452
2695849
7760874
5650318
7241821
7107172
5332336
5663658
7291517
9663218
1978056
3954662
590056
2667397
436730
809146
9376854
4922775
7589651
9187139
5922486
2917931
1143590
5127024
4555950
7370831
5420842
6291184
8655248
3255884
9835363
8844967
6884177
7279112
720561
6762687
365037
636567
5232214
7641472
4971674
7064381
9807803
6096622
3153010
7710584
177727
9842675
6754362
2735391
2418529
2976462
6283998
9564040
6913791
5389048
7530240
4080003
6592480
3899389
8819700
5799557
9143292
1555552
1726599
204596
4640067
2437855
1078824
1753322
7061652
8917899
2977099
3217569
4827188
2745977
766486
1432853
9997196
5480076
6799112
6180437
429542
5400360
7877370
3453994
5638096
3647163
141452
4803497
105975
981319
136685
500390
9956227
8414989
8094905
1894219
1900638
4015234
227429
2541514
7448807
3013724
7971199
4609852
326180
4223333
4156489
7318102
2151420
682603
666213
7259742
9762870
7755650
9930903
8593970
9657751
7744938
5591319
9906773
7684570
7120496
9817310
9394599
3709160
1835857
2907510
7315979
682724
842497
2524244
5538712
7320598
7809551
9330682
5972414
2703985
7142299
4955863
1430373
2672476
5733497
4222949
3517253
637955
7964086
7457756
1576908
8444820
7363024
8343411
9299271
9564491
5896241
4546885
230690
4023096
7827344
1520928
8891376
1965725
9711203
9576909
467469
2503138
8572557
4859049
5826459
5103400
6035479
3609920
4979980
4525638
2629471
3649602
8394915
4651405
4143841
1237548
6956716
5250536
504178
8797195
5218418
4903279
9071445
8435921
2267498
6167997
9118921
931355
8964255
9967940
1088559
4641143
7065382
1422109
8066729
2418100
74539
7698473
9791664
5594706
9971173
178661
3385505
1453001
1448627
2763208
7101812
3894851
2158070
8014752
4847773
3202745
4278837
7229188
8004759
111685
1340792
5260787
4566185
8880514
3924575
7301406
4791974
3358946
2630819
1431
1082969
4369136
5156914
7042778
3608109
7155516
3104276
8440124
840605
6232434
7614179
4694900
290293
8918876
3230919
416606
3061426
2271275
7605024
2467108
3393543
1459817
4031002
69441
8720973
7149193
8173147
6374458
7094152
2207515
7957155
7531442
7591296
9434845
7067152
8209208
771916
8350398
1270988
6769415
1026431
90007
3154724
9686865
7347873
9123801
7598952
6079638
8097898
6890506
9992353
4511985
6805201
9066942
3685199
7249720
1385309
2540706
9095968
6576010
4448779
1261954
6898933
1655526
200110
5176206
3203388
317516
2359509
9038727
264710
396517
2188217
5038195
8221364
6907313
699061
2691049
9510912
3422885
9741359
3556890
7130380
3961854
8630935
9541235
1698476
7304338
6262574
3069695
2994573
1726696
2460936
3898466
5848095
3980921
4476756
5801420
6466348
8160799
5366269
5448367
8975374
2965507
1507453
9179085
6728054
3042764
4306354
5689016
9982461
5271785
9121441
4671247
1705012
4522052
4117328
5608215
6683150
9124913
9839493
1629925
5994606
9398792
4816996
9075038
7534890
5260493
5779444
429200
4492717
9297396
660173
6410042
7739855
4343628
8008649
1741213
8245778
1267505
2855574
3105053
8060712
3707856
3807372
2373286
5380280
8940747
1525234
6851666
6157058
2630836
5931452
1802269
6520696
769516
9945989
8700341
4517346
590355
9124975
1524599
6262887
4908981
7495215
522252
617754
592985
2134240
3502642
8597817
1999601
2426087
9469506
679665
5438324
942096
2374440
26728
9409681
1152449
3535578
4861394
5464854
5847022
2558658
8421016
9065408
5210105
9795295
5292862
790343
880496
9755876
8151963
2208271
8154975
5516793
1478880
2394267
9789486
5006813
5898997
2158518
2451254
7631603
642208
8576923
1167140
4532872
7852609
6457970
1008112
3178042
2070
6344434
5762008
6237923
6745271
9750961
5870380
497163
3321753
3475126
9363578
543483
1705114
623736
5313736
3544296
9952823
9682613
2209845
2869110
1771614
2493901
4466654
2324352
7679795
2889381
8818666
8490719
8976787
7281255
1134468
3401218
6542064
9423579
9773350
9865726
233775
3654847
1018619
5048766
1537239
1709706
1918844
3913102
3337230
2516306
1049549
5786273
9083328
1270885
5070768
5427109
8171450
2916418
3983431
3441564
9686941
4296573
1055777
8616258
6549559
8544579
3510280
7304097
8602303
2834459
7111173
4589463
4426871
5230430
977534
7820542
3237939
9338689
7487773
7701689
8135044
7174435
4628369
5848725
259242
1651678
3056494
8572426
7060530
6402332
8057876
6459174
6484072
119777
774372
8069523
7284116
4819972
4604671
9983006
6108692
425897
7386717
5715532
1235413
4969247
4809733
2979429
9169073
9189114
9406766
1436222
