296
112
115
289
127
236
30
214
163
150
47
154
231
4
156
77
50
24
171
277
86
42
80
11
212
29
56
242
75
204
214
74
234
102
230
128
192
60
274
30
41
233
119
82
215
113
237
304
8
81
33
178
190
252
157
214
168
138
298
258
162
8
67
292
243
236
164
33
139
292
177
14
70
287
203
276
256
302
220
126
60
173
45
94
94
199
137
267
130
120
81
111
300
135
130
154
164
197
129
294
70
63
177
196
174
95
27
63
276
18
93
59
273
137
308
117
118
168
301
215
191
286
277
251
154
204
143
167
23
173
155
201
90
279
247
67
175
22
133
33
292
52
231
301
86
238
293
36
153
89
300
261
304
221
147
27
199
212
86
14
289
94
56
41
63
253
18
98
50
142
46
25
144
3
150
131
102
23
209
3
182
202
155
85
115
53
100
298
262
199
178
281
231
290
303
69
69
215
194
176
243
51
284
289
91
169
169
179
89
166
171
172
77
173
87
114
12
54
271
137
119
119
284
279
203
122
65
90
206
33
247
260
199
109
163
9
266
70
242
211
273
130
63
77
185
202
5
5
262
97
195
189
95
272
60
114
157
210
41
248
157
174
196
181
296
16
245
15
255
214
165
252
285
202
24
107
203
53
118
75
179
89
291
39
94
160
300
204
131
38
60
213
77
162
289
152
165
126
149
246
47
99
87
214
307
22
296
60
184
195
43
301
120
187
304
87
219
174
242
55
176
136
152
165
86
238
124
45
113
210
29
101
50
245
178
259
58
247
180
97
155
198
62
163
195
90
154
310
198
8
219
231
166
291
12
280
148
270
16
64
221
207
132
98
55
209
255
274
11
168
306
295
156
265
246
52
302
98
130
141
127
265
269
276
126
87
59
6
90
159
11
295
18
31
279
61
281
134
98
51
