109
304
479
624
818
747
607
85
663
400
425
898
571
156
943
146
834
407
273
773
344
179
790
602
578
204
220
665
653
326
774
340
354
802
736
164
204
743
913
743
182
159
80
17
612
287
218
974
56
79
4
502
991
627
97
290
799
324
598
731
305
544
907
972
747
799
195
833
681
133
687
97
581
443
482
413
811
796
879
929
731
606
731
107
480
853
536
752
422
705
709
390
741
63
974
343
131
339
70
332
907
523
41
476
680
176
670
654
742
916
369
789
272
784
265
184
651
828
22
839
655
577
482
352
546
616
416
121
840
663
660
713
439
282
359
579
607
738
811
883
255
19
99
706
948
483
804
749
990
28
167
329
319
683
338
154
62
404
619
944
847
801
462
992
822
344
268
152
365
746
124
217
228
330
340
724
262
924
469
165
534
134
943
795
777
115
963
949
284
665
257
613
529
79
264
40
879
17
384
294
859
82
677
434
654
419
305
993
92
462
853
647
987
953
92
939
494
347
86
569
901
569
708
217
2
822
96
590
276
735
937
766
845
19
825
378
436
752
197
141
71
313
339
569
473
240
782
488
618
818
726
413
785
76
521
710
564
569
788
418
974
505
9
771
495
508
134
129
243
253
356
783
355
801
275
795
482
224
334
915
169
560
244
5
420
98
542
603
728
883
324
12
3
280
393
422
984
469
429
829
768
280
44
256
377
792
640
356
367
687
445
260
766
386
9
758
429
604
159
267
446
115
41
230
2
169
906
342
922
264
769
16
269
258
457
198
950
978
114
787
271
725
532
278
386
426
634
167
983
393
209
941
242
833
399
708
150
507
345
463
774
445
10
501
821
24
661
941
781
232
329
292
571
944
424
340
613
392
423
106
766
880
291
34
915
621
411
576
157
858
90
84
334
556
228
201
645
251
520
305
565
339
673
166
400
337
903
203
147
485
740
280
890
211
883
87
202
726
27
727
372
737
381
61
438
633
525
695
349
855
801
740
188
65
264
946
701
962
101
938
92
136
361
216
388
301
141
363
587
584
778
551
118
435
665
531
261
423
560
327
622
374
325
86
464
906
202
529
948
623
420
360
234
795
593
17
12
828
931
432
39
313
337
170
390
472
738
90
172
711
946
893
77
175
273
330
623
877
983
737
917
207
216
486
924
280
73
19
588
214
664
113
914
756
729
338
841
890
154
698
894
903
719
864
848
78
525
32
816
576
617
320
656
236
289
729
643
15
12
32
517
65
764
45
341
580
733
183
740
311
514
724
238
109
212
959
315
914
397
617
247
750
875
961
72
297
517
931
22
704
902
555
814
203
791
157
597
435
186
951
64
663
344
463
100
23
465
844
340
735
320
4
143
296
409
41
189
877
141
947
333
377
844
115
707
765
348
585
214
705
921
971
93
723
158
481
534
711
539
447
324
947
658
231
236
826
526
113
978
344
744
624
634
974
745
164
252
438
397
415
89
290
937
137
492
379
586
241
275
551
411
651
541
812
372
94
192
132
143
861
589
839
268
860
523
190
575
523
219
145
980
583
980
226
829
60
688
54
23
109
26
70
139
93
813
621
343
378
256
215
159
827
697
105
326
321
609
288
698
342
488
671
476
967
798
223
428
761
66
326
925
32
274
27
28
198
484
2
525
632
627
473
996
383
507
991
324
740
351
555
578
682
721
835
112
212
610
609
786
214
554
409
494
338
434
972
639
68
82
747
878
217
56
35
36
556
916
202
671
883
147
609
532
226
595
39
231
84
783
409
958
304
970
327
558
638
771
776
420
753
757
95
540
972
939
790
250
58
818
218
493
520
316
82
629
733
33
147
209
634
722
415
691
808
349
977
32
560
155
829
751
294
458
355
755
375
70
264
337
17
101
792
942
110
17
592
199
909
207
163
715
849
867
298
839
288
918
212
563
486
689
941
348
5
20
329
517
387
921
584
613
160
129
235
654
765
529
130
60
297
643
908
940
637
167
680
202
428
692
992
786
505
848
76
152
851
101
759
728
425
57
953
128
620
607
714
436
713
409
225
233
278
380
651
219
222
887
704
504
631
312
473
29
723
385
636
58
197
365
132
578
2
413
709
367
897
216
919
852
834
552
29
501
275
685
562
395
883
35
151
256
878
753
574
177
903
63
978
837
975
172
668
963
542
493
160
742
928
89
207
810
861
18
169
72
309
211
728
394
887
685
470
568
277
71
230
506
874
850
790
356
843
347
530
262
876
5
709
297
826
694
481
16
975
513
206
724
733
246
692
674
347
18
903
907
746
912
532
100
8
