287
23
553
463
407
556
348
263
593
231
179
242
275
545
64
540
658
75
545
96
198
584
53
625
656
327
552
356
153
567
499
315
166
350
466
426
314
433
618
599
196
231
7
415
557
236
54
222
440
302
305
560
24
522
33
186
375
355
51
574
508
204
142
169
190
330
262
270
285
514
339
64
582
558
65
154
426
225
266
156
82
48
443
599
597
416
340
348
32
134
412
100
66
255
125
73
254
521
618
341
199
449
209
80
604
507
568
250
96
378
483
31
11
393
158
191
407
184
439
554
154
336
197
342
252
531
285
244
322
612
16
655
618
503
41
297
394
43
621
418
26
6
435
598
652
245
622
114
212
578
389
542
137
518
342
268
14
408
370
656
260
439
112
352
126
587
49
367
304
189
152
277
391
104
108
391
255
95
280
390
396
685
588
574
318
192
528
195
407
263
455
503
226
205
151
482
506
574
316
404
425
420
630
658
436
54
653
207
150
187
171
72
535
311
627
593
526
269
24
226
64
445
210
498
407
90
210
71
539
251
453
397
611
11
499
265
558
478
179
687
66
518
108
532
634
194
297
82
211
672
80
439
261
288
540
606
696
56
476
144
500
473
636
96
240
195
412
172
21
176
472
80
383
429
89
482
291
519
87
137
675
264
690
370
70
145
679
443
630
378
16
409
554
386
193
574
598
353
171
157
396
299
419
94
654
507
662
221
8
622
65
35
69
453
326
679
462
244
108
357
499
129
2
437
208
154
392
550
336
1
441
342
238
434
178
315
560
287
283
47
165
152
599
339
476
86
488
311
536
389
198
612
97
263
568
635
450
333
546
146
389
199
4
409
147
700
434
365
221
450
199
305
288
320
372
685
259
655
364
606
369
470
222
248
81
119
564
563
293
421
518
144
302
602
485
599
229
641
194
467
502
199
524
278
284
284
156
681
202
110
110
260
364
451
556
556
559
514
643
167
642
630
62
106
162
595
202
478
279
132
473
505
605
13
423
498
106
261
630
566
246
267
271
289
686
308
22
419
322
316
301
449
156
320
176
26
596
455
125
283
26
682
128
623
1
632
581
374
282
688
408
71
466
276
225
276
460
305
555
399
601
590
620
41
551
445
555
120
431
157
450
130
485
70
397
433
114
387
596
421
201
273
263
576
241
642
238
38
422
332
589
191
281
376
342
338
298
668
142
408
221
352
548
616
445
601
278
133
441
552
181
497
555
551
5
628
597
653
80
517
84
78
565
265
337
507
346
131
350
130
429
305
474
319
516
53
289
674
502
488
140
415
467
573
77
591
677
456
143
396
316
391
546
368
391
557
473
347
404
199
124
464
331
226
207
519
387
693
432
26
478
367
667
491
617
634
56
431
295
306
122
476
458
659
637
533
19
483
355
104
347
485
513
594
621
465
692
592
206
515
535
17
52
155
92
143
634
472
574
281
166
130
459
375
465
614
469
269
440
660
227
66
178
433
109
16
48
329
232
586
519
257
549
63
428
430
16
26
60
494
116
188
577
495
635
305
438
166
406
330
385
92
80
418
253
210
181
85
111
66
603
412
365
622
629
61
571
210
698
186
665
317
514
580
196
158
681
71
508
494
686
17
3
267
356
31
293
499
632
3
80
34
345
654
538
563
112
54
516
177
684
421
300
659
597
58
445
579
338
206
535
247
619
165
683
382
90
127
497
409
315
328
664
143
653
414
543
538
209
511
305
95
665
23
211
278
162
395
449
14
468
443
573
97
497
238
65
46
241
601
482
266
174
34
133
76
257
564
222
307
554
458
304
426
162
303
59
669
274
451
168
645
195
171
671
102
55
188
14
324
