513
394
466
292
109
343
392
806
78
816
146
717
421
534
42
707
620
564
208
105
369
509
769
374
697
664
547
268
361
69
671
264
466
400
84
783
377
115
166
152
187
268
698
815
739
765
2
426
656
233
96
297
453
233
738
282
467
79
312
721
692
725
342
499
709
782
752
530
537
588
57
238
617
52
664
263
612
145
26
583
123
661
648
262
157
726
308
484
416
685
677
407
432
814
639
318
459
18
356
139
271
793
630
545
368
310
171
566
352
396
151
489
22
99
495
660
52
493
662
705
50
315
352
128
508
471
468
120
143
298
723
814
811
629
711
508
103
589
182
160
8
736
319
111
231
577
813
74
447
295
148
322
551
493
429
74
628
743
729
632
181
623
567
146
559
555
270
20
568
190
55
805
33
556
721
706
46
115
404
30
365
87
45
253
313
164
6
697
778
463
164
266
690
107
397
371
789
82
533
592
164
173
764
502
70
231
81
673
254
684
100
761
202
38
196
788
538
197
374
675
104
9
324
288
316
369
581
1
526
485
414
150
233
642
454
607
527
621
699
215
222
608
462
541
592
506
485
342
242
659
439
107
173
226
386
40
35
77
482
717
168
638
422
16
331
223
341
635
631
333
81
92
676
298
615
693
86
523
199
633
804
279
491
207
718
648
287
621
589
354
606
652
607
205
751
744
514
525
645
763
101
258
750
232
247
430
10
309
370
135
309
655
210
709
428
310
711
542
528
117
669
783
145
90
61
264
708
766
488
412
485
299
316
752
542
462
342
757
210
467
617
328
672
76
298
50
441
355
638
202
539
125
317
448
195
320
60
222
221
621
765
562
368
54
637
658
796
778
187
260
37
275
525
258
409
578
712
800
814
665
553
676
332
186
429
564
157
67
750
274
788
252
645
437
397
512
106
282
669
444
178
624
397
79
61
788
165
377
132
187
581
360
419
178
634
492
422
638
670
251
735
96
654
677
626
120
141
490
241
716
453
506
469
429
213
295
691
293
638
256
58
371
293
337
810
517
415
721
73
342
527
600
287
792
275
558
59
555
95
338
272
655
288
751
439
412
657
284
704
446
297
487
21
528
170
580
399
99
570
400
733
744
442
562
684
537
675
689
177
21
238
308
225
452
290
467
592
303
567
4
239
786
65
392
268
573
47
76
297
119
389
732
527
816
510
25
447
708
141
77
375
495
135
560
109
473
600
440
797
740
214
256
683
725
333
182
379
736
215
258
10
810
207
165
495
351
198
803
506
245
777
611
509
193
568
504
721
729
386
812
653
358
743
664
113
269
615
385
204
240
9
758
97
712
785
375
240
498
735
134
817
521
247
530
778
145
577
394
236
224
92
290
565
51
590
581
501
517
40
611
573
378
244
447
788
471
701
113
333
285
406
490
627
192
382
13
29
368
442
231
520
802
237
492
542
434
760
714
163
761
492
291
654
563
185
482
281
738
151
599
534
543
182
422
559
10
768
144
480
556
7
137
22
341
409
300
422
449
183
320
698
100
246
428
726
414
640
583
774
222
78
93
551
596
619
257
100
114
712
145
235
394
321
286
582
676
332
252
802
361
576
557
651
419
667
818
669
310
630
448
337
165
600
650
325
490
571
54
632
743
387
111
22
125
519
276
717
299
663
430
321
354
581
318
426
598
328
691
116
511
687
295
16
437
136
32
434
789
474
242
468
15
519
193
58
475
2
803
67
95
731
446
428
758
52
311
584
632
759
263
573
426
624
697
300
624
793
499
230
819
81
135
430
82
658
812
774
234
751
335
666
13
399
206
569
149
572
627
564
194
363
264
381
758
675
176
55
788
639
576
734
325
787
323
790
121
350
224
501
769
721
634
136
413
645
471
182
324
797
680
803
345
322
690
672
307
486
197
758
399
81
497
360
106
133
2
261
110
356
663
51
448
817
320
279
99
303
153
534
683
546
382
653
584
779
741
186
147
326
238
251
616
4
97
133
354
131
256
233
528
680
61
523
441
816
92
642
641
782
400
516
117
394
816
33
415
364
208
721
353
305
454
614
272
255
631
598
641
612
170
