323
323
197
140
90
262
121
43
423
204
159
404
316
251
72
51
16
391
297
165
396
196
351
270
180
116
237
76
176
205
385
172
132
21
91
364
440
75
299
266
114
283
237
291
430
142
234
79
325
125
433
151
283
334
423
246
93
47
40
109
103
179
282
390
358
159
230
230
222
57
327
81
139
305
200
255
166
83
289
135
50
132
439
396
439
17
261
164
167
261
401
276
33
389
18
42
411
292
239
330
215
418
306
399
314
316
331
298
24
315
127
89
4
260
156
348
411
287
231
123
128
191
83
189
312
317
238
135
277
106
230
97
203
50
299
221
442
340
82
195
321
203
316
72
87
104
185
72
169
332
215
218
106
190
36
221
212
188
90
191
54
138
296
199
308
60
258
287
41
295
342
385
167
242
131
234
46
344
252
252
240
380
336
391
39
321
286
169
232
304
344
79
58
390
113
121
15
12
401
57
425
281
220
315
157
206
336
417
399
286
54
418
283
299
175
269
177
2
177
350
196
418
190
82
315
11
437
375
68
153
277
12
103
406
98
211
254
442
367
20
332
124
350
112
342
403
224
421
432
383
308
244
220
258
1
439
398
161
243
192
23
109
184
124
366
19
234
199
338
347
397
336
437
136
29
50
79
1
111
250
34
91
305
306
108
418
143
346
332
305
303
432
267
254
364
155
401
155
275
114
418
331
107
57
154
29
357
326
163
125
261
223
40
231
171
213
76
274
195
173
246
18
130
372
86
239
133
218
431
212
29
414
428
269
102
428
314
363
7
421
314
314
77
149
207
119
165
428
262
94
417
301
295
380
311
62
261
122
216
66
439
81
434
262
276
327
357
373
289
139
219
280
96
79
65
217
351
190
236
56
363
169
351
157
311
144
79
272
393
420
128
153
186
376
332
441
85
292
375
262
42
96
316
349
417
240
188
351
7
183
45
391
256
33
272
183
424
377
2
439
257
279
417
281
12
289
162
434
365
83
181
434
259
141
425
278
403
22
168
433
111
101
99
120
178
182
250
193
284
96
348
151
432
264
68
349
434
351
52
148
266
101
94
422
380
212
107
441
432
4
54
74
252
334
393
286
301
14
227
428
184
236
93
329
406
370
16
344
260
378
134
393
332
306
321
312
228
186
85
159
