816
332
349
791
177
290
204
462
283
308
497
455
624
106
807
719
672
837
125
472
158
696
167
675
418
414
812
353
423
651
482
449
519
777
228
633
829
424
253
63
467
343
806
193
469
762
486
869
337
536
508
589
824
164
47
351
59
283
873
475
590
801
634
20
696
128
693
167
309
340
412
75
837
351
255
16
787
709
297
386
734
431
495
235
536
347
849
800
807
306
783
867
350
779
721
97
522
868
332
486
719
779
137
54
755
162
142
363
574
485
367
882
667
588
225
545
772
829
437
797
841
206
41
485
299
557
78
4
568
50
817
396
110
338
261
706
410
680
702
897
433
595
454
506
159
178
812
529
254
515
197
369
836
718
406
667
808
91
535
60
425
708
60
850
698
554
318
765
22
378
158
479
162
47
299
778
857
546
755
788
751
853
268
104
427
47
695
608
499
904
495
779
790
206
325
454
652
78
530
872
65
480
515
574
47
559
70
347
868
746
376
385
521
462
760
232
544
100
729
26
560
195
365
158
219
662
3
518
656
583
876
694
261
583
101
621
354
210
410
326
78
524
500
426
2
734
743
533
380
264
547
239
338
634
894
239
863
300
58
716
101
242
519
372
488
738
28
172
509
618
406
675
573
551
683
635
815
896
226
137
213
224
856
94
624
251
746
341
667
765
359
834
31
72
158
342
614
526
860
243
628
520
529
658
118
608
809
313
209
891
554
647
755
224
20
831
459
591
265
645
16
867
433
514
163
573
906
499
601
284
862
250
411
738
541
830
216
387
166
648
779
272
555
342
346
807
4
25
67
541
94
261
442
401
316
455
776
375
676
710
244
517
262
642
858
475
498
331
390
909
59
485
890
81
893
94
737
447
438
80
391
801
99
391
120
404
633
8
187
345
92
277
810
527
431
59
403
411
227
778
516
451
180
812
467
275
155
833
483
577
626
312
883
802
73
336
687
367
57
726
870
169
777
255
814
617
667
581
645
468
700
568
231
253
501
84
737
576
230
207
704
741
59
666
337
162
35
794
386
293
667
480
410
269
778
463
434
387
497
92
834
672
77
855
410
173
823
898
233
304
373
86
30
3
548
316
684
869
823
600
234
584
412
668
634
422
776
644
540
401
331
318
412
648
650
238
875
711
236
362
444
72
74
229
723
326
56
494
341
687
721
365
55
356
240
572
604
445
895
19
813
192
26
317
437
738
682
876
617
573
180
359
352
256
306
237
763
495
346
184
583
45
127
854
330
723
235
123
466
302
276
82
608
463
213
681
672
320
274
834
695
335
567
261
412
886
578
672
784
733
791
739
65
221
313
908
45
460
159
490
667
186
716
511
752
126
50
150
636
176
35
32
201
312
154
154
776
136
142
885
834
481
30
67
472
411
713
847
20
586
756
549
842
98
520
855
292
45
110
247
331
863
633
606
26
702
728
852
815
450
99
329
730
666
479
543
500
891
217
900
798
470
680
796
886
586
324
110
428
432
833
433
68
296
665
662
181
253
351
353
485
466
61
773
435
480
438
47
37
231
568
878
140
481
273
387
498
95
427
138
410
698
570
645
63
523
893
881
691
302
614
392
436
787
265
615
60
88
741
198
585
54
847
529
657
814
157
904
594
717
95
846
459
701
823
901
728
150
303
896
109
671
238
395
335
705
5
128
471
892
865
222
320
669
670
248
412
76
280
184
521
600
107
810
411
187
216
771
233
347
134
505
608
550
96
352
585
324
135
409
113
826
296
752
568
218
380
751
291
166
505
204
201
729
52
383
572
294
252
780
26
766
628
257
663
762
184
767
30
172
376
873
413
729
7
804
710
533
619
32
13
374
696
376
245
45
143
235
892
140
618
534
901
211
30
288
668
138
371
107
182
902
211
528
545
766
359
665
646
815
123
186
490
39
776
608
63
783
173
548
152
894
255
602
368
382
713
146
326
30
741
475
902
481
170
48
375
730
479
76
698
491
554
550
612
4
272
501
163
395
212
694
99
123
382
743
750
121
662
778
489
142
146
363
344
572
877
10
851
671
127
589
717
510
680
61
489
118
374
825
844
220
503
190
77
560
471
389
77
504
695
611
790
649
781
746
238
622
530
691
65
610
782
709
109
165
356
394
356
655
373
653
303
612
417
859
622
566
30
503
906
716
787
81
886
630
30
80
557
262
477
318
193
268
110
106
680
243
893
595
344
179
698
505
620
19
232
592
125
835
885
707
159
629
564
736
875
414
630
604
763
685
526
483
742
281
431
85
97
118
323
681
204
466
471
204
839
4
879
486
