569
115
7
275
460
507
421
363
307
352
343
308
224
266
388
286
383
97
553
151
184
317
161
357
47
291
344
511
59
443
463
566
68
579
577
508
203
366
208
452
513
252
21
5
565
287
337
499
286
390
509
542
510
164
34
322
369
420
84
31
332
405
4
256
73
589
248
52
360
10
104
448
362
55
288
257
27
515
79
83
525
360
105
100
44
338
373
297
186
326
551
95
222
277
418
402
99
599
454
606
482
507
555
307
270
40
470
106
475
341
189
424
472
487
370
601
50
406
151
50
92
183
78
118
488
15
375
544
215
244
393
555
606
195
378
553
420
243
173
321
8
449
14
484
48
359
37
496
296
457
489
555
613
269
447
609
42
317
388
365
567
155
485
47
420
259
566
576
142
109
360
569
521
490
398
540
434
337
316
292
250
76
172
383
247
239
400
472
258
212
401
471
464
494
242
562
401
164
557
244
395
117
91
575
323
54
24
488
196
478
77
514
246
515
328
122
577
171
58
251
187
145
610
2
47
461
223
162
198
396
614
528
81
325
322
234
570
544
533
264
386
511
24
64
300
424
521
407
587
44
450
35
498
293
155
127
72
239
6
243
127
454
368
318
595
294
562
575
256
381
490
178
246
361
27
103
246
293
474
152
515
129
539
183
247
299
616
548
559
119
326
355
110
509
557
443
587
385
181
98
89
115
170
382
302
127
79
39
242
607
460
360
552
304
4
19
62
278
313
11
195
356
535
534
242
591
310
3
101
474
49
119
62
278
346
28
377
43
26
155
258
148
591
409
473
421
311
342
36
278
340
109
125
89
95
604
490
452
118
320
69
325
338
290
334
65
489
223
146
259
201
127
389
305
571
331
546
268
466
34
91
214
143
231
567
553
610
363
352
426
151
517
432
307
195
250
22
92
364
78
586
104
571
425
521
436
528
471
467
319
547
379
598
396
502
94
345
146
241
100
51
220
379
551
541
258
129
137
501
459
277
572
382
586
95
546
449
106
537
615
113
115
298
133
151
481
31
615
51
218
586
483
27
198
172
282
262
403
443
129
415
406
120
116
422
197
229
467
63
614
110
224
135
578
118
159
90
524
185
84
172
489
98
375
468
215
564
130
283
43
554
426
118
186
603
109
117
354
157
185
12
98
161
252
303
476
133
128
379
443
400
334
601
48
166
473
162
576
116
182
540
561
598
230
349
62
538
106
398
386
616
615
290
159
98
446
311
50
470
174
151
337
570
56
403
146
45
386
387
68
535
218
81
314
213
2
512
35
24
583
359
136
227
252
594
553
180
443
362
123
76
532
236
459
460
306
514
324
97
544
421
328
3
204
355
105
237
466
26
349
480
386
166
600
231
88
45
97
351
341
105
141
391
436
560
237
537
529
40
188
392
311
105
601
24
26
368
32
264
549
608
129
489
379
120
513
613
223
364
517
170
448
446
377
167
190
155
72
404
107
391
281
273
438
500
34
117
353
540
431
611
279
145
251
362
473
540
198
83
367
484
607
326
79
11
88
342
252
305
391
614
352
350
99
518
385
125
356
370
482
608
72
298
472
328
344
586
411
135
370
342
280
605
353
3
466
197
475
335
419
