52
3117
9284
345
2795
9811
2829
8482
1740
1873
9500
346
3259
6823
10376
1327
4719
2340
1598
2060
4068
3951
9306
4857
4795
1289
2614
8168
4263
9706
1978
1559
5132
8705
1049
2391
3361
5787
7833
7608
4545
5902
8071
1583
8875
3496
2187
5392
6732
3684
5768
4986
4189
8338
4984
1182
8944
3077
10001
7745
5454
9635
1240
6374
3239
8666
4025
5218
3467
4190
5049
2832
7662
6329
4330
7283
4515
7466
3456
5469
4904
74
8247
2147
2091
1715
9004
234
8848
8465
1597
10107
7143
4136
6658
8246
6892
6625
2322
5839
7592
7462
9084
2192
4460
8760
9485
9734
3790
5427
1117
2037
4930
1843
5984
3490
9237
1927
6908
5269
3057
5855
96
10091
9414
4706
297
1685
8991
2256
7878
6107
6558
5855
9435
4560
6578
7172
7463
3504
6622
3458
3960
5336
4503
5590
5328
3704
1457
8200
2122
3865
4507
6389
10018
1505
3262
9568
5841
1254
6729
5126
5687
4717
9638
7191
7014
1055
5452
295
3754
4854
3700
4134
3894
9917
1608
4476
3823
2186
1036
2936
10074
3371
1592
1003
3181
9536
4825
10073
3892
2630
9780
6226
8230
5008
4555
1965
3738
9763
5132
3486
3322
5365
7448
5652
5596
3022
4263
6011
10328
5601
4419
3011
8192
1
3667
9400
3034
9785
648
4708
5275
3755
2932
4487
2735
7708
31
5630
406
719
10390
946
3949
644
3024
749
6204
7002
6664
9492
8688
4731
4768
5151
732
3530
1777
3411
6788
6273
725
3339
8175
8952
1142
4355
4206
6326
3643
806
2584
138
5841
6171
620
5475
845
2460
5836
4302
1349
8515
7063
5219
5609
2246
5262
9112
8792
984
2
6146
5156
6836
3679
1756
6945
2698
1347
1476
3074
4269
7986
5625
879
8595
5083
961
20
8914
7953
735
7823
347
1319
3237
2409
4650
9949
10206
15
9631
3308
6884
9385
3324
2080
9228
10191
9484
9082
1718
3420
4497
8226
5721
3194
5200
7002
1887
2298
3061
986
130
9369
5993
4004
2851
6637
8904
3231
468
8951
8075
8872
259
2659
6340
6277
911
7948
7858
3703
7441
6668
5559
8801
6068
8809
8543
5224
953
3390
2390
5247
10004
5856
7415
8715
8790
4917
1216
7222
5289
6516
5053
7670
6256
8384
7400
5973
7045
4758
6070
7785
1105
1293
2984
9202
589
2061
7920
1978
1679
10148
8105
1144
2491
8353
90
9943
7509
10003
2551
5621
9850
2163
7683
3523
6214
7280
6206
253
7284
2542
7080
4047
7151
6107
2960
823
3165
7575
3558
7770
4493
2849
1749
10253
211
1859
565
6509
8949
7298
7756
9591
4867
2798
8297
3239
2318
8429
4682
5817
9248
8693
3678
4951
559
4391
8659
2939
7958
4837
2757
1610
315
10198
1335
1062
697
1795
1245
4150
5126
4476
5408
92
4450
2180
4153
3254
965
2542
5563
6239
5250
2113
7604
73
10327
3750
7446
7958
7896
2188
513
8915
586
1094
6047
5426
9848
3423
1168
6168
5521
2406
4086
10000
4839
3576
4067
8543
2329
9062
845
598
9229
3573
8131
9585
6926
6417
1694
1728
1624
9730
3870
3277
6274
9641
3938
6462
4691
1710
3042
1205
6653
10093
5139
2905
7736
733
2248
1900
5271
6732
9834
2409
1524
1379
6430
10127
1415
2391
5423
6554
2423
8065
6438
4044
9734
7548
10153
6868
6968
2005
10141
2225
7020
5269
9856
10215
8
455
8847
2589
1186
9403
4517
2858
1644
4622
6243
6175
869
7663
9050
5847
3203
2778
3325
9652
10153
9202
9987
3940
8769
9123
8598
1686
1572
1670
3746
956
9509
878
5209
7043
1098
7357
4639
8008
34
5766
3319
3069
5804
1760
5836
3536
1051
9586
2194
4908
2234
2607
9282
1596
9635
9512
4653
3417
3768
8502
1480
3165
10197
2914
4035
6891
7700
127
8250
2990
8141
781
905
1312
10297
7544
891
10357
5157
5167
119
268
5105
4546
2175
1005
8937
2731
5621
7633
6726
3048
5320
560
9181
1811
3972
5239
8670
3052
3086
2085
3105
9945
5304
8613
3875
3103
2389
891
10242
10257
9369
4594
6873
1825
4202
4594
6059
9102
1249
9484
5612
5216
7366
6247
8942
2701
1660
1552
6734
4763
4543
10077
6697
1782
8807
8951
4021
3941
7878
7105
10190
10199
2355
810
2529
10248
3534
2818
9432
4107
984
9468
6295
5063
10287
4984
1512
3300
4000
2193
5846
9175
1393
6637
3607
4738
9347
1757
4107
1414
8681
3494
8442
2648
1310
4049
10086
1308
5927
8691
5686
4602
1517
7811
1366
5573
1911
4725
7481
4737
9654
6936
2372
4587
2281
7619
8221
5490
6896
7550
7616
6058
2975
768
957
402
7010
1136
1759
5732
4339
3585
6871
7499
7626
9423
9536
6634
3586
1746
4569
329
8188
3441
5999
2716
9932
2592
8684
4578
9514
9962
10320
3531
6333
305
10221
5892
7231
9166
7173
3161
8500
8116
9835
7782
3902
5312
8577
8340
4785
10218
3483
9206
9472
8706
5341
7015
2793
8269
3986
7654
9981
3891
8844
2876
10193
2208
2703
5015
5916
3996
84
3921
9702
9530
2934
3386
7693
6134
5803
1008
1194
49
9763
9323
9656
4626
4389
8430
5307
4997
3992
9853
9087
1303
1961
3561
5247
14
4961
2447
1697
4170
5013
1655
9311
293
4496
7044
752
1063
7331
3593
8999
5208
9160
8490
2714
7138
9586
4128
2158
1868
9147
9229
6973
1341
5380
7900
5999
1029
5874
8631
6171
6181
9047
764
2876
10234
4653
1736
6652
2889
2076
7259
7299
3773
8493
7838
6984
9748
6832
3328
6533
1601
9669
6290
4572
10030
3132
226
6485
1691
6236
9838
1884
9646
1820
9112
3660
8686
5568
9925
2944
7857
4853
4986
6965
7506
1029
2161
1579
2001
2534
6421
1133
6095
2071
9903
9965
6495
5751
3826
5791
5887
8638
235
721
9457
1349
4067
4427
4778
8659
3068
9791
675
8759
6327
9961
8284
7093
8738
5090
4675
3764
6139
8733
9477
8549
1782
6771
10201
6640
7521
9889
9864
5984
6756
6069
3336
1796
7343
6735
3826
2362
8862
7888
1045
5215
6305
2308
5738
3471
1443
551
5778
388
1792
8376
325
7934
10132
8559
590
753
9427
6079
8539
5256
1990
6528
1962
6460
2793
9070
7703
5433
7728
1202
10121
1468
2761
7339
3685
2091
8709
1193
10100
9697
7919
3831
7635
2095
1489
5441
889
6296
5812
3143
9871
9439
9856
8672
9060
8522
5764
6343
7169
735
940
2775
10344
5968
2185
8945
3499
9502
2623
7144
5282
6299
10045
5123
6594
2782
8835
2261
7647
811
4972
4028
5048
5301
3683
3905
7291
1748
9705
633
7482
6232
5567
1074
6026
4513
9099
3724
2200
6177
2243
3861
9104
7145
7171
830
7163
3167
2228
3957
1709
5788
5713
7679
1470
2745
9344
7482
8562
1295
2107
2989
6186
4809
4539
5401
7408
600
4339
7801
4515
2224
7945
7486
9568
521
1232
878
8217
7330
6779
5648
7734
6141
3297
5297
1819
10174
2899
6085
6802
9577
3458
4043
5628
4885
1690
6287
1654
252
3041
3791
10095
6247
5563
1315
2096
1594
418
1472
6076
8271
4937
2062
4567
9846
7024
4855
4967
9083
9443
5231
9978
1689
3713
9058
51
3186
2963
7499
2944
7663
2149
1578
2194
6313
6472
988
10334
9760
4896
2638
3910
2104
9204
1515
1583
2714
4292
10285
5303
729
8641
357
6154
6600
9134
7207
7459
2717
2964
6439
1312
7067
2908
5139
342
5707
1861
2146
8295
9168
5401
1839
6012
27
2786
3136
7028
212
7926
7773
4181
3332
6900
7826
4154
3931
3828
1405
7654
1788
5874
6694
6382
1952
3757
6822
6400
7554
6499
4928
10198
6745
4151
3251
3907
6290
7010
3549
4890
3803
1421
4485
6152
1356
3134
8947
3587
6636
8547
1088
620
8044
3862
4971
7590
3473
3302
9608
9507
2114
9811
5625
2688
10177
5927
4702
4425
5405
3793
8279
2938
8067
7677
6200
1568
3870
3708
2732
1477
185
6498
7907
6330
5518
9140
5369
9630
4859
2027
7792
9991
7879
4928
7511
10294
3012
3850
4508
5258
5545
1163
4058
1259
6333
8489
3673
7941
2849
1478
8156
2782
9806
6096
7065
9977
6314
2660
3039
6966
6591
5731
3215
2420
9584
6645
5261
9844
4394
4531
4298
9496
5601
1897
3786
5416
7357
2547
3158
4395
386
1423
1729
4312
6425
461
5568
1784
947
3236
2725
8199
6684
10064
2879
4745
8039
9257
6006
7298
9963
7923
4345
673
3383
1697
3890
7227
478
6367
5177
3801
248
4792
8566
6302
7086
3731
591
3123
2029
4554
2524
4946
1584
6646
6040
1095
1370
7479
85
1440
6431
5055
4317
1260
10034
4068
1825
4296
105
5918
761
7166
9964
6455
2259
17
3447
10101
6089
4798
200
1800
9983
4496
9668
838
9182
9119
4174
1663
5495
7824
6199
4645
3567
4782
8906
7079
57
5734
8775
5810
7824
1486
21
139
6253
9095
5501
9118
1678
531
8894
4430
8511
5926
8404
7308
5149
6838
512
3556
8498
8086
4722
5969
8152
9276
8452
5346
1770
6857
4170
7070
6503
5183
8740
6610
3481
3545
8126
7963
2565
7099
337
1076
1003
4936
3559
5605
8332
2370
7931
4032
432
6717
6590
629
5715
10385
5407
3984
3006
2579
5007
3953
8374
8800
762
3620
7033
5926
6936
1245
823
5513
9908
7446
8525
2132
6003
8215
5461
5618
455
4816
8367
5776
10125
5316
8653
2631
6281
1199
9695
8375
3896
6645
5771
1931
5244
8510
5763
7480
7357
4973
1339
5684
6147
3795
7455
8686
8768
8679
5864
1397
9857
3488
1312
7194
4787
9538
938
6155
842
7941
9338
6731
8305
3079
6391
10204
5011
3927
9451
5384
7023
727
42
2107
3476
1940
7940
3527
2285
5467
8777
7471
4956
9922
7977
6325
909
10113
9999
1517
7581
2673
8015
9315
9855
9992
73
3627
8787
9992
4347
9202
506
1442
2902
1777
9457
9295
9696
4440
7807
6866
6727
1129
3766
10275
7726
9199
9146
6199
1313
543
5080
7229
4279
496
6927
10134
14
7397
9149
7636
3843
1121
7657
7192
9926
3317
3842
8344
7481
44
3165
9739
3550
7742
568
6283
3010
7351
5538
3125
2286
6929
4697
6554
382
5805
6926
7249
5146
9659
10073
1498
5620
1343
10302
5885
6662
7263
4048
4397
4378
6321
224
8588
8916
4733
2258
6214
7972
9962
9520
7490
3239
936
989
835
9401
5416
3125
4611
3093
9123
886
9063
7603
2946
6491
8758
5421
7285
8877
2502
4584
9538
3518
6370
3504
7016
3535
852
6872
6874
8096
4231
1903
8074
9033
1389
4967
2816
8663
4116
8699
3085
7722
2860
2258
2184
6526
2323
8036
2481
6468
1732
5754
3609
3372
784
4963
4040
2592
3756
2894
6613
9014
3702
9753
7034
6357
553
4926
9811
6360
7328
2607
2981
1682
6882
328
9674
9504
3142
1426
9168
4923
3221
5234
9060
2673
4830
5251
8613
2291
5053
1465
3314
9369
7394
2582
6032
7473
9802
4125
10179
9202
4820
10075
457
1626
1676
8775
10111
6833
938
3721
555
1009
1457
4136
9725
4884
6528
7577
9213
5213
9190
7115
9300
4959
10303
7081
524
2090
3152
8331
7442
8996
7456
5384
2246
10150
5717
901
5742
6360
5979
8096
3157
2573
2087
1264
6543
4782
7196
8950
8990
6800
470
3607
7850
4446
979
2435
5539
6242
2336
3743
10165
2934
9776
163
6887
10186
495
7254
3734
6199
163
2073
5262
5299
829
5688
1017
6289
4143
9397
6857
8767
8418
6079
2292
7403
9334
8793
7752
9707
8455
105
3143
7737
6206
7624
10352
1495
10091
3254
1963
4397
9293
6195
4139
9558
2621
4900
3096
8195
269
163
6900
1333
8141
3908
5692
4035
5220
2004
4420
4612
5064
2405
5898
1455
5315
1445
2878
6627
4772
3650
9296
7345
9282
10358
7214
2379
2989
5527
9195
7446
5933
1964
802
5338
1573
552
582
6036
5002
2016
3193
1501
4202
3545
9648
2646
2025
558
8053
5041
4403
1952
853
3785
1647
573
6579
4815
6053
1191
7773
5535
8266
12
7608
2578
1006
197
1768
4095
3685
2279
669
1638
3011
2069
5988
6159
5304
4955
1797
2415
7439
7941
1183
4788
6609
6393
4152
10127
4096
10201
9124
2855
3225
7425
9018
10044
1062
2248
2698
5989
9811
9857
4697
1457
2629
9697
7202
3800
2930
3389
3234
7489
7540
9896
5511
8630
5758
591
1435
623
7355
9471
3359
7556
9216
5147
5941
6603
8681
1911
7433
832
1118
3106
3899
5078
5917
6765
1586
8807
5862
1728
622
9062
6733
2654
687
5055
7799
5882
5427
2246
6582
9119
6585
3679
6964
7488
4884
6199
5554
6120
7121
8296
8711
160
40
7065
761
2454
1821
1900
3848
1888
4126
5139
2484
1488
3901
2137
7221
4476
1542
5891
1925
3200
2030
10088
4153
8228
5326
2321
9169
4547
1034
8633
8749
3692
115
2536
302
2455
8583
4497
7296
134
8532
7981
726
5734
6017
8108
7868
6855
2835
6965
878
7461
6746
9580
1887
5104
2572
1717
3917
2645
6756
4546
3558
1564
4046
3335
1229
7073
110
4305
10041
3332
302
8460
7665
4886
8182
6390
2447
7445
4307
7920
8717
10269
4365
5765
2544
8152
6930
7500
3689
10067
4815
8636
518
7639
3956
4005
1155
8656
5975
843
662
8502
859
1487
7830
1062
8307
3193
1808
5964
5924
479
7102
3630
10120
8738
5555
5567
67
45
8416
2805
5319
7158
2417
8862
6428
2107
6520
597
1869
5036
1103
9833
4058
3311
5053
5250
4888
7022
2973
404
7329
2021
9600
7178
5729
8647
9120
1778
9965
8695
4999
7177
7683
7344
5319
2580
9564
9809
8989
5084
7922
1550
675
5812
10139
9443
7418
9262
4267
1242
10132
7657
1209
2440
5818
978
4909
4085
5272
6233
7473
8510
4806
2578
1788
5053
9511
3339
2707
371
6312
4792
8385
5863
3516
2180
167
5373
5314
1977
7639
9775
2815
3904
9364
5163
8136
6562
4788
5701
655
1916
5141
9663
8200
7918
6074
2383
7634
8582
8267
1129
10162
9177
8395
5016
6886
5568
3716
9491
8476
932
5035
802
2991
8539
9597
3395
7927
6179
325
8671
7213
5928
9422
1333
3027
4335
8494
2747
4240
8205
6680
5504
1729
10352
8305
9415
6661
8906
5055
5257
441
5883
9854
830
6437
4294
9201
2985
5090
6149
638
4487
7299
9582
10199
8630
3268
1450
5223
344
4658
7478
483
2596
821
1715
2835
1246
8416
617
5210
5254
784
2087
4964
5332
3672
2599
8229
7790
369
6032
3520
2252
6041
823
2289
3021
2652
2290
4958
5909
385
846
3052
7700
7826
3369
3701
7188
10143
1719
7746
6050
984
4430
8521
5940
3304
2844
5897
9869
7979
7647
9884
2880
170
5869
2404
2554
8474
9148
4158
5333
9401
5973
2332
10014
5339
8026
529
5222
2810
3904
3720
5689
4170
3969
5633
9132
2071
5999
4766
3432
8550
9535
9541
2486
1927
8478
2743
8990
9975
10158
7972
5197
5130
710
3704
7784
717
16
7213
7714
4503
1162
9120
1172
1195
5510
1625
8444
8105
8669
2587
8293
8758
4394
2712
9044
6013
1890
1426
4457
1945
8845
3737
1166
6005
2902
2874
6520
8777
10336
6233
8452
2197
6773
6672
11
6861
1869
377
10295
5019
8994
3807
5008
2550
6317
6036
5845
10114
125
833
8575
4453
739
5459
3029
8602
4175
1478
5022
1961
7978
3478
2973
2946
7016
9532
7312
2908
2559
4787
7375
7059
4943
6922
7080
10018
9161
3114
9241
6371
2495
9751
6411
511
8704
5133
3355
4151
5416
5091
3015
8462
5203
8558
7499
780
6536
3994
5324
7078
59
5819
6731
1991
7151
685
4052
4164
1627
7133
3346
9818
8869
3941
789
6831
6281
1722
2884
9556
348
4886
4964
293
9929
2826
9639
3497
2640
10071
4488
5469
6284
6640
3391
6411
3445
9575
9350
2389
6697
3592
5191
1101
9178
10184
540
6376
9399
1310
427
8487
2950
8847
6599
380
8832
2416
1630
9874
1150
4745
2434
9433
9149
6949
5982
358
3972
2941
1442
5051
9702
974
10162
9038
5483
6435
8587
4022
8155
1849
1007
1857
10120
6695
7727
9200
5626
1525
7385
3556
5401
6950
3014
5139
1253
9464
9214
5895
2574
4072
9427
374
7702
1846
2657
74
6276
2469
5439
1101
4491
2427
5943
6798
2101
1136
9858
6334
9592
5194
9253
9355
5182
7228
1529
8934
7553
4563
6021
2243
1920
9718
7391
6480
502
5898
8556
9280
6539
5877
1677
7354
6676
1881
7938
1726
7007
455
10246
8593
1563
9514
7667
3733
2687
969
8186
21
3729
2738
101
240
2026
602
9125
5861
5967
7724
6124
4870
3534
4403
8344
4327
4558
783
4075
3889
9937
3432
962
7634
8342
10248
7819
9609
1130
947
7322
261
5949
9904
8010
6424
2431
4596
9245
1627
6566
6107
6189
4004
10351
7523
3618
3028
9456
1043
6982
8974
9829
4242
7503
8074
8292
6445
7244
4630
9300
10014
9224
10033
3816
572
3024
8489
9023
4174
6226
515
7037
7459
6492
1433
2775
1768
10362
8142
6568
6242
5200
6047
7736
8674
3
1536
5344
9508
3639
7385
159
8970
3232
1994
361
3617
2679
356
2596
4541
104
8215
6815
583
5833
4144
4881
1826
3331
589
3931
4601
2788
7542
9439
8462
4373
8963
3723
2326
2485
3699
5104
212
8204
5537
5420
5385
3394
9490
7369
8686
5383
3092
3663
5959
955
8616
7295
7775
1792
5886
4109
8499
5542
4711
4644
967
2664
9178
5636
787
5174
391
8431
1089
1304
5277
2000
9530
8476
9946
10264
7170
9912
3416
10239
1260
3920
7982
482
3537
5373
3141
7213
6111
3110
7909
6487
8333
8290
1670
4415
3679
8827
830
3144
9731
1862
8124
4804
8361
6568
4223
7093
9795
8192
596
9694
4029
5776
367
2034
5587
1516
6125
8523
7354
7789
7603
2705
2652
6144
6740
73
6196
6848
119
7910
4041
5042
4754
6592
7076
573
2184
4715
1793
4786
2288
1593
2342
3770
6428
4967
2010
1111
461
10281
6588
9223
7709
3313
9242
3994
10301
2259
2866
10143
9426
7691
7168
7280
5187
4825
2049
8332
4017
3585
4598
3885
3239
7202
8977
6707
4125
857
655
2097
5017
2316
6714
3948
9293
6155
3875
3688
7555
1031
5062
2696
9643
10060
7135
5244
564
423
2178
7133
6878
1724
3894
3442
8160
3738
6418
9850
2427
684
9460
6936
624
588
6444
10151
3018
4639
1391
5741
2913
9217
921
5914
475
1450
4123
2289
1609
6297
4918
2173
5226
1417
3617
4942
8190
2877
9503
5294
5763
4257
2421
5922
9844
400
7544
8512
6056
317
5280
4004
5880
2326
8830
2660
5557
7215
4184
4993
2725
4880
4307
1618
8002
6110
5558
2736
4218
6318
9436
6325
10214
8888
1641
5050
2869
9861
8932
8542
7514
32
1400
3790
5082
1033
6289
1654
3614
1321
5101
648
8416
6776
958
2307
8502
6277
7589
7242
2281
1954
1407
4141
8543
18
10371
1585
9581
213
5925
9745
7336
7664
10053
10328
6040
5722
6468
4937
10156
6636
1499
7760
5149
585
1657
2465
7738
586
5996
9904
10361
2545
3125
920
9487
2999
737
6231
2782
7800
1515
4573
5438
4534
6038
2830
6822
6014
5237
9275
1176
5564
7730
2604
6400
1958
3103
4292
8196
2711
5684
4107
3292
3540
6429
8000
7132
289
5862
9453
9567
9618
2302
836
5709
4975
4476
1303
813
5195
8412
4621
5990
4168
5753
3911
8054
5728
9450
9425
2402
3674
8090
10338
689
4896
7192
8359
3607
933
4516
7739
8318
4139
7805
1549
2528
8182
1568
2779
2433
5094
8857
1732
1854
3400
1620
2278
9842
3464
6990
9139
1375
4791
6604
9702
1349
10145
4692
5737
2767
2499
8420
1194
2954
2878
6507
6553
2649
236
4527
10299
199
4045
5884
1779
2195
7744
8606
4435
854
7819
4758
3265
8729
9622
1562
1466
10140
10194
3645
547
3286
8679
5864
4599
1859
1509
831
4796
3775
6568
1900
7049
8312
2077
4705
9733
5933
8156
1894
8610
8764
419
7428
4612
1760
3713
7000
477
7602
9171
4142
2616
199
366
8907
5989
255
1619
2209
7739
10008
9709
9091
10115
5660
8487
897
4269
3035
6195
1247
7766
4249
5161
9274
8260
6739
10165
10127
4844
1134
9721
9893
5504
48
56
793
8268
4282
1785
3692
10339
3743
5543
1019
7107
8305
8647
3208
5756
9148
1606
9810
5911
7920
1338
572
2674
9550
420
7075
8958
9541
3855
3352
10017
9815
10310
7787
5149
3164
5402
1613
9660
557
3263
1127
4106
9812
10025
2554
1002
9
4507
2527
2866
910
7156
9375
2268
10358
3318
8569
10182
8331
8254
953
4626
854
2517
4040
146
6864
2454
2827
845
3472
986
3448
10151
5227
7364
888
2853
2678
6396
9195
625
8690
298
852
4249
10097
10331
7007
3369
4159
4153
4528
10243
288
2363
715
2892
313
9685
3579
7517
894
2410
2825
8586
6451
3210
8704
8707
9984
9535
1579
7944
6924
6162
5649
5213
3378
6109
1063
7056
9899
6000
6399
306
9519
8286
2248
4265
10230
857
5406
270
1278
6974
3476
6531
9289
9970
6411
4499
5600
10375
8132
9133
2352
2958
9352
5246
9584
8796
4881
4214
5119
7096
5361
9508
5916
2839
8970
2195
8692
8048
4430
6107
1957
301
9839
6234
7612
1346
4927
415
391
931
7570
5428
4256
9776
5757
4939
7836
395
9305
8015
1266
3753
4343
3221
1502
2741
3290
9200
2208
9941
3085
4995
2824
256
2607
8540
5159
914
3137
4995
4279
8326
3739
1396
2672
8888
5968
4107
4551
3902
2048
414
4054
7029
1042
1148
27
3230
9460
2038
5510
10204
9240
7527
5993
8199
4964
4735
5118
4140
6725
3191
10254
7585
1152
4884
9255
3530
2834
8284
479
9160
6377
7882
8699
5997
3105
676
5323
4792
362
6455
7895
9604
3573
3535
8928
8542
7131
191
8574
4885
5614
5640
10312
6116
7319
1776
984
721
7571
1798
8084
5678
1868
6209
4759
2651
10164
9080
7137
4294
5962
3437
2342
3845
4965
3366
5183
4532
2390
8731
9130
9024
2295
2774
1830
844
1039
248
4548
9893
5559
2261
5410
6751
7745
528
1324
5442
4865
2732
6447
5740
4168
8001
5821
2074
2148
7117
9290
9242
7346
8885
2783
7433
9059
6402
6746
9277
6277
4857
5442
8876
782
1814
5404
9063
4919
8257
5810
662
9419
2179
9499
7191
2667
5346
9053
3108
5362
902
8212
2886
8220
5590
2424
1857
7614
820
2181
4725
4152
10084
7257
3219
7903
3465
2616
4453
4898
6775
7608
2942
4113
10325
3820
1226
8065
5735
7069
3845
9713
592
8918
750
6833
8983
10269
9836
9748
1231
6803
5293
8998
5655
2373
6794
3376
9458
1650
8683
1753
5692
9119
3156
5832
8885
3026
6959
3260
9267
7557
9712
10224
9728
6794
9269
982
7384
8925
987
4166
7777
5565
4205
6028
7072
9737
3938
6465
5357
4363
272
2420
2122
9609
1317
1965
5898
3828
5753
4039
254
3001
2726
9329
10005
9727
2201
8140
10343
7656
7106
6045
4173
1176
6508
6178
2412
10003
5393
7477
4668
74
10144
6722
872
5888
2250
8575
1894
1786
6818
1563
10119
3100
5967
4792
7821
8537
187
3534
1230
2366
7590
1609
2200
648
5446
1471
8785
3484
1311
245
679
1400
5974
5786
2094
7750
6083
4621
2401
9519
4519
3011
7472
9584
7959
8709
2488
8410
8854
7075
8694
9789
9707
8839
6523
4260
10019
5248
5557
1205
3899
6965
3895
2487
5582
8651
3645
402
7009
3748
5384
8659
8886
4159
9614
4215
8061
1206
1335
3358
9351
8627
1948
713
4185
1874
10364
3983
3598
3192
1544
5267
2826
9549
8595
7367
3434
6201
10129
9459
6410
9498
3606
654
4202
2199
1314
7965
1087
4148
9902
6256
8470
4192
8757
5040
2637
10250
1620
873
5472
7978
5258
8071
6754
7762
2830
9215
1430
2562
9666
6554
6156
2648
9927
6424
8021
2919
2751
34
9541
6884
8898
4333
1419
9325
2273
1754
8213
6985
8491
251
2633
9136
1313
10281
6809
7406
4292
1126
4701
5324
1490
3651
1285
6187
3454
893
9082
7631
6536
2531
7584
1041
470
6984
8914
8064
9639
6321
6807
7560
2067
9835
2112
8570
7745
4302
6336
7116
7465
3028
8652
7685
6444
4497
1873
6407
1739
1406
168
5038
5181
6299
2848
3567
7983
5770
5671
1641
3786
2171
7035
5707
5497
7089
5521
2914
6330
2665
2952
2090
3333
6305
4260
6058
1662
3445
9813
7442
1881
4344
6962
2321
5420
1610
804
1815
2781
9934
8828
8988
10280
7294
5497
6733
9917
3234
7013
1671
731
7010
7165
5774
2270
693
218
35
6913
3216
7040
4501
9004
6325
3211
5261
3241
7978
7406
652
10256
3724
8159
1572
6
8299
2560
5867
6900
9632
5582
24
6241
1557
477
1121
2207
2525
8656
6697
3074
8475
9364
2766
10047
8752
4126
5464
140
8506
4759
576
10222
2990
4309
1613
5344
1048
6308
5641
1587
2887
892
6794
2443
3425
4142
1817
7353
4416
682
8023
7795
1653
3219
9965
9253
4906
10346
5167
7594
318
6770
9722
2560
7890
1647
4082
6254
1313
2753
1036
4090
2022
3676
151
8386
5392
3080
2723
5965
2449
9890
2491
287
6978
468
956
10009
9753
8521
8459
3084
473
6155
4220
3167
4800
6253
8801
2352
3890
8733
4474
1609
10383
2966
7594
651
5589
4193
4749
8645
7497
9719
7234
4395
8116
9855
5456
6927
3479
2894
6177
3256
9672
4883
1008
9794
5610
6079
2427
954
9885
9802
4143
2391
8260
4813
5521
9145
1597
3656
5326
8217
6244
1766
6488
2964
6929
5305
7080
6398
567
4422
1113
3290
389
7529
755
2062
7961
1662
6947
7917
557
3490
9909
2829
9300
2085
5722
487
10370
2257
5604
9428
3821
3802
1647
3701
5684
4600
162
1410
6756
269
3824
7927
10019
1810
225
1635
5357
10364
4212
8475
7490
114
9173
5607
5802
6407
788
6912
1672
5998
8651
3144
7072
8932
4482
7154
5240
17
7557
3326
6091
8426
5433
1272
6132
2669
10189
3999
560
5917
4218
4308
285
613
233
6811
2076
1362
9740
7356
7878
8063
10148
6857
6409
4452
7213
9319
2302
7809
6697
7731
440
1256
1004
7084
1886
5508
8895
2945
3667
5236
2914
2680
7240
710
6219
4180
1381
3272
3078
5106
4003
7167
9266
1858
3373
6917
3473
483
2356
8152
2868
7145
2433
3088
153
8865
10124
2189
4990
2675
3949
4090
2928
3402
2849
7481
7888
2223
5299
602
10214
1088
5271
3671
607
4517
3415
5471
1898
297
1568
10088
8148
3401
2904
3868
8220
3903
4767
6308
7105
6031
5759
2789
2224
8552
88
4278
655
8469
779
8611
4628
7410
6396
2671
8109
880
8140
8587
4993
1911
4747
1239
4421
1142
5222
8376
2397
3593
6551
6878
508
8503
6122
8230
1942
1601
5103
8822
3277
3500
10371
7669
7213
213
9660
913
7166
2467
7413
6642
10302
2473
2398
8068
2855
350
7850
10049
7317
7143
1841
2752
5934
6534
4331
8716
2951
7173
601
977
7752
3166
2408
6462
275
7342
3073
6739
1875
10207
2779
728
9363
7341
65
2913
7247
6323
2306
8470
9287
5566
3028
5144
5891
5540
3994
251
1010
2871
856
4152
4108
6555
3484
23
2160
3149
3776
1275
1435
1872
3051
2170
3482
9796
2392
7317
6809
1575
9653
7718
10245
161
7892
1365
5173
1696
5111
5379
8071
3016
2100
3469
1346
3429
2502
5997
2012
3998
3756
2726
7870
9239
10212
997
6367
7672
8007
5991
8667
721
3728
10178
6796
7227
8935
2579
8499
9084
10069
9824
2586
9986
9897
9404
3362
9907
8926
1126
1670
5042
3944
794
2412
6912
8257
4374
2250
1724
1554
7497
1498
862
5615
4703
10068
6503
9766
1530
1215
4443
4600
5013
6497
8783
551
4555
8341
6610
5999
10118
3103
1493
3748
7214
2383
2620
2280
10326
5558
6830
7466
5888
6226
2009
5723
6680
2915
3688
28
6590
2628
6882
5782
9165
5667
10345
8976
266
7673
10130
241
6272
3108
8433
1111
3831
3371
9346
2233
8532
7848
559
10146
2860
8408
8287
3338
7239
7522
1386
5895
5113
6805
4929
10090
7877
1866
9131
3381
101
4451
6690
3527
9493
1177
3163
9054
5617
7715
8747
5524
637
5748
8337
3786
7839
8209
2070
9784
4720
8781
8621
7065
1692
9441
10105
4383
398
2923
7678
2624
2815
5325
9733
3961
590
1082
5488
8566
10214
1729
3438
8156
1728
21
5699
3948
6381
2017
1640
14
6335
2325
4998
780
2458
1092
2332
8592
1085
4235
3344
3422
8317
2313
4701
7286
8291
6306
6876
6720
5345
9788
1259
8677
4034
3068
3152
5150
4653
159
8447
3566
3368
7233
389
1470
6441
4646
8083
4141
10135
2477
2406
9708
5484
9825
4443
6333
6277
711
4117
6810
257
7855
1900
5689
6179
4505
10110
8803
19
8137
4056
9229
9368
7089
6562
3541
6320
7514
6342
6422
9190
947
563
4786
5192
548
1407
6883
4313
6201
4555
8462
6111
619
6332
67
7046
9462
5439
8028
8239
4046
1146
6426
2918
6501
7696
10307
9953
147
7142
8887
10364
5932
5940
1999
5303
8000
7498
8537
8880
4221
3230
6106
4994
5903
9208
6599
8925
9586
6173
5753
10290
9593
2585
7366
8929
6711
5501
3978
5503
10
1626
2695
719
3918
4537
2432
7696
2512
3928
6423
9041
9759
6277
9865
8429
7464
8
4676
2857
6943
5785
3702
87
8600
7266
1309
8560
262
4497
2058
5236
2917
174
7086
9178
980
966
116
5183
7286
3072
470
2511
5573
3726
8366
7762
68
4952
9527
2341
9172
6415
3421
115
6048
4792
7965
6626
9603
6170
9351
8291
4108
4156
1610
4560
2726
10121
7589
4370
133
10037
8959
7691
2929
3294
6778
5747
7225
400
7725
1387
70
9946
5730
9666
7252
5175
409
6967
9771
4822
1237
4291
7720
9835
9034
7461
5619
6929
1666
9315
4676
5297
10183
4255
9212
6108
2626
3182
6562
7472
2305
4405
7577
1047
3704
6033
4326
3857
9096
1699
2855
2552
1291
4989
6807
347
5118
2355
5015
4928
4521
1223
4326
7153
6484
1109
2583
7041
7347
1120
1699
5395
1226
6345
2044
589
4169
1360
10338
4195
7022
6950
9557
5407
9619
3485
236
6935
4431
9400
6890
7926
1571
7618
8473
3759
3209
2236
6337
2277
9833
6243
8952
8116
9160
4729
10380
4884
4767
7254
3049
1364
9480
10233
989
974
7573
7020
4839
5440
1164
7868
4826
9995
414
2143
9565
4661
6096
4294
2991
8530
9003
9416
2701
6039
1677
2774
1934
1619
4550
537
9657
9385
8254
8746
6909
5001
3438
3022
7832
9722
8976
8059
5603
3627
4183
9823
744
4156
4016
4786
3646
9074
7973
3591
1260
361
345
10218
9616
2387
8598
1268
2935
1248
6506
2637
9317
7229
8360
6351
5908
853
7920
4988
482
10162
2062
4440
553
9554
6701
9230
2537
8981
3426
954
2007
6331
9534
6439
7904
3977
5846
6762
8538
6144
7809
6850
4999
10352
9449
8753
4257
6255
3667
6168
7442
4387
5968
6377
615
10346
1929
9862
479
2471
7277
8024
2733
1561
5087
8475
2465
10028
6880
7367
9556
9422
1038
8937
9777
7204
2874
8622
389
5197
3448
3099
6407
4409
1571
5137
367
6272
8688
3669
8209
5328
6400
7019
1118
2452
5692
9570
4664
798
6888
3694
6062
3616
3349
3314
1842
7416
1689
4534
8189
1142
9682
6055
4080
5620
6604
2994
7574
9057
3538
1332
9807
7931
10104
7514
2709
1232
5864
7853
6039
6326
4520
188
8639
66
5058
5924
9316
3707
1804
1382
4637
4585
10337
5609
823
9350
8170
9928
940
7890
8375
5818
3999
4696
5811
3097
3232
3483
6032
5166
1334
7919
5379
6856
6382
10130
3394
2411
4928
7371
1435
500
1860
7444
2269
6013
4174
3338
4090
1051
6202
1771
5723
1060
1445
4104
2667
7392
4501
1125
4075
1842
4212
1373
4494
9173
1422
5436
8998
7948
2748
4861
4262
2235
687
6294
5460
2142
5119
7913
8045
5071
414
8875
3849
1782
1028
6689
9873
4313
5096
656
9033
8241
4102
5487
6099
7694
5051
9777
7575
8740
4930
6421
1730
406
9038
3878
9130
10049
8270
6520
437
7096
7055
8014
7295
3543
515
528
7394
305
10158
7373
9778
3805
5008
1071
2949
1847
9148
7793
3145
3477
70
3897
8340
2238
804
10376
7593
3756
1866
8442
2989
9768
2179
10356
8037
1611
3428
4814
1116
4794
8100
5130
943
5939
162
6571
6130
8924
4477
5627
1123
5179
2979
6845
3423
3210
10332
10055
7756
3886
331
6363
1275
89
7057
9206
10110
2523
4473
3294
7062
6124
2546
6701
4799
3877
5266
4563
2491
3240
7964
835
7419
1664
5376
8872
8905
782
311
8423
7964
3388
28
9822
4897
1619
1532
2466
4515
2628
2557
1520
6802
1324
2991
8055
5681
10189
9719
6178
3583
80
5820
6088
4795
7691
4839
6903
161
5826
2625
3947
9690
3248
1030
9196
8845
6719
421
5896
3132
32
6571
3862
6004
4863
2286
8997
203
8044
4910
9501
9915
4640
3001
1240
6192
8639
7123
9924
8385
1032
2921
561
1601
3957
4016
1519
4628
3040
568
4305
3194
4683
908
4693
8398
2793
1280
9350
7353
3559
997
6141
6985
8324
8718
6254
2456
505
3391
6141
5478
9579
3867
2781
7648
6475
737
6214
7703
7496
4109
7322
4034
3778
2055
2400
1001
6467
5160
3666
7699
2652
5008
9823
9742
4306
3030
584
1311
5156
2315
2237
5051
6359
3627
3565
3907
9514
3948
873
6846
2890
5202
3448
5313
3401
1222
8013
8554
3231
9783
1787
833
7139
9576
4710
10355
9517
7945
3660
9475
10147
3340
8961
655
2784
5388
4191
294
7670
5077
7289
1329
9432
5025
4521
2360
9183
2483
6716
3035
7955
1522
6039
3879
374
4097
6306
2901
6219
5077
7504
245
5820
798
2404
1521
8993
5016
7245
9937
2481
6004
1190
3473
4463
9242
783
1090
1503
6017
3666
5016
4953
3966
447
6053
5107
7694
9794
2213
350
9988
8801
7808
4308
7042
2846
4010
1061
6250
3992
9721
7814
7809
2262
6435
3551
894
1501
10174
7978
8534
2528
7485
9878
1005
7707
5814
2706
5572
4066
4278
8377
2264
2855
6335
6657
7350
5964
1445
9420
772
6655
5481
9613
6380
5605
4121
9934
5024
6978
3761
9444
1384
7513
1150
3011
2495
1506
3232
7004
2604
7082
6443
8442
9067
2033
2736
654
3502
180
10172
6353
191
3487
6234
7912
8676
7799
7765
9143
8750
8100
9675
7986
5150
9845
469
1248
603
7875
8760
2750
3223
6623
10338
1120
3512
1098
9151
1241
1536
9628
3681
9350
5193
10319
1804
4723
8956
7064
7914
5104
6976
8119
10253
878
5554
367
9519
4455
8480
1188
49
5163
1931
8526
7597
4653
1464
9299
4948
784
2680
4938
651
7236
4580
4991
10248
595
3898
5676
7924
9821
8319
3383
2127
6144
4632
7231
7600
9670
2114
10136
8377
1118
3958
7847
4251
5434
6048
8815
7045
4683
4410
3804
10089
7775
2081
4730
1630
1253
1463
8681
2076
9485
2644
7070
3664
8909
8101
8810
7217
7182
766
3411
3517
7168
2825
8734
8540
8808
3009
6088
1559
746
8582
484
78
9512
7914
1957
3012
10209
1602
5514
9241
2182
9438
8049
5493
7844
10177
3909
3686
5588
1529
2016
9947
6803
823
4502
9442
4006
720
3511
8362
4544
5186
2968
5899
7967
6386
4568
10135
7620
6716
6614
9434
6464
8010
7743
3457
8342
852
829
1233
920
1999
9583
3652
1100
2131
9647
4526
559
7706
2161
10310
6282
7196
5996
5757
3204
2398
2804
5032
1657
8924
1199
2725
6801
190
9642
414
5425
6437
7897
1520
1413
1525
2238
5400
7403
325
5623
7907
8971
7991
9702
3457
3357
3493
306
6061
318
1995
455
2649
4192
7251
3797
2212
930
3889
7495
7663
6229
5224
159
7651
8051
5939
9764
2328
6527
2719
8571
1606
2968
2239
5700
1522
2689
8272
7613
5261
4018
5350
6028
1682
5394
2727
6461
2059
4209
8000
4764
1418
1491
7567
10358
5252
345
103
1779
6772
5378
1961
4967
342
612
7498
6676
438
6188
6311
5514
7674
6799
295
5894
267
3447
3627
3745
6387
4605
1613
8936
8332
5040
9810
8830
8130
4902
5287
7508
6625
1714
4681
2236
9941
830
8704
9916
9644
8991
5064
8175
2608
9700
6204
5413
3350
271
4701
4554
2517
7814
7869
6704
5106
10340
4772
6156
2297
6416
7757
1148
8648
7495
5061
3201
3712
3998
2320
2277
1835
9123
146
7861
2472
2071
9417
6001
4915
9327
3263
5785
6829
1989
9253
3999
496
1336
3614
3335
7944
8645
9112
8643
9883
8739
1742
6457
2901
10281
3230
2771
8793
6835
9078
1728
8401
9579
3899
10063
2340
5700
9060
3680
6482
9007
9663
3726
5165
379
6284
6625
9904
6858
7996
94
2045
9263
7114
117
9100
7682
5838
1330
9384
9782
3856
2098
4426
7930
5376
10181
5254
1745
8701
5491
8034
5146
10361
3501
8800
2712
3815
6238
9633
5974
2354
4862
5093
6991
7590
8574
9896
3273
4538
5753
7740
2422
7088
2319
754
7340
5661
9140
7411
4743
5894
5341
7359
5154
3155
1538
1205
5347
5457
8765
3566
8060
7136
8747
6197
3819
1180
8625
5063
10101
5039
7597
8158
8731
7387
5280
9607
2004
3898
7461
7650
8202
4748
3085
8915
8435
3659
4779
3882
9763
7666
2368
4010
6422
7784
9800
245
636
9292
5686
7021
457
6531
7635
3483
5390
5678
10099
5534
4617
541
1702
1088
8035
319
9451
6132
1916
2550
4883
3925
587
353
7597
10123
4371
5527
2156
8282
6635
9602
6907
8120
9859
3457
8401
2937
2885
1983
5336
3367
7278
3438
2461
8159
8952
7156
8099
3396
5036
8293
6170
4629
8944
6407
2062
7078
4032
4707
5397
5048
5198
5031
5774
7151
8985
4720
9253
8283
828
8725
7359
5281
7185
6418
5440
3003
2452
2560
7532
6200
6925
1952
4578
7671
4197
2823
693
1474
7714
3714
4427
9679
4684
8501
6741
3469
812
6654
3781
1459
7707
5775
4082
6919
3232
2816
1148
795
9857
576
8963
9529
2833
543
558
3446
4156
8353
6315
1672
10123
9299
6813
8050
2802
6939
71
8122
2166
6686
5589
3582
9854
6830
110
7820
3311
6504
8979
3491
6249
1748
2409
5667
2236
396
4097
3056
2949
4471
2409
3641
3844
8337
6180
1582
2582
4350
3247
8586
7412
6849
4955
2946
10347
2823
2854
3569
5505
1885
8689
2257
5027
9221
2744
1784
5433
5053
8334
4289
9921
133
5102
1257
5223
9547
3503
8000
9829
9910
679
2083
8005
5690
2293
2875
22
4498
3383
9437
9254
7642
6167
9104
6644
6371
5103
7118
3330
1762
592
6190
10306
6963
9708
4086
5151
9193
3793
4218
8343
652
4178
4976
10162
4882
6075
7362
5487
3330
8982
3501
7700
8254
895
6364
4237
2426
3643
2133
2616
1709
5808
276
6892
7736
6063
5006
2263
5962
6880
10116
8662
6890
3523
8424
1323
1046
5926
3919
9375
2651
1003
5794
6245
3264
9216
1261
2733
10165
2798
7978
5847
984
9233
881
6216
2315
1715
6680
8456
2937
8580
5086
1021
5278
5879
5980
8027
1388
8634
2322
1272
7592
6204
4936
8154
1872
7639
153
1960
5484
9968
9099
5224
106
8056
9990
9334
4872
8976
2155
3442
9543
8773
8687
5154
5319
10143
4741
649
3915
6526
8240
7076
4964
3459
3786
8327
10177
4933
1486
6550
7093
4940
4400
9534
4581
6597
8781
8646
1781
10264
5129
2276
8987
7861
3863
9409
1475
4240
6779
8660
10118
2992
6759
2313
651
8310
176
2165
7643
1437
4208
8849
634
8181
6231
4299
6099
6250
9668
2596
4597
7989
3035
9764
2116
1627
7110
5961
7892
4572
7925
2204
2667
7253
6109
3014
7727
8678
5749
2946
5866
301
9838
9119
168
1851
6775
7982
8100
191
6072
3647
4716
284
1382
612
4864
1498
9393
7151
5246
5585
9890
7809
2941
5055
4539
933
6680
7617
9353
1385
391
626
5943
6126
7742
2521
4943
5972
6292
179
7477
5429
2818
874
3308
2615
921
7351
8555
7811
4918
4753
9497
8306
8468
8731
5280
1270
81
5845
2059
9228
3635
9902
8779
8808
2286
5588
15
9292
5367
5912
9382
333
9667
10345
4285
806
4462
10083
10059
6677
1715
4154
10219
545
3169
6559
8621
7906
84
8592
8116
3810
4339
7700
273
3204
830
9535
1179
9345
8998
993
1008
6182
6146
8614
5859
3774
3321
1192
9531
4191
3082
8490
4056
143
5972
3769
1553
1641
9856
4584
3357
6192
2191
1416
9428
422
4854
1735
1190
6810
4635
6662
1573
1966
395
7222
6353
3052
1374
10059
9839
7957
1886
4591
4085
786
92
3568
3666
7892
2194
3945
6438
3916
1726
3218
9879
552
7645
6636
2626
4179
2139
5493
3072
390
3204
8022
4337
6322
9930
2542
6760
2898
3160
6083
9264
3590
7399
9970
2233
6321
786
7706
6458
7862
6211
8178
2405
5478
4728
9419
2916
644
3324
10079
4321
4940
3525
5656
276
24
1516
805
5377
9511
6462
7138
195
9555
5316
2047
1036
1915
4272
1940
4571
5916
7915
4610
5266
5007
4861
1189
5311
6890
5087
1921
4447
4737
1366
5485
2716
6680
8252
8598
5011
3950
942
5618
1575
876
459
6269
5681
595
3590
3510
10244
8201
2920
8149
7309
8859
8143
9890
6728
453
9748
1672
5615
7281
8617
907
6420
956
2692
1470
6570
3279
5286
5417
8968
2224
4468
2170
5555
7675
8955
4557
8778
10274
8803
9303
6733
4453
7502
163
5630
5689
8391
61
9459
9468
9544
9940
1385
8252
6940
920
1997
7658
5141
7736
9963
5288
1819
766
3979
8163
9755
6093
4996
733
6946
2270
5386
9114
5295
5616
5573
9567
5955
83
8756
4400
4722
1448
6139
1550
5478
10344
959
10340
308
5093
7111
3081
2672
4904
8775
8794
3869
9599
7780
4538
141
3913
1511
10194
3293
1246
10269
4394
10049
7620
566
4952
2483
7273
8423
2655
3357
2249
1259
549
8326
2409
753
3216
6555
8767
8131
9340
382
9914
1084
6101
2726
1204
7239
1333
10006
7843
4274
4259
5454
6844
5786
10268
4336
4456
6715
3986
8320
7812
4268
5361
2258
3308
6818
3962
3104
111
3904
2750
1473
10323
1409
8352
1701
1016
5901
12
2878
8558
71
10030
2772
9058
8850
5207
8131
3464
9926
10060
8324
3388
4016
775
9894
5028
6777
1313
5334
8100
8650
5640
5891
7722
7956
2765
10312
3385
8184
2229
8444
2765
6192
1145
5995
6874
6028
5731
6921
5199
2924
1579
8843
323
2866
3214
5060
4368
1455
5264
10297
4814
7983
5018
1905
5248
5987
9297
5794
1529
2332
4606
9294
7312
3629
5414
10265
2226
4064
1111
4358
6519
9447
1643
5692
6509
3205
8959
9108
2082
5388
1015
8509
5310
8571
397
3737
7971
3518
1538
9469
1230
9088
4191
3621
6664
3329
5289
6428
8393
4675
4217
5170
7286
8558
214
8656
4614
7245
8840
2144
8392
9655
8879
1185
228
1944
6013
6297
684
9854
745
8883
2514
4114
7844
9007
2064
9035
3006
6419
9269
10384
1208
1356
8087
7388
5969
2186
7473
5056
10254
9618
5974
9450
3502
9757
3600
6582
6303
7177
2405
8529
2068
3933
3932
2851
9005
596
1486
1966
773
6823
6216
2165
9508
9213
2503
6237
1468
5828
6956
531
8412
95
6513
9041
8531
571
10051
3962
9448
8937
598
7352
3976
4972
2037
7344
2131
1017
9502
2005
1550
8286
4507
8018
5198
866
2803
4337
10007
6384
1391
684
5437
7526
5504
6116
5062
8166
1921
8052
7936
5629
6982
8780
8563
8545
6309
5320
1666
3504
2344
6815
7242
1220
3093
2539
8108
9725
6528
9049
1291
690
667
3744
1162
8093
9495
4554
4964
1356
1652
2137
9571
3069
8180
3378
2794
6822
9602
712
4429
9870
10300
658
1848
1309
7030
1368
968
10136
1552
8482
6375
5512
5131
3191
10124
8369
3688
4887
10134
965
4207
2557
10207
4368
1749
739
2173
1773
4067
3823
1677
4305
1764
1335
7858
1158
6896
5154
6904
134
1557
10213
8889
10056
8720
398
9001
3120
5999
7293
9808
8950
9005
2882
1806
10229
8634
6503
1567
402
6832
2733
1124
281
3651
5017
9488
8171
2734
2196
5567
10216
2334
2777
6996
1230
2634
5254
8511
10345
1402
8305
8910
2285
4923
82
4797
3997
9708
10182
8148
1665
2489
1125
8257
6005
2590
5240
9465
3087
3867
1105
1511
2110
118
9957
2599
2182
857
7142
622
7450
5246
4990
8207
9772
3793
266
1768
2871
5445
8073
9509
2143
5047
5531
7101
2842
4610
8221
3531
8611
10069
3065
8734
4333
2449
9435
5669
848
5136
7699
6126
5093
8854
1549
8633
2779
3395
7228
4161
3518
1898
2917
6308
5423
77
9891
3371
930
4433
1424
7449
8934
7538
9522
4714
9559
5909
10049
6266
6565
6022
4154
689
10065
3755
1613
159
411
230
4106
4521
10021
7353
9110
8901
5296
8209
9854
4273
9075
5347
3594
8642
7919
9675
9473
9876
2124
8301
7222
6598
6057
4930
3836
4910
322
4607
358
9726
8932
7384
2992
8420
5257
4429
9660
400
1624
8083
9336
822
7264
8542
3233
2090
4802
7767
1092
3661
1086
8413
1998
8062
6462
2436
7919
7884
221
7125
1701
9980
3559
3291
9854
6656
1619
426
2595
3767
3891
6957
9261
1938
2938
8796
6589
9788
8795
6570
7519
5670
10102
912
9652
6686
4413
6957
8366
6111
7633
6579
503
63
369
7868
3483
1653
3326
9813
6282
3159
3956
1479
978
9593
282
561
6596
6487
6153
9379
3001
608
8756
4566
2601
8622
2630
7238
6766
6358
7938
6497
1544
7944
8247
6952
2258
5302
5896
9205
1889
2238
1418
1190
7834
1230
9966
4071
1811
5569
10046
2198
9859
1637
7473
9831
3927
8827
8779
4139
8883
605
960
8982
4060
6518
1311
8539
1683
10175
6298
2162
1948
4534
6373
8986
7846
10198
8057
8689
2859
4446
7847
8572
1565
6468
4050
7341
8722
5000
4733
9852
2291
7928
9188
600
637
6045
7416
627
7232
8669
534
7061
4592
281
187
6296
6607
6261
4522
5764
10239
7164
2661
5099
4890
1465
2321
1274
5269
1779
7679
8309
2667
9230
8646
3661
2471
7261
481
947
7309
6792
1193
5033
5620
9153
7106
2702
5728
2808
2171
5244
5673
5803
1641
6104
6648
1952
8620
8421
454
6237
1481
5352
7940
4928
6023
205
5657
7476
673
8208
7436
3441
2515
6250
8251
9774
3361
8079
946
1247
2715
7531
7183
3595
9537
403
2425
5474
571
168
4000
7163
7342
5501
8977
9966
8400
3268
8624
1452
6520
1105
2989
8967
5527
773
1336
7104
4809
10218
9368
5111
31
147
1122
9365
7695
8580
1535
7263
10238
590
5375
7317
3600
2683
6999
2673
646
5888
6679
8304
2983
4729
9198
6860
5956
1288
2912
6523
4874
3618
2113
6659
1021
5793
2639
2220
3469
6764
1822
9330
5880
2702
5707
13
309
220
3671
5476
9205
4165
1973
10185
993
3933
8777
7846
8843
10236
9102
6316
5544
126
2314
4495
4235
3858
7227
8852
6183
7747
10376
1006
3258
9568
9482
8042
10373
2710
3933
4404
6342
72
3850
3879
6563
1045
7936
561
8919
3015
5472
6348
3553
6005
2706
1722
10222
8299
9366
7310
1374
379
4606
9577
5903
4450
9656
385
6425
4988
8337
6926
3049
2626
5305
2104
8300
3108
8826
6478
9640
4618
9161
8086
3141
10272
4190
8146
10339
6478
5199
10103
8377
7216
6730
243
2107
8838
8558
1816
7134
9152
8406
9316
3362
3804
791
2590
2493
3833
2452
6244
7312
6187
7637
5200
8629
8364
7854
1819
5394
2812
3560
3888
9552
6889
96
7718
5220
4656
6275
3078
6156
7495
3734
5502
7002
6850
6385
7382
5918
2801
1324
3928
3413
6664
5977
3768
4688
5048
9253
589
7015
3378
946
2953
6039
8560
2096
2212
3129
2349
6135
2919
4566
2943
4561
7523
5998
9145
7111
6103
131
4541
4681
3620
2509
8459
3621
5706
1763
9422
4095
3984
9453
10370
4402
3311
10066
3085
8236
9470
2548
6865
8923
7100
3597
2204
9551
4995
6986
6172
1404
9090
189
7321
6618
3679
4437
2907
1152
3446
8038
2969
7705
5831
6083
5469
3810
1557
8746
3795
2924
10317
6841
2364
8502
1889
7912
1562
2050
9129
8321
9472
3617
9973
3142
2605
1668
6566
1804
4595
8037
7169
1706
9272
8510
8190
2764
8230
8819
7870
4145
5911
5122
8563
116
4694
7538
7275
5986
6192
6153
9788
4086
2261
10230
7625
4333
2753
8382
9512
2598
2915
4510
7674
504
751
9412
1305
3597
4720
9666
14
9463
7222
166
3558
1537
9055
7521
3707
8731
6588
5197
5540
7650
6604
385
7754
2445
7873
2835
9887
96
5843
2053
7187
4103
480
5434
8883
2436
9063
7231
2133
5942
8037
5500
986
8796
9571
2569
4278
5352
7685
2153
1076
301
8388
970
3224
6252
1586
638
9544
5239
4485
4429
5307
2865
8600
986
8933
6717
4705
5705
2565
4830
84
8647
7182
4996
2142
4977
9944
9398
4187
7786
7120
8892
2530
5614
3339
6660
850
1978
9102
943
5859
7234
9605
6839
2258
1234
2992
2129
9307
5075
632
7286
5922
3687
5015
7380
4140
425
5051
3911
9040
7097
2625
4274
7449
7827
4480
5541
1277
1713
8882
1520
1991
5010
3034
9897
9016
266
9465
9468
851
8014
4929
7375
8956
190
1968
4281
666
6759
8517
1811
8884
1207
3496
5648
8951
8528
2928
1765
7477
7593
215
1622
1363
6058
6724
6055
2835
9206
2479
5731
878
4724
1453
1326
7993
447
6089
3270
3391
2339
7867
8349
746
8819
5634
4558
2776
833
1561
4129
5632
9164
20
6091
2494
5080
2823
455
965
898
2671
7236
10243
3612
3612
5757
2085
9042
5888
10080
9468
74
3360
354
8860
9501
8190
5602
2257
6725
7158
1042
9001
9009
2891
6890
7254
4408
6597
7230
4523
4668
8781
2180
5282
4981
4448
3585
9129
1160
1996
5799
8707
10381
9396
1366
1070
9208
6505
2313
4156
4951
2275
9885
8803
7793
3223
8283
985
6882
9000
130
8397
3638
927
6823
8741
6531
4382
9575
38
9322
946
641
1417
4078
6420
6803
7776
8284
6001
4199
8647
2891
2834
5285
9682
5323
3381
2482
771
9177
5075
6510
5325
9956
6809
3838
4902
197
9751
749
4732
5599
4549
3144
1074
2149
8382
1942
2098
6132
6525
7926
4052
2165
4716
1184
5005
8505
3102
1869
1304
4800
3917
8042
7422
7820
563
4314
738
4553
694
433
1118
7008
3556
1660
9570
2099
19
9847
6030
412
1262
3504
3722
1765
6866
8648
4704
6696
4018
340
3859
10015
6932
7645
2883
2380
6982
2130
7697
552
1635
8508
5307
894
3879
3952
6120
1697
6620
6842
4232
4521
1878
7796
1212
9353
973
4165
2979
3555
4796
1502
6927
4695
9136
6835
450
2555
8217
4898
3564
6639
7487
4000
8849
9113
3624
3626
885
9394
1062
759
6239
275
44
2877
7607
5171
3114
1773
6398
10227
1596
1159
5371
779
5956
981
4100
3887
7093
3449
5195
170
5664
6166
2271
3328
4787
10066
6003
9465
8076
4913
4731
1135
6685
655
7821
6592
10034
10116
5285
2245
9733
1708
270
981
3368
3278
8493
2239
4215
2543
2536
9617
7374
10079
7956
9564
2145
6542
6436
9100
1535
1078
8957
10260
4739
7792
7517
2314
540
3061
9698
3424
7555
9932
8229
5081
2737
6484
3295
286
7254
2997
730
6592
3430
4129
71
8260
8848
5681
419
5915
7447
4018
8773
1840
3437
5907
10369
6337
30
4922
5175
303
5944
6494
5370
1421
5103
7042
6229
8260
4113
1041
7291
2991
1334
8938
2444
9632
7311
5835
2370
7016
2456
564
9121
2164
8413
2004
2104
2651
7558
919
7831
2609
8408
4752
9161
5683
1049
3541
9293
4281
5292
4305
1855
9288
9950
8438
4562
3564
484
2852
2879
3210
1749
3661
1975
5586
7854
40
10175
10023
9964
9591
9250
3532
1979
1945
7436
10067
8362
941
6873
5026
9298
274
9439
5139
6008
6641
7687
3552
6614
499
9187
8010
1168
4515
4263
6870
4153
1463
6849
2117
4910
6465
3097
7852
1811
2858
7609
5239
7833
8285
4474
3833
3652
8860
7082
2380
916
10193
9961
2572
185
1335
2490
2075
4182
7599
5129
3633
8528
3811
8039
6658
8220
6217
3184
3520
2771
7953
5016
8400
3365
748
6501
9319
7916
6217
7635
8333
48
10039
8672
2829
9291
5094
9887
899
2040
2759
4318
3342
5524
7567
2438
7565
3553
9312
10261
4929
4633
6880
9265
1387
3064
4276
533
4980
4788
6986
6647
9579
8181
7403
7891
1587
7051
5101
2330
7756
9585
2595
4413
5752
9467
729
6110
8862
2722
3354
7012
5319
9692
5773
1954
862
7755
1446
4299
9158
4188
2404
5146
9397
5876
7984
6652
471
3976
3237
1031
8088
7411
7390
3406
298
9312
7878
10203
7818
664
1203
2878
8384
6067
7289
9540
9172
54
9498
8465
3589
1673
215
7151
1
1298
10243
7651
543
10274
1324
9211
8066
9750
8919
8367
4903
9534
8178
5436
881
7596
3845
4432
1733
1918
5410
514
5931
3062
2936
9156
3145
1131
2048
4649
2075
4969
9416
9067
7650
4466
1107
96
3998
8846
5339
4584
9957
7555
1885
5811
4452
542
3392
2532
1060
2688
6237
1092
1694
248
3354
9976
2329
1220
9209
4590
1607
4877
449
1653
4762
5263
2876
9938
2177
9699
5423
6708
9162
3355
9479
393
3480
848
4661
6445
6675
8769
5130
8145
807
6162
7232
7324
1731
7286
5982
1364
8762
2496
5642
9057
10282
5866
4197
5971
1548
2212
9453
7529
9505
9980
1305
8578
5781
2083
8416
1891
555
2666
5268
749
9305
973
5978
402
10340
329
7273
908
1812
4504
421
3297
1989
9529
8752
6974
2720
2625
3226
7665
8443
5347
289
1820
850
286
1927
7948
1425
5518
6498
612
6345
2160
3658
4164
2990
7845
7385
3034
7238
7005
2296
385
1264
9597
1288
422
7445
6036
4497
4258
4195
1967
5971
4397
5144
6339
8031
7776
1187
7134
1770
4877
410
8340
3007
6788
8594
6639
6122
657
7150
9983
255
9328
8233
6434
5847
5871
4081
7531
972
8067
9495
6189
9627
1619
2491
2996
3242
9057
3809
1452
3087
2275
1670
9047
1254
7688
9356
1230
9217
5490
4099
6864
2804
4617
6807
9164
3304
8647
8566
3581
5719
5253
850
9315
2695
7977
2972
5630
2878
697
5468
3752
7164
8458
5543
9764
3631
3516
9390
8841
4543
10314
10107
2747
10092
4430
6391
922
7046
3433
7531
6606
4690
9620
4363
8637
6171
5166
1350
758
6621
598
5535
208
8152
8747
341
2205
9865
510
2543
2132
1628
8235
2436
6407
8117
807
3107
672
9308
8552
8477
9816
9128
4513
6248
10099
1718
3626
9722
8953
6682
3166
8091
742
6729
4690
5769
9927
6885
2319
1602
7797
5861
2343
8902
7984
6394
9117
9936
2330
8219
8523
7004
4939
5214
4349
2020
9696
5878
9461
187
2210
1017
3375
4132
410
3134
6244
10094
2773
373
7220
4799
6824
3567
5434
5058
4386
2948
7344
9927
2808
377
8714
5491
9557
9610
7414
3831
6215
1735
9461
1553
5759
8567
4668
1031
6072
5412
4516
3145
7066
4809
7648
485
8633
9737
6559
4340
1612
787
796
1795
7323
8388
8861
4443
2811
5216
5489
3030
1634
1704
8766
5165
2143
157
5157
4870
1811
823
6688
10330
7517
6116
9640
7554
8837
2174
2890
2017
1599
3741
7006
5835
7206
933
4440
3087
5950
991
9125
428
5138
1254
4929
3157
8764
6895
5283
8744
590
9703
6855
8437
574
4161
6136
9378
8431
7123
1158
1197
9856
4516
4973
6881
2297
1022
4595
5685
68
7065
5862
7582
5507
7388
7990
9552
9163
3254
2867
8473
9496
1576
1533
5710
2275
3642
5963
4340
8777
1856
1052
7932
4179
1375
1500
4974
6960
9884
6314
8700
417
7257
5416
2965
5617
9425
7631
4376
3982
8940
8922
9069
9561
1152
747
389
6913
4785
6517
527
4101
9201
171
5702
7380
2308
4105
165
6172
788
5972
10287
122
9800
6446
611
1814
2367
672
3553
2073
7948
4051
2705
7124
9649
8475
9206
5092
1696
3462
5988
627
2995
6597
1659
6417
1323
10
1192
7499
5802
6594
1859
6151
9230
9857
1855
1770
6104
4684
1252
7207
9954
8819
5010
9799
2114
850
4196
1981
7378
3594
9367
8940
6049
9169
10366
880
4930
1316
8835
6266
5711
7813
2513
2361
267
5225
2551
4049
2618
5418
1503
3525
3714
10290
3742
7044
4180
10197
7695
7166
1057
7788
246
2504
2571
5275
8806
8339
136
3734
6723
30
10261
5078
3879
4664
8970
6304
1182
5528
5429
10343
3710
7269
5687
1722
753
2808
2404
9507
1031
7534
1546
6266
307
8160
8423
2540
2940
4193
3553
3909
7527
9771
8198
4478
5742
2919
474
8551
4392
10206
8879
344
241
4230
1318
6809
10344
8502
6471
3509
291
2254
1693
1881
416
8989
4547
3146
771
5510
7052
7761
5538
1222
6902
10060
3258
9154
4137
4835
6570
7593
8685
8299
3816
2493
9093
9186
4568
6305
5921
6154
6669
6830
3072
7792
6838
3028
926
6959
5824
4467
7673
5878
5716
9818
5249
6822
4594
2324
3766
9487
6951
7637
6002
3821
8203
7539
597
331
5577
1276
803
6810
1297
3352
1026
5718
4084
3090
9991
1297
2911
9691
6962
639
3183
8747
9447
6686
3237
2205
1229
68
1064
8826
4648
3261
2111
9602
3589
7007
1416
6154
2908
2944
8791
6161
2083
3525
4204
3966
5774
3086
7346
9333
8518
3735
324
8978
408
10207
2067
3200
3430
8979
2374
8199
8582
1361
6750
1902
8929
7312
9970
1242
7422
5126
364
3031
4445
889
7033
2847
462
2299
9595
7443
817
4428
8648
2486
4858
212
8959
3824
9981
5309
1266
5566
9777
9083
4754
5333
6090
462
7941
5561
5765
6404
3192
7918
6115
9601
847
5292
8372
4696
1316
7306
5093
6014
8624
1571
8865
5078
4349
1085
5575
6975
5075
907
6784
9844
3429
1873
4824
2567
4277
9544
9262
3409
993
8065
3755
7140
1707
1239
1619
2756
4590
4443
6080
4465
8923
3492
4415
200
41
5805
642
8404
4450
4034
9232
533
4672
6808
160
5808
3980
1997
8892
5371
688
2431
9239
8183
2925
4878
6973
3088
8001
4058
3872
3772
5361
5573
7860
4152
4106
4910
7578
4518
6039
4732
1446
6869
1810
1006
8102
8127
2653
7476
595
4747
8944
8500
1017
2962
7396
133
6697
6611
4141
5314
8214
1316
6520
10204
3191
8613
10109
10252
9890
1614
4648
10119
4304
2523
8481
5482
6610
5576
5488
8316
7438
7150
142
3171
6424
8041
8408
939
8116
8382
222
10192
5850
4065
9457
2982
3687
10044
871
2241
6526
3501
5701
198
5652
8674
457
6467
5427
10078
3372
7745
6722
5090
3280
3766
162
7217
2585
763
4906
4150
4150
4337
3461
727
5320
6513
8504
6074
2339
3700
7858
8113
3118
9836
3406
4045
4504
6017
5504
4821
1787
9408
4384
8970
5432
2316
9137
8780
7510
7995
1328
9590
2572
5194
1891
2211
2255
1137
3633
10196
314
5078
1244
5416
2883
2269
6068
6082
5691
6446
6317
2876
8613
2858
8420
7445
4468
9754
7472
9228
9871
3128
8897
8900
1334
3067
2041
8267
4471
5445
908
8295
6929
5823
4237
10386
5706
9291
4110
6850
8951
4726
5221
5051
5095
4607
10260
7016
10259
10149
4591
6374
7550
6778
8707
8710
7449
2365
8172
10241
8948
10063
9475
7054
9606
5317
2902
6179
5209
5772
626
9337
9430
6304
7867
3825
2535
454
7170
9857
2070
229
8286
4146
3062
34
4926
4185
2188
6422
5084
7954
6042
4567
1323
5955
6039
5194
3961
1602
6861
4219
1447
3341
5139
555
7166
4103
1396
1212
7293
1602
3702
6720
6633
1946
3623
7757
7230
2967
1601
2524
8605
4590
3006
8537
1292
4197
7078
6599
2306
3775
2699
7519
2943
6963
696
6011
5501
4977
4974
1785
4222
8855
4370
7309
9629
1050
2932
4472
7576
6060
9869
6494
7817
1614
5863
5964
9118
4554
6012
4874
1865
4448
7569
8675
4469
6505
2775
4545
8439
6972
6162
6416
7947
1486
10079
3346
8016
7561
7705
8346
9496
1031
2600
7363
8639
1442
3995
10353
4588
5285
8757
3573
8971
8117
8392
10162
7469
3162
6562
2085
7909
10246
7903
5753
1402
5185
6434
282
10220
741
9675
4007
3206
3254
5552
1591
178
3590
6328
1373
5551
10051
8306
6654
7434
344
8091
2362
3606
4122
1852
6743
10193
3802
1040
6134
4271
5428
3565
2020
1259
5897
1053
8129
9881
2258
1483
7117
2422
128
6244
246
9208
1204
185
4642
7177
1939
6364
4014
3223
10210
7562
7950
951
4195
7337
4702
5334
2035
2029
4969
7875
10017
3379
6503
2189
7873
5996
1227
7895
8072
9394
3045
9718
6330
5943
496
9559
2023
1578
7359
1067
4341
5390
8602
1963
4379
4903
5008
4445
8395
4791
7426
9126
7489
1878
10088
5069
9941
3739
8220
1968
2891
766
8383
7810
3966
9401
6386
3335
337
2039
697
6640
9114
4769
7852
9645
1855
9872
5169
1973
3827
4535
8779
7690
588
9196
4794
3718
8266
3825
7930
7772
3147
8141
8462
2530
3801
6088
8699
509
3077
8318
8214
688
8680
1818
8954
3680
6213
9899
5370
7575
8569
9779
8727
8334
2881
860
3137
7519
3202
6906
9318
6462
5199
8914
8986
4579
7256
6787
1320
7659
8396
5346
4741
805
5837
2490
6102
2925
7379
2278
494
4063
10107
6620
6051
7428
8556
7922
1302
761
6322
7062
7573
3129
7014
6805
1867
9049
9352
8677
3544
66
1358
1228
4253
496
10252
6678
9014
2343
8089
5980
10323
8814
9742
9596
8644
4407
8061
7387
10238
8072
9293
2014
1181
3833
7862
1611
2593
296
209
5458
8874
4311
5821
1527
7073
1308
2077
994
4792
1006
1907
908
1069
5014
5853
159
435
6833
6530
10143
1801
2657
7722
3445
5963
7415
8859
3528
8577
1709
7824
9037
5352
7972
8351
4227
3577
8448
4744
9949
8040
4066
8760
3918
7221
8333
9808
8695
6555
402
1074
8836
4312
364
9532
616
8011
8266
6646
9170
3063
2883
8469
9674
1071
9460
9541
3258
8552
9992
555
4216
10019
7869
9759
2558
861
10386
9397
6260
10380
9140
3265
3871
4694
6086
3206
2767
2390
4933
2515
108
9621
7905
9324
4561
4167
2378
5703
3360
2358
1095
10227
4546
8657
471
6460
4821
9504
3973
1810
5240
3240
1954
6134
4180
5699
3359
3797
7040
5390
9827
8397
1140
662
10117
3268
822
1509
7826
5718
2034
8445
6453
576
3481
234
8890
9177
7489
9290
2054
785
7173
1691
7034
1287
2408
5347
431
1884
5499
3212
643
1093
4018
5758
3861
9730
468
8962
3700
5585
4425
10018
8243
8080
9994
10056
4068
3703
8879
398
431
9233
9395
8559
8009
3993
6328
5340
6844
4664
1958
1471
2638
3915
4192
10028
3075
8738
8495
2876
7260
9875
1569
7033
5504
8590
8706
7054
6713
5203
881
4062
6320
9495
8741
2216
4312
9615
2857
7519
513
9992
3060
2200
6211
9019
1017
9179
3316
9238
9344
8719
10364
3554
6909
8041
8620
4002
8620
10156
4506
4616
6243
10256
3432
7548
8658
115
8877
3541
8808
1782
5492
7505
4134
9800
231
742
412
10352
7663
10163
1594
931
9642
7070
906
2326
8040
1673
8382
5596
1457
9562
5037
7095
2258
5815
5336
5041
2196
9675
4445
1986
3168
2693
10164
2395
4923
4272
9227
7524
4219
43
9756
536
3986
821
3049
3400
9519
7119
9296
4634
7459
7581
3596
749
1693
486
682
10156
4731
6444
1598
7186
4017
8190
5321
8876
5497
7940
7374
9390
1448
315
5451
487
7089
3426
7325
778
6744
3330
2225
9716
3373
6717
4329
3158
4887
8091
1243
1163
2558
2422
1212
2849
2501
4650
2454
8178
6815
1023
6795
5108
3113
5608
6351
5517
5633
4330
4120
8319
4236
518
9293
1264
1906
7886
4082
2290
4201
9627
1602
9896
8928
9082
4135
9105
1352
9545
732
8834
2100
4269
7886
7261
1570
2476
7628
9051
5344
8183
337
9359
30
9482
10125
2697
838
595
6050
3226
261
3938
4701
3056
8783
1421
1809
516
7586
1621
533
3319
2132
9921
2879
10284
7082
1589
5573
212
4599
7369
9598
2049
3004
6301
3976
8383
5111
8661
3820
886
4006
1115
9642
2368
9332
2757
6856
2159
1109
7196
1931
796
2531
998
2885
2557
4902
9684
3206
2438
1290
10025
7495
6136
7204
3047
7762
6726
9099
1031
7638
5534
5088
5737
5059
6578
10252
376
10235
3356
497
5392
2123
9012
5545
8126
9429
2968
8996
4320
983
3910
9556
7883
4632
10284
6072
9732
3541
7598
3906
2710
2736
7569
4777
2321
853
276
10152
6652
8250
3666
5968
9231
2435
2298
7649
7046
2882
4559
3719
339
1110
2916
9807
8308
5267
155
8467
468
9141
360
673
4538
1262
3727
3410
6522
8388
6114
9826
2820
7370
2677
8691
4679
2946
2612
2554
1128
3157
9394
3250
7943
6181
5006
2774
1900
2580
3040
7662
784
725
9426
5582
7810
2231
7243
1621
2596
1289
8728
1254
6256
8398
8475
1631
6905
987
5153
2159
5880
902
4039
5736
3734
3975
2735
427
6481
1488
5091
1252
7550
6496
2870
929
5574
3601
3924
2791
4182
3413
2738
3865
10203
3298
3906
6362
1521
7820
3290
254
8458
10039
4910
913
2866
1787
3593
7121
165
3009
7333
3696
4767
9584
7105
9279
9945
619
488
6656
8518
7227
2490
4989
8170
7716
7967
6854
8340
4893
140
6886
9575
4342
1039
7369
9968
1916
8071
745
1963
2258
7172
9417
3380
3218
1911
6106
2402
2498
4040
5725
9042
301
9686
6237
6458
4844
4080
1692
4364
1465
6811
382
4837
10263
996
611
7104
1954
4577
4604
8973
9412
7930
6285
8093
3717
4508
6978
6194
1571
2540
3815
8129
6524
362
3729
1628
694
1303
4727
4995
2536
6358
3851
3711
4894
4245
9729
5238
9896
9364
10090
6758
8442
2797
4876
2116
3925
9650
9657
8918
1326
7046
6931
10140
1039
3877
2354
2920
7198
5824
4777
1302
5588
8024
7392
3662
1327
8599
1027
4108
4451
1758
905
3475
9615
8459
8594
2094
9741
4460
2495
7490
3933
1109
3273
8478
6525
7911
589
3366
1706
4830
2531
397
4762
6863
5493
2093
2168
4514
1481
2947
10227
7301
1680
8028
5922
10218
3317
9323
426
2066
5288
1958
3514
9329
434
5163
3348
2127
1558
9947
5053
8803
9250
8335
9644
7369
5795
6958
361
4166
3542
7442
700
2970
1266
4771
1531
5708
4791
1620
9249
4103
754
10173
7391
9931
1379
8439
6287
763
8519
4834
8961
53
3813
8318
7411
9790
2615
6359
4915
10111
1969
2983
4173
7719
2281
1748
2788
3541
2532
1048
5546
7536
566
3835
6122
7578
4841
3528
2038
7021
351
6718
4962
2125
6306
3031
6329
4348
10236
9888
7616
5286
2237
3218
9898
211
8264
2683
5532
1735
5107
10353
9071
7864
6730
8404
1086
71
6091
604
685
9807
148
2508
602
5034
8072
9793
5656
433
2260
7871
7730
6258
1928
10125
7951
9711
9288
4652
5514
7436
886
3401
2822
9665
5110
6901
45
570
1517
5645
7991
5672
7807
9290
671
2825
882
2834
8835
7834
8339
4889
9682
398
3462
7463
8547
10349
9510
165
1239
10263
480
1300
8050
9904
288
2628
7283
2404
9203
8901
4325
9709
3803
529
9221
3611
6543
3409
3894
10158
8567
2459
3766
10031
7434
10047
5983
3357
8292
5836
3703
3198
5067
6307
2308
3883
857
2573
202
1553
8079
9956
853
1466
3185
3001
7727
7458
9727
2119
7193
321
6856
1053
7665
876
10224
2814
1907
6165
1224
6222
8004
4854
6564
74
1885
7319
2882
1474
963
5004
8165
1623
5901
2697
3511
6379
6752
7626
4693
1958
483
553
8404
4438
6339
6154
5420
4856
5423
2612
7874
6856
5735
3112
318
6866
7105
2064
5288
3933
1673
6921
4260
3407
7675
6448
6571
6968
4963
4281
484
2382
708
5831
834
10307
10375
8577
7721
4629
4375
9024
1273
10038
8783
1699
207
4957
631
7402
2585
9863
909
8019
4040
5837
2215
4895
3415
705
8337
5913
6357
9412
5579
6703
6684
897
2106
9653
9342
7799
1791
387
262
4948
5857
7713
2389
6611
5345
9897
7424
5460
6938
7210
8108
7754
84
3207
7564
3364
197
6646
6499
7215
9156
7010
9848
7902
3352
520
7653
7092
2945
5444
7520
288
1246
5161
8168
3096
4694
5131
7296
29
4390
6587
4141
9712
6156
2527
7027
7270
8988
10203
1367
7895
409
4894
961
6948
1652
8264
2513
3398
2900
7467
7670
5076
1857
10087
7326
6905
6993
9191
9830
53
2449
3948
7625
9164
1066
3575
2493
6436
2075
3009
7717
9831
5088
4937
9316
10335
1182
7332
8392
5870
2776
6906
10114
2506
1063
593
3365
8176
4195
4623
5610
64
3296
3910
9272
1825
10310
1848
6539
9060
5058
6659
9831
2804
89
16
6545
7959
1733
9779
7966
1158
1275
9314
8176
6573
8708
1345
1489
4436
1468
2863
1560
6393
4487
5363
2733
5011
8917
2537
9614
3758
2331
9649
9942
8391
4838
3138
178
6193
6847
2332
4207
677
10159
8870
590
5407
8713
7730
9359
2446
9681
7684
7468
6841
7193
4866
7244
5014
7851
4468
10264
4266
6851
8271
3238
1042
5803
3659
1020
1110
7695
5066
9110
3894
216
9844
7096
8282
2555
5061
6583
4809
8655
9293
5023
1145
579
6364
9396
5251
7284
3102
5357
6177
4547
3159
8290
8084
768
4168
4644
6587
3498
4637
10294
8506
5557
8388
2848
5912
8170
10390
1463
5255
6985
10145
7737
6942
2216
8618
1370
518
9986
8315
2932
4
7479
2205
9165
2424
5599
2751
9119
6862
3761
295
5636
5184
298
10145
4290
2364
1079
5453
8669
275
9757
1039
3738
4883
1199
6296
3181
6694
3290
7395
90
5177
4063
8126
402
8333
10243
10207
390
2526
7115
4268
5483
3255
6697
7765
982
7767
8875
3049
2869
1490
4198
631
5275
2389
10352
5933
9566
2302
578
6962
6084
1084
5767
7163
2620
27
9889
118
1812
1945
3213
1648
974
9687
4299
9012
931
9605
9700
6665
9998
4196
1941
3305
5117
257
8823
7917
9380
4324
4532
9033
181
6924
4800
6773
583
3401
7224
9108
430
6895
10026
7069
8061
7008
9322
587
7399
8924
2893
7076
8202
1008
1245
7082
2745
151
5041
7541
10160
495
3170
3663
1753
7316
10019
3249
3978
3145
1734
1017
7415
3159
4232
10110
4287
4356
6314
7726
3746
8849
2816
1206
1491
7849
1864
2736
4098
3563
6555
9631
6801
1144
9822
440
1225
4698
9197
4724
2626
8816
7306
5733
6193
5246
5794
629
4036
5646
7968
9856
2763
9948
6431
2453
1490
5506
8416
7766
6224
2736
7814
4541
1217
5665
9657
9131
1292
2285
5366
4344
3800
1261
9548
4142
3329
10014
8229
4947
5641
9241
7136
1875
3804
2953
4067
3402
6746
9872
3120
7517
3810
10287
3124
6122
6910
2562
1570
10042
1103
6189
403
3991
8365
640
5079
1828
2824
10316
5205
5655
5199
6861
5685
5450
1040
60
9938
82
6227
3936
1021
6600
6517
6113
6469
7886
6089
7189
7086
6896
8017
6037
4050
6626
2289
92
7557
6609
3794
6385
6898
4527
4820
9162
1745
9472
4290
7963
230
7047
4398
4066
9972
6027
5530
2650
4319
7469
2252
200
7027
1068
7680
8817
8187
7772
9086
5145
4684
9100
3288
8245
3936
9184
5275
644
1993
9665
9804
3128
9810
6597
3954
9469
3002
8050
7424
2922
9606
7365
122
8232
2447
369
1991
2767
9375
946
7491
3566
7412
5460
10211
4315
1895
5271
3081
5593
9036
8993
6867
7089
10363
2668
3107
7727
9592
8424
5876
8600
9134
1147
3072
9024
6793
7226
3011
8663
10063
5006
5345
7354
5445
9199
3514
4779
572
1699
424
9543
7702
8365
9285
5750
7470
8243
10382
8809
6
2414
335
6715
6410
7931
1293
6442
8689
6076
5810
6672
3157
8950
4438
5131
993
9392
5118
7895
9819
1222
536
1777
4563
8499
9744
1158
8534
1289
5581
4220
5148
8909
8011
9930
2870
7880
9177
6578
7614
513
6314
5017
3502
7325
2663
435
712
9516
2679
9339
4562
4530
7211
7173
1061
4042
7639
8089
8135
6380
3426
6724
5572
8498
3390
7338
1999
9336
7926
4396
8344
7211
6308
9149
2418
3193
1609
2666
8654
1127
3108
9382
746
70
8058
9870
10388
5721
7962
5530
1317
3224
4503
6799
4196
7836
8490
911
1412
10305
1201
1909
5375
9567
1913
4946
8834
7415
9760
1916
5057
7984
2680
5297
6343
2966
6965
736
7713
1417
1639
8992
1588
3553
8054
5200
7992
9988
850
2820
1444
355
7099
6558
8247
7989
1913
9835
8699
1315
1280
2557
1422
8240
3617
2265
6913
236
5623
4175
4050
7515
7147
8688
8633
1857
9513
8912
2865
1728
7471
4318
10346
1212
5035
8477
7942
6761
3545
7899
6943
3657
1420
9065
8534
4730
2506
2021
3637
7034
7902
1161
2683
9769
8838
6510
9403
8919
8576
177
5248
3522
3756
951
8441
167
2780
4891
4157
8326
119
7220
3689
3254
1614
5650
4163
3693
1787
4619
6931
5404
7241
4857
7213
7014
6845
2637
8627
7564
7961
3554
2591
4123
6399
4954
2942
9610
626
8792
9363
2736
9655
2155
5464
7243
7433
1557
7801
7640
7022
3450
11
4321
874
6405
6662
677
8408
6150
2287
8876
1342
6931
8137
9109
11
7966
1826
8550
1886
8607
3429
3852
1312
2528
8727
9809
1794
6010
3664
885
5534
1554
2662
6458
598
2337
4629
8797
2625
745
5073
5222
4629
8464
3936
7546
9730
2880
8452
6737
3936
9797
9454
7820
95
7121
9374
5195
723
267
8385
5631
8316
1749
3098
5035
8227
2554
4183
645
10210
5047
5484
7181
6510
57
9673
9170
8573
5683
6858
2646
8554
1110
1096
6383
3053
69
6866
3036
812
176
4881
7571
6696
4593
10302
8542
8769
6864
5979
946
7307
4934
856
5517
2549
3777
1709
461
4149
3061
2958
3271
3895
1161
10301
7121
394
1862
2795
3270
1857
10389
9900
8988
810
2104
6754
9565
6642
1006
9457
1911
9873
3794
10067
3350
7657
3318
1989
4351
6901
7861
4872
8862
10282
2514
7582
10051
6125
6590
9868
2238
1424
3427
6951
750
4150
7957
1485
4015
5292
3663
2544
6958
6054
8331
5688
7131
6051
8170
1803
5269
2988
842
1592
238
506
4539
2070
2014
9373
8094
1137
3405
9272
4089
4518
1713
6500
1165
8355
8905
4111
13
6106
8521
357
3141
3184
6543
3752
3525
4475
8480
7235
8914
4311
5448
1255
3435
7904
4492
2001
3130
9414
4686
2353
3323
6897
2669
5816
2927
7489
544
8737
7796
1975
2762
7008
9721
1748
10085
2353
8805
5381
6386
9179
4359
1812
3603
6734
8771
5656
9879
4491
2228
3923
8505
143
2175
4830
7347
4030
9669
1435
7527
2728
4006
259
3261
6533
5564
2049
4349
7773
1248
7144
5178
8742
10027
742
1632
8852
6796
2533
9115
4198
8750
9500
7463
4487
5667
4556
4825
7181
5731
8132
10343
1858
9704
71
6279
2477
9601
1369
7009
4835
2981
6955
1585
7239
328
7599
1303
7828
8009
7776
6011
2034
4787
132
9202
7054
8554
6911
3279
8419
2415
534
2090
4180
7068
6940
2177
2542
6248
1890
9038
8473
7469
887
3364
10328
3085
5849
2617
2497
5824
10297
1793
5691
8189
6503
962
9295
8127
7603
10070
9266
5022
933
10014
5971
5866
2781
1115
5185
8641
4896
9896
2249
1735
6352
4194
4326
1150
1192
3341
4064
4987
5968
5742
789
10249
3479
5701
409
9789
4931
7374
5709
7555
7888
6729
2333
4304
7461
3136
6113
9912
5876
3735
240
8796
5994
6518
2054
7755
5484
3488
2892
8891
2394
6052
4818
3082
4346
6205
7153
1728
8710
8541
9941
7979
2698
2168
3904
2776
6287
8620
1697
4953
3447
7524
401
9981
6580
8532
60
4844
9320
3913
6395
7861
6314
1328
9088
4179
1389
6881
9714
572
8958
7659
10165
1459
3773
10126
9063
9291
372
9896
3922
2812
9205
1564
5637
9450
2963
7625
337
8752
4539
2810
8161
547
138
7758
181
963
6082
7436
7138
7235
2845
7751
5316
2459
8402
6770
8932
3521
1846
2669
3800
404
5086
9140
1642
6337
6309
4998
9567
2891
7199
3480
903
3559
6005
1080
7641
2543
10153
2608
8292
1080
665
2241
2970
5778
4807
8914
2198
6934
2004
2854
7440
1509
7192
1815
5984
8214
3116
4272
3932
5546
2178
2770
8283
9969
8632
5836
7596
6106
4347
2251
1838
3354
7002
1407
9568
7028
7863
9263
8679
4762
10044
3284
4937
158
4529
9379
8578
2087
7764
7699
9386
9509
9161
4403
806
10010
1878
1951
64
2385
1397
134
8148
7103
2393
4702
2315
5611
9679
9588
8428
4870
1497
4335
7896
3175
259
2656
7547
7038
6823
2440
2006
4902
10355
5637
9896
9761
9701
8630
5177
4666
6347
4577
3379
4740
9087
5105
4629
1082
6114
4853
5957
6578
2323
8959
2551
8933
3042
9930
4077
7860
5800
4223
4700
10137
3731
4099
1387
1927
4981
8515
9267
1007
1451
8697
2558
2707
1436
10154
2850
6749
4732
7271
4055
1800
5454
6311
6818
10095
9708
9547
6123
8398
5153
796
1302
254
9511
4644
1446
3499
850
6
6106
6342
5324
2732
6113
7350
6900
7462
6524
8305
5928
9738
7632
3416
7670
6614
1354
1411
3564
5733
8818
1767
1545
5260
1193
1351
9336
7403
6659
220
7458
7528
1497
2055
9625
3919
10334
9926
4480
525
58
6768
2902
4023
4115
8407
4935
8443
1313
10360
4388
2083
5621
6989
8051
9526
6972
2510
1211
10085
10003
1884
744
5419
7587
5391
1251
5065
9066
2425
6734
9984
3704
4416
9960
3113
3943
4934
6039
2826
1786
8655
4507
3009
77
9304
7219
7307
7967
7109
2008
5411
5285
1550
7249
3499
2838
7909
8370
5222
2074
2645
1969
3941
9818
9479
2199
5631
2763
7731
3882
4283
8678
143
1175
9892
4336
1324
9525
4229
830
1130
9669
1725
9204
7031
9515
5522
753
8362
3988
4592
7190
5245
7264
7859
8365
954
8363
6831
91
3892
3184
66
3702
3335
4674
2584
4481
6072
6504
8903
7139
109
9844
5139
1949
1983
9509
3924
8321
10237
6622
1349
2401
6819
5477
271
689
9608
4717
3153
9614
7838
4067
5286
3263
3372
206
2053
4719
9710
8973
1988
6691
9338
2740
9990
8706
3232
6690
2721
4956
5120
1404
2839
1910
3335
6593
2667
2049
5098
8172
6667
8325
4047
9831
10360
1685
3486
2489
4218
7983
4600
8099
2920
4150
5526
4234
5098
2198
9776
9117
6577
6722
4612
7430
4506
5299
8956
1305
4872
1331
7931
3761
10084
2731
4106
3705
6429
6833
6320
2869
2852
4157
9148
3276
1513
7576
8974
9484
2514
2127
3044
8834
8267
9383
1311
9811
10358
10323
6686
7076
6177
51
4559
9476
2878
4716
4366
2867
523
7350
7291
4137
5058
5333
707
7034
9569
5016
7786
2785
1228
1939
3923
956
8819
5064
477
3626
3264
5861
8306
8994
9206
7969
8974
10188
3394
1287
2964
8448
5746
6056
3401
4234
938
10314
4205
4301
4920
4688
3657
1592
3273
9223
5936
6599
7389
9945
4432
9517
1082
2609
3935
8152
3659
8177
4627
9253
7981
3820
3059
9933
2479
9459
7790
6666
9579
1332
3701
6151
9511
3708
2497
9838
3633
3791
9711
5682
4729
5576
1417
3074
4009
720
9636
3617
8704
10201
7322
2799
8517
2839
1214
4935
3553
4877
4858
8595
763
698
7826
3600
3711
8652
1920
7620
9333
5301
6080
1342
7733
5425
6236
6394
1423
2881
3824
924
1159
2436
1975
1844
1899
1418
8128
10356
2369
918
4295
8362
1502
3984
9137
301
8470
4853
7528
7232
3304
8330
6682
6463
10307
6009
1765
8836
7337
8427
4241
7596
7504
8900
5821
9512
2306
1818
650
10000
2141
9473
5173
4385
3532
5187
9664
5993
8785
1032
5149
6534
9506
8612
7848
4139
3258
1492
3970
7485
4663
10060
857
4594
7854
8980
6294
4913
2531
6888
5945
4355
5576
9229
7393
5178
1638
10122
1543
387
3437
5015
1311
1131
4421
4839
6301
2933
8593
1211
8230
9833
6704
1728
6913
7183
1382
4875
8491
4432
946
3863
9645
107
7081
3639
7634
1176
7983
4975
7387
9613
1929
1827
1914
3148
1387
4925
540
5747
8670
8766
2845
3625
6751
4183
3521
4379
5932
6287
2546
9693
8262
9791
685
7915
8453
3617
241
9739
1767
9606
1299
9440
7654
9897
1141
5294
2525
3940
1051
6759
6177
2609
1308
5639
4040
323
3324
1604
3409
5305
2967
8466
4980
7972
8360
2266
9122
6773
5663
9619
5770
1048
3895
8018
6944
9681
9100
7916
6617
3584
7277
3214
3832
7548
9065
5217
8631
2892
8714
3723
1729
1848
6597
7803
2386
8687
4266
187
8352
9116
6471
1052
6247
6090
466
2290
5090
5455
7852
8328
4251
20
414
10148
9820
6198
7472
6766
7142
4106
10
2228
5807
7379
4927
9090
10359
5852
2251
9352
5897
9423
535
4124
811
4894
3623
1329
5457
9271
9225
2768
7205
5923
7859
1640
9515
9228
5520
6929
2106
1171
6385
643
2346
5927
10029
105
1391
1480
5331
3090
5641
5686
6429
8648
9691
1403
6247
1041
2031
171
5405
7768
7389
4147
5834
6966
9935
5662
7456
951
8424
500
7914
3713
5237
9564
7075
8319
7941
891
2490
8382
4827
2765
8698
995
3412
5668
5576
637
4396
7377
910
5861
692
5453
8554
4146
4645
348
8970
9374
5638
9879
9917
9109
6656
676
1605
9603
6367
6929
2139
5448
370
9521
2358
6146
9250
25
9762
4867
3879
6260
3215
7948
3804
3933
9592
5205
2388
9684
10179
1503
8912
2959
2680
8891
2660
8761
1780
5315
5783
5012
10286
6022
1875
9389
7322
965
9476
8332
9485
4417
7165
2401
2234
5049
7055
8857
3537
9881
4527
4967
9651
1777
5669
6606
6668
7351
5166
57
6313
4089
9487
6880
5260
7860
861
8852
5802
8532
2941
7584
1315
6665
2263
9336
5123
1134
2866
8910
10318
3093
8466
7844
7926
10260
10055
186
6683
3556
513
6607
5752
4691
5820
2686
3385
866
3914
1526
248
5682
914
10031
2181
6641
4375
7677
2393
1805
2126
3891
2912
3292
10004
4690
5303
187
2925
3480
10321
1220
2472
3222
4968
9712
8806
9575
8098
8728
9911
6105
5403
8401
9325
5338
6081
9848
10341
2773
6281
1677
26
2977
1724
5819
7397
69
4659
7588
3518
8198
7038
2130
5705
5209
9193
3738
3982
7845
5084
10233
6781
2515
2504
6906
9087
9341
4850
8314
5535
162
5870
8944
7274
6854
8274
7175
3091
3034
5709
418
3105
7496
9173
7947
9800
2056
1239
1007
4971
6437
4136
2354
887
4632
3992
4802
1086
2993
8030
10270
9539
4794
9276
1991
1546
2920
6214
8826
1105
3279
7635
7196
6221
1133
2785
9761
6715
2389
3972
3811
418
1273
7894
5325
7325
7281
8990
2160
5743
9559
9668
5166
2102
7357
8105
6290
7706
3779
9123
9453
7824
10011
8785
8282
2474
2641
551
3851
2919
3822
4618
7556
6015
6672
9257
1594
5368
7487
7527
8520
1076
9033
1017
4958
3233
5324
8284
2944
2835
567
83
651
1815
440
5928
6573
4046
865
2203
9978
4641
9815
6290
2355
8109
5067
317
4679
2152
2103
390
4572
9612
7814
10108
7900
4923
6985
7998
6247
1916
6350
8912
8372
447
7072
5447
446
2273
2626
5809
1750
4804
9497
6835
2440
4309
9809
6152
1381
7449
7496
4112
6823
4742
8962
7027
10104
3513
6719
2699
1592
5837
6750
8018
5079
1454
2883
2876
10118
9125
9739
6844
51
2133
5191
1756
6375
1787
4564
7874
9189
984
1629
6405
1389
6460
5921
3174
3555
4359
3167
3513
8321
3963
5489
120
2067
4703
8424
2661
8296
8512
8694
1721
10276
7298
8403
2022
1213
8236
2026
7395
5096
1214
8380
10324
6527
5454
2339
1833
6418
2508
6674
7302
9355
9964
3240
3476
5826
8804
3488
138
188
9880
1907
820
9518
1504
6115
1531
8035
1921
5943
3034
4664
959
2080
5189
1273
5663
6302
6844
10198
7322
5389
9328
6687
441
4982
3688
1982
8705
4193
4570
2714
6456
69
7976
2978
7858
2650
10234
8564
7538
95
3009
3517
2663
2467
4197
9597
457
5957
1732
8606
3470
3343
4058
9565
4297
3858
7849
4346
6133
117
6372
3038
6315
4246
5661
3264
1199
6900
7232
1493
5171
470
6450
1770
9023
5530
1260
3322
8846
6892
6678
7518
8873
1979
6036
7301
355
2823
5039
1510
9903
2402
1503
6441
8099
533
5666
9227
2601
5499
7887
3166
10277
4623
7393
2823
3099
3171
34
10191
6719
5334
6987
992
6083
6140
6737
3158
4588
6638
4490
5042
8987
6972
7791
8815
9751
10292
5070
8446
7382
5548
9602
4305
1473
221
9119
8852
2875
8367
7987
9836
2163
4637
5368
3843
4360
5062
8416
1108
7085
5561
2755
7143
1725
7788
7730
2253
6504
3757
8002
2271
8608
3482
1226
8344
5364
6947
1602
2106
406
6162
1169
5292
7717
7188
10202
6794
1064
491
4819
4523
8269
4889
1802
1208
5280
7913
6948
2722
9257
8674
9562
9103
2996
9453
5291
6653
523
7974
5817
6301
9798
2151
7036
9259
7692
4135
3261
5524
10344
329
6032
10272
3733
9440
8038
7859
9030
3993
5430
5752
784
7623
288
10034
10342
9932
266
2269
8917
5229
4994
6049
4969
6672
4411
9019
7717
4639
9670
5248
2951
1460
6472
913
5134
2210
8801
2192
9478
536
8167
1956
6662
7594
6806
8505
6465
538
5130
1929
5991
9171
4507
327
7652
6581
3444
8034
1976
6118
1106
5166
5040
9975
1813
1152
2317
148
6009
4337
387
7654
8950
3054
7187
1793
3587
6382
6972
1221
6196
8800
3511
8334
8731
2350
1535
6753
5519
6291
1488
1446
2317
4805
7755
4467
7359
3382
2445
8860
5468
6984
9308
5820
5043
2299
9569
8989
2769
3241
6650
7127
3266
6137
262
5754
1552
9095
3244
4682
4494
3323
7086
3463
7017
1713
9839
2046
525
6050
418
7054
5702
3075
9460
7587
4260
9439
3047
6922
9710
6845
2299
9152
4447
3870
3837
8135
1224
9724
6978
3903
9370
7523
10121
7667
5345
1377
6908
4482
937
10024
1571
2450
6363
9103
8722
9538
6163
8667
497
6019
3916
7576
4254
1939
8084
2632
2508
1264
10254
4425
10267
1223
6036
2954
10044
8317
2860
8456
869
422
6368
2451
8456
5399
5080
4577
3534
10069
9515
64
9257
5945
9336
5491
2787
634
4148
535
9516
9343
2618
201
10038
2012
4653
10171
5349
1579
3681
5206
3483
2949
7260
10170
5806
9731
3388
9036
3775
2055
7435
7838
1158
5495
4778
682
1029
10339
2079
2850
1649
7969
2561
2325
1409
4368
9355
4341
7289
6095
9038
8062
1040
5967
7491
3790
7852
7408
1746
1325
3733
8572
5544
1205
5944
8879
8343
9142
5406
9534
2793
6086
7070
4258
8020
8681
5533
2669
2008
7585
9312
5097
2814
7833
160
5213
2354
1721
4861
5991
7560
886
10081
5282
8463
614
893
10246
8774
9939
2768
7935
7021
696
10362
4613
326
8899
8515
7126
6007
2546
1020
6228
1590
3025
7910
5698
2410
9777
9855
1364
2634
10142
9765
5959
6451
5981
5345
6862
7056
6225
6446
6068
4489
5110
7838
2733
1320
5909
376
8869
10173
6624
2980
7374
9149
3703
9986
1294
6404
1030
838
5461
5536
4694
4619
7608
6992
577
4174
1770
6845
10234
9050
363
9121
8400
7703
6869
2424
2465
1198
1064
7917
689
4881
2890
2702
2600
4197
2527
3193
2081
14
5830
10229
6096
8995
9775
6592
1413
4201
3059
3186
6600
10205
1549
2327
1157
3539
9752
4172
184
4787
637
8381
6012
9214
7910
5843
573
3966
7438
10149
1060
10333
8255
7173
7435
7417
3790
9854
8247
5157
2951
2981
8821
9712
1313
755
9418
8437
3722
2598
7125
3820
7704
1630
8207
8569
2208
7051
4125
783
3100
9784
5232
5668
7105
767
7197
4356
5427
7637
4719
9414
3480
5085
2775
2434
5427
565
9412
5309
1996
1500
5811
2942
9151
913
6109
9719
5353
10323
4395
2269
8737
9926
7246
5325
5262
6170
4168
8681
9623
860
7764
2472
8336
2683
235
3919
6491
9065
4071
8745
8106
9530
6419
1980
3605
9223
304
4677
6373
5848
6267
4345
6257
4753
3945
201
2619
1081
3127
10258
5348
10030
77
3139
10358
2061
8591
7463
5553
3250
1090
1837
10257
4233
7780
6020
7003
5440
8604
7753
1323
2908
3749
907
4320
3998
8170
2926
7173
8045
5272
3690
4555
585
45
10112
8770
4986
434
3967
6191
8779
196
3768
5673
2035
4542
6957
901
10002
10141
7774
6866
3286
5279
9858
6369
3142
449
9052
1494
3235
5372
1663
5154
5172
9571
5834
9452
6847
8962
5957
1659
417
6369
9180
8852
7183
9135
9299
4673
2284
971
1477
5875
9006
4403
387
6123
2050
391
8295
6531
4639
9994
2169
1957
4328
9226
3366
359
3197
5234
3188
4368
7173
1163
5635
2890
7405
8888
539
3245
3121
9044
6373
816
654
9321
688
5895
5315
5176
5160
2686
3399
7524
7094
6686
6797
7294
10083
5352
5193
1085
10056
5054
7954
7065
967
4070
295
9691
7207
2270
2816
5826
9247
1400
8022
2953
715
2478
1108
6484
2048
9486
5343
3730
7916
3598
9588
2651
1951
6307
7785
4433
6560
7133
8582
5804
4333
9976
3882
3301
2682
10028
2356
5836
7895
4109
2862
9884
5613
4157
7422
777
9947
3432
7632
243
8561
7652
10110
5522
3162
8036
1032
3285
7182
1828
5895
7679
664
8625
2775
1334
6548
9015
8848
9007
3283
6494
2651
468
4262
6702
4066
9581
1130
6866
5337
2895
7882
4232
4198
5445
2200
6905
6288
8277
9164
6307
7269
2126
9119
5671
3970
3417
2192
6536
8168
2400
2536
2614
8744
5093
8438
4072
5862
1962
812
3079
5338
5874
5756
7097
9635
7367
7120
8959
9224
5819
8119
2284
1379
8875
1837
1769
248
6230
8900
6787
4641
1107
9855
5913
9887
3153
1492
2367
46
6828
5439
6670
727
5834
1647
4497
2037
4058
5723
1337
6253
2338
7723
925
3779
2004
6512
4019
9309
3565
8389
5721
3837
5182
4359
8145
8746
9501
3102
8477
5325
8158
9345
8069
6085
9703
6638
6075
5156
8681
2207
5296
8846
2479
5119
1963
8275
4146
10299
1917
7261
7329
2319
4283
1749
5788
9573
4465
10187
7126
1851
9789
9803
6964
3572
1642
9728
2957
6474
7500
7774
1253
6773
5544
5881
1573
1110
9592
7950
2054
2376
7224
1045
3012
508
5161
4422
7397
9948
1632
8156
2164
4560
8712
8901
7927
363
1551
2992
6952
8537
2819
9771
8417
9920
6802
7638
865
9496
10133
8916
1441
9970
5869
1093
2744
7384
8100
2523
7581
4591
6860
4575
6901
7469
5399
4018
6152
2834
2098
4395
1597
5755
6283
4946
6930
10176
7853
4009
671
6462
4432
2588
4455
10022
7727
2702
613
829
8124
348
2272
1877
9150
7840
1097
10286
4848
32
8414
10144
5309
6657
8185
9548
8350
5548
2300
2758
10131
9111
4330
1424
9591
3843
9308
64
1470
913
3334
3278
7936
5645
7041
7120
5802
2481
4312
7136
784
1810
3277
5303
9347
9848
4348
2556
9244
8930
8976
66
1747
7040
1928
947
8383
443
6763
1538
2297
1330
2953
4093
2535
5957
6552
5462
8473
5679
3582
6110
1661
7245
8161
7434
4160
10144
6385
9932
6475
2961
637
6900
366
3244
1528
4688
442
7758
1025
8972
134
8843
2917
5070
10080
1964
2222
7478
9152
5780
205
8010
8094
2653
4072
7913
8514
2009
4366
3882
3543
9679
9656
7665
4367
6299
10066
3995
1749
9844
533
7981
8404
3080
3013
8477
1354
4274
3433
1686
4711
7281
8557
5251
6997
4537
4503
637
8296
5438
9580
2137
4341
3104
2640
9856
8495
9826
7322
4634
523
5579
4001
3847
10116
7270
1147
6683
3224
10283
6764
2520
4875
3744
9648
4579
405
2515
4682
6797
7141
7542
9605
7968
2197
9104
7158
4476
9811
8083
9064
3582
4442
10214
8222
7468
7808
9858
5858
4837
5631
5153
7218
3069
5657
2169
4101
6821
3484
5721
7439
6238
1515
417
10168
680
8192
9617
8669
5617
7192
8142
533
987
4102
9033
3601
2244
5014
859
2563
6419
6090
6299
9318
9687
8465
4401
5110
9224
4406
8964
9404
9653
74
6886
1611
764
847
4935
4494
1597
6093
9849
4521
594
6164
5513
2965
497
5663
9058
6630
5388
7023
5140
9158
10243
8761
8157
632
4089
4716
6244
4168
3218
5962
8518
9507
4221
1978
4925
6191
8383
2124
6894
4222
4829
9194
4954
151
8292
6107
8787
1649
3948
1676
1012
4960
2962
8179
7652
7085
7466
8358
9942
1502
4094
351
10268
2877
9803
1239
8228
2819
2555
6627
10215
352
9225
5088
1076
169
8826
6569
7467
6607
3719
6473
2222
2732
1343
3969
2752
1790
8426
6210
7122
4185
751
2662
9974
9430
299
1373
3119
9610
7603
9797
7841
2786
1342
7472
3099
5433
9992
3304
8037
9470
4804
6997
2859
8418
3048
6749
10223
6679
6535
6789
7343
10103
8304
7070
4860
6810
7401
1421
2484
539
2885
236
456
8624
5663
5409
2084
2624
7950
10164
4589
248
6016
2437
10158
1857
3683
4587
1450
8280
5301
6427
5289
4577
5339
9334
7615
5457
261
3053
10083
9391
9245
1488
21
1340
1591
6992
5204
7241
3733
5359
6081
5297
260
4833
6159
1508
5653
9390
6101
1241
2950
10093
5679
5646
6554
9127
8050
848
8631
9370
7684
3072
5887
8439
4986
6570
4663
1611
5415
8017
8969
985
9559
10251
842
5235
5540
58
1485
3442
5021
10066
7890
933
2938
3737
3469
5200
10327
10226
6079
4878
9129
9162
4429
7598
8824
8592
8038
3548
7028
8477
6486
4539
10249
656
6927
4262
4008
3949
9134
3210
3778
6946
4585
3565
5116
6459
5859
3611
601
6082
7096
4114
2708
1880
3093
2556
5358
8276
5996
9758
4845
9823
246
4756
1570
660
6684
9960
8852
5313
526
1923
9500
5512
5452
8611
6579
7827
7452
6185
10167
491
3881
8226
2503
2835
6711
1340
2000
10183
571
7665
6560
4293
6064
1514
6341
1392
3232
594
376
10145
9335
7708
1385
3429
4962
1772
6002
8942
8178
703
2070
674
6287
7305
3639
4701
1347
4324
8681
2721
2073
222
9030
474
1503
5620
5794
9311
4002
386
9473
2200
7006
1363
6954
80
2758
2494
8457
2703
9397
883
2069
9711
5142
7879
6611
7625
3939
7935
8046
4597
7182
7926
8096
9777
2089
6907
13
3102
7311
3715
2908
3151
5937
7570
7446
7074
6477
6512
319
4904
10112
3717
6352
2006
1812
2119
7362
1602
6665
4224
8619
1451
9240
6465
4507
7393
967
4946
10275
2420
43
4770
8621
1375
5210
2612
2583
4507
8794
9642
5999
2418
9814
6336
3989
1362
2152
8911
684
6213
3861
6723
8387
323
7282
3377
1093
7216
2254
7404
10297
1407
5867
3749
8961
6717
6554
4267
5895
9652
3565
2695
1188
9573
3390
9438
5971
1367
5662
5796
6415
9427
1856
5434
4793
387
2254
7820
8924
9862
5285
8443
3708
437
6214
9308
6995
8016
8002
103
2560
4000
6706
1215
3610
1418
315
4123
2383
3058
1424
6024
4673
7950
1743
4869
4947
1389
1334
9237
6458
5289
6392
6334
4335
3656
9668
4877
9949
432
4918
2402
718
5200
2846
2205
7218
9910
6775
1915
6935
5215
1217
8574
9136
6938
10273
3891
3101
4103
1071
5783
8308
3800
321
9175
385
8287
2949
4704
7725
655
1003
2329
2569
6637
4847
2262
52
5257
8407
950
6990
5232
4066
3009
7003
7985
1738
7967
1665
9801
1284
2391
9627
10254
2729
8347
671
7445
3233
590
2974
9799
4947
5094
3424
8018
6154
1014
6859
4278
8554
4692
3583
6310
8010
185
6147
5199
9454
10378
8036
5879
1894
244
1586
762
8742
7424
588
7838
476
10161
160
8291
237
8568
7586
2372
5354
8522
6313
604
402
7144
9235
8036
4957
2002
6016
6242
4056
1615
4502
7747
5286
8516
3281
9084
2858
6724
789
5295
3408
3411
7768
2040
1768
6005
6662
7781
2125
5721
1858
8678
4487
3342
7740
410
1967
1327
8797
5788
3201
4250
933
6401
5665
4164
3311
5847
9576
10347
3839
2598
7843
8133
8846
2661
9569
10382
1800
53
1261
5777
3818
9208
8212
4641
1603
2900
9093
8737
9309
4009
6420
4802
6895
9205
4814
9549
9949
1717
9640
5525
5466
9164
4097
7728
6991
2628
119
93
9929
4611
2580
4064
3903
2502
1941
6308
7697
9556
8220
9490
9599
8675
7956
4271
3409
8334
6654
2740
1323
1676
9050
2778
4698
7112
8026
3690
3002
4336
5020
8469
3271
5571
10007
3406
7939
6492
5706
6877
8549
10091
6222
1103
1411
2977
2091
7497
1043
1636
1370
7379
5634
2690
481
470
5386
4263
9805
4539
5502
7699
8812
9067
2377
4397
10044
10224
7239
5356
2120
7519
7039
1789
3095
888
2694
634
10047
6371
8889
5881
7970
1784
10067
5992
1157
6204
4779
2940
48
265
758
8551
4837
10223
3217
6059
7477
5252
1575
7722
8320
8067
1340
7020
6710
7411
6403
10190
5050
2408
6133
3588
7053
9832
5658
1360
4848
4761
5359
3906
7220
6872
3664
2652
5049
9396
3247
650
6031
4248
6840
8479
9402
2685
51
1970
12
7104
3958
7664
8408
4799
3890
2755
4395
6474
7562
6140
9055
6775
2705
6374
7054
1422
8733
5705
266
5920
5672
3479
7102
1195
2051
452
9187
1056
3318
7686
9455
217
1676
255
10366
2751
4809
1012
2262
4358
4715
6458
8657
3879
3327
9608
4396
3974
7491
2110
10296
3532
3061
10217
3034
7623
1244
1087
6325
60
4290
3180
942
5838
9596
6031
8931
8605
3915
2481
331
5892
1034
1169
1948
8859
564
6827
177
7394
7034
3097
1563
8605
992
9066
1559
8818
6038
8135
8916
93
3356
6458
1540
5707
10243
8124
5961
3342
8020
6184
2808
1955
3460
7455
8671
3350
10080
443
8338
4830
8955
6718
2218
6834
4062
2696
7023
4398
8136
9545
7691
3574
3438
8607
8993
9135
6612
4233
1252
10161
6511
5409
1111
8228
4092
498
1712
2647
2033
7047
9664
9173
2921
5954
8577
4875
10150
4399
3658
2370
2212
8705
3698
8914
5525
8209
4739
6175
253
5166
195
5645
5870
1692
6251
3698
8829
8272
6725
155
2908
5748
10261
3567
4559
9432
9628
2569
6768
7810
10323
8756
1049
8769
1507
10257
8426
878
3932
620
2040
6097
344
10182
7376
4595
10145
7401
2231
4861
425
210
3881
9425
1845
2718
787
4331
4606
5173
2840
6775
6936
2183
5221
9726
7024
6362
4174
1612
8839
2648
8125
9789
2094
8295
4098
9297
6332
5140
7131
9786
895
7987
4010
6182
9670
1648
4536
5872
7841
5439
3156
9001
4173
5702
5111
3265
3601
2384
8914
9289
724
8988
1288
4067
4975
7299
2797
4187
6433
5416
6527
6897
5700
5895
2783
10048
10375
7784
3602
7012
8956
2654
8277
197
6089
1135
8989
2523
3567
7457
10060
8531
5081
7592
6987
1527
1814
10159
3295
4271
2800
9815
9145
837
7989
8840
678
7077
3195
6282
1656
2983
8329
3675
972
3189
5662
5509
8795
1639
5838
1745
7614
3703
6619
8572
4650
3785
6668
6987
992
8959
657
3110
3613
7975
3353
5366
5089
1120
10160
2124
1164
4162
3598
1019
9445
321
8011
8715
5480
1625
8934
2633
9301
3133
7376
4589
4252
6182
6243
1981
3358
1886
9881
1745
3416
3412
830
7084
2612
8504
8844
10284
1882
5990
8937
3836
5509
5330
1640
4622
7904
2461
2158
7156
8657
8819
6744
7811
824
1525
1864
8639
9296
4322
6771
1949
522
3537
9721
7056
9950
6329
8948
4270
8826
1256
5816
3474
758
5596
583
7032
5560
9821
7484
7493
8007
256
723
8557
259
358
9159
4964
3478
616
4638
7605
4400
3617
3047
3480
7896
4888
4525
7722
1981
3928
8332
2400
9340
9831
9701
6615
6675
7
10361
5762
3896
7880
2093
68
9811
5165
8927
1175
3608
3795
6644
7124
851
2886
8423
981
7504
7038
9300
9156
5868
8634
9432
8954
856
5346
786
1192
9907
3447
2504
8242
4662
969
3434
8165
5237
5543
9253
201
3360
2756
344
6650
2265
7409
7377
3012
7873
9062
145
6728
9222
8677
8194
6644
7649
6136
4271
5389
8768
4406
5088
5853
6420
7271
5870
6405
810
9664
1363
10300
4366
6903
4669
1585
2346
3916
8057
616
1239
3246
5659
1432
9908
1979
6099
4956
4401
8708
3660
7527
9300
1924
3299
4702
6659
8957
8885
10303
7491
2181
178
1451
5964
9908
8280
7639
5642
5918
2386
7459
1016
5927
6524
9664
745
9697
9796
9288
5079
3527
8021
7892
4269
7668
1629
3873
3587
9065
3582
4333
1784
7630
5447
1817
4159
2825
5105
5249
2305
246
938
9245
9354
7207
4596
6685
9720
1612
1052
4379
7169
5446
1170
9690
1164
6929
8699
9729
1963
9812
4158
6856
733
8591
9906
9107
8344
1610
1174
4791
9348
1447
7263
9609
2595
3733
2344
9409
4624
4057
9237
382
6512
5938
2150
5707
9942
4832
9048
3182
219
5706
5751
1983
3097
4172
9165
10067
2416
1245
7258
594
3848
4705
9396
10318
6113
1491
7563
3513
8372
7368
7691
1510
887
8834
7621
2392
10054
8059
4146
10353
5309
5047
9010
1436
4330
9150
10130
9090
3203
4930
4959
1145
5580
858
6155
3150
2459
2727
6231
1067
8295
5297
9702
5933
2793
7263
4356
394
2910
9076
347
47
6682
3882
8200
1223
9979
8993
2102
606
8139
208
364
9407
3352
6557
6705
1036
9465
1479
9887
7123
5953
8912
1719
2355
8290
5777
7728
10273
5299
10159
6153
8438
6300
8007
1708
6758
5426
8957
8940
4614
9804
10351
1281
6949
3555
10329
8096
7348
5020
6149
7063
6262
1092
9371
4832
4409
9849
7439
5811
5774
9593
5039
1747
4397
209
3866
10349
7937
2065
5830
2054
3001
6605
4758
885
9459
1846
5582
7100
7593
7583
9060
8522
9416
417
133
545
4084
8101
8202
9018
6541
9418
8661
2353
4255
6433
9873
8644
4716
955
753
1678
9162
5783
8400
2158
6083
9116
2220
1729
8046
6336
9706
1136
8871
6112
4927
4379
6217
9737
1839
3186
3878
2050
1435
811
2744
4727
9148
608
8355
4512
9939
3081
10328
4675
6494
2410
2746
2030
9109
546
4512
3198
6839
5901
3892
6709
782
10251
10335
7461
9499
1751
426
3156
4078
1444
4925
783
2634
7756
3131
10066
9047
2004
5554
6642
7867
1117
2553
4788
345
7039
7655
4410
4433
9480
6135
8573
8180
853
8766
843
9976
9932
7808
5683
7480
9527
2020
6640
401
6019
2935
4003
6559
10261
735
4265
4699
6213
5112
7199
5931
7285
4116
3206
1287
1110
5267
1089
7335
3339
4565
516
2242
7660
5596
1725
3427
8639
8432
2821
1611
6207
7739
5165
7666
9579
2011
3513
7312
7089
9732
1276
536
5399
10300
900
8099
5452
2400
3418
6925
2479
1348
7971
5912
7377
5495
232
2647
7201
839
8050
7219
365
3349
6738
6274
2169
8096
7229
1528
8799
1179
770
5235
5196
6727
4203
5181
1873
2294
2943
8934
7583
8638
3427
3116
677
7881
9073
6218
583
2704
9518
6857
9526
6934
3097
3786
3136
5071
5346
6603
9995
342
9714
6527
5229
3732
5529
2511
6067
4086
3769
9842
6776
4233
4493
433
4501
3847
8743
4930
4639
9936
7361
1666
6068
8950
7201
3677
5754
6536
6999
2041
9065
9386
9071
4120
1245
9451
1346
10092
6158
1263
5810
8282
3946
4314
4401
725
2681
9314
4315
5543
5603
4008
2851
6441
6794
9166
4187
3140
3599
1316
10005
1482
7391
2143
9866
9070
9883
5265
9495
5674
2169
965
7345
3978
4534
4346
7555
3885
4768
7755
1300
9264
3429
7351
2557
1985
7474
10261
8932
563
7973
893
4636
9651
2645
6755
7682
7669
4434
7154
6127
1630
7027
8228
1286
9948
9311
8973
2426
720
2807
6814
3518
1162
4855
9624
6626
2930
9221
3629
612
4219
1493
767
7681
4721
3680
5673
10161
9665
1632
10101
3750
7739
2834
6488
1893
6607
3534
109
3124
2439
1467
6232
9556
5644
5849
2613
1051
7183
7416
4901
4428
4605
6268
2931
3549
4539
4956
1388
9173
5003
3368
8914
1743
765
4192
7638
6553
7260
7350
9335
3118
1197
2694
10356
3087
6352
6457
5433
4873
6817
444
7825
2249
2236
6029
9507
7033
5291
585
7636
2040
10269
6192
5303
271
1661
9109
865
1601
8640
7969
8992
10022
7005
8870
168
5628
7010
2605
3597
9230
6451
8154
6674
9067
727
4550
7298
2115
1953
1340
10390
7621
2228
5494
20
4068
5314
8819
4566
2550
3822
7151
7605
6077
7162
7135
7262
3426
4412
3972
10096
5780
2432
1562
6471
5560
5168
824
8408
4167
3776
8472
3102
459
6787
5084
7054
1072
1784
1009
3064
4938
4306
5845
8305
433
9242
8617
3104
5488
6998
4585
5407
9133
9464
5872
4550
1319
6135
1219
8469
949
8989
4071
1291
7791
7648
7239
7866
1312
584
8762
4574
5765
6374
2548
934
4984
9927
7119
9877
5202
6142
6010
8929
9407
7712
3406
2677
9441
3963
9823
8015
4010
1618
3857
9251
447
1373
831
8818
10183
9143
1640
33
5376
737
5775
3530
999
6058
4565
6961
2866
1622
609
9626
10331
2429
2310
9509
10383
440
9141
8240
5678
9534
800
6265
1337
629
2826
103
8622
5109
6340
221
1889
3452
3438
5420
1792
1265
4784
3187
10219
8364
8891
8682
9421
3658
5488
10145
4484
1193
1820
96
4831
7145
8828
2048
4936
8526
1522
6732
3750
4297
813
7588
2211
8665
6488
4679
339
5353
4605
2407
2753
4501
4316
9320
217
351
5104
353
463
6263
7740
2632
380
4269
7639
1233
8341
6121
773
7891
7857
9557
10325
9798
6053
9386
4206
2160
3518
6728
1057
3831
3676
4302
5962
9626
3318
6445
1598
1743
1617
5614
4120
9822
1301
1908
1847
6552
4982
229
1549
3587
8344
9126
6276
4510
6625
8864
1343
7392
6755
528
903
5403
3511
7519
5855
10017
7742
6808
8571
6457
5232
540
567
2812
3978
2090
3565
2422
9115
2213
6621
9702
8719
1890
6057
9113
6048
6421
6138
2912
1988
4678
5424
6246
3854
3882
9769
8397
5341
9635
5227
9686
7102
2028
1956
2176
9864
6648
7624
6105
2951
698
670
5192
9354
1019
4849
1611
6840
5137
8824
9511
3669
2369
9508
3303
163
6585
5201
10023
1208
4461
4997
1611
2654
4718
1888
2624
4346
8654
8103
1533
6238
6666
2600
5388
6232
8517
9537
9565
3407
9013
1424
3233
7791
4782
9393
1449
6602
6406
859
10329
7104
8618
9408
6569
9140
7493
3703
6756
3232
4481
630
1959
104
3861
6848
10283
8836
6307
2099
3597
3556
6556
3077
7964
7617
4949
6946
9493
6873
5755
6351
3949
3718
1116
9786
4526
8771
457
3959
8346
9775
4501
6175
4279
3890
6977
5855
1471
6563
6165
8616
8258
9972
614
4672
10314
3655
1948
7062
2108
3156
4533
660
3794
5132
3126
4473
4490
6905
3194
1701
3414
4722
3400
10390
8305
1257
9260
3732
4745
8739
7301
7464
4305
665
9004
6154
7077
9672
2120
1192
1808
3245
582
4072
2709
8070
3089
1640
664
2129
7930
8636
8197
6795
7986
485
1816
4844
179
4735
3567
8295
7902
660
2567
428
7787
5941
7295
1605
3231
2197
8647
6202
3421
5406
687
517
6505
9000
1702
5324
3150
300
370
9260
5912
8035
8717
7166
984
1335
860
8055
51
6459
5144
6179
4083
2923
7014
4801
2860
1369
3185
3803
1427
4858
6389
4170
4219
6014
2599
5391
4209
5851
2878
5144
10134
1568
9285
4926
9246
6563
1020
6676
4236
539
8192
4248
3194
6201
10093
5970
4987
5480
6921
5178
494
6523
9566
3468
4019
2937
7314
8290
7151
446
7165
5908
7353
6210
9876
5082
4624
3658
6747
5238
5338
2967
5183
4131
4158
1288
4228
2126
1769
10218
5286
2006
7861
1338
1539
3064
9176
9441
4348
4637
369
8374
10064
10059
4907
8701
7723
6814
8887
3019
2407
10246
74
1495
6624
8270
403
7511
1125
9092
10215
10384
466
4674
8072
7403
10178
5739
8332
3406
2680
9940
2929
2331
2983
8192
8939
8012
8730
3254
3252
7157
4442
1924
2378
1266
4864
1083
2609
1817
6179
4724
248
8943
8330
2885
7614
832
1826
410
2691
5287
8628
5704
1652
2583
7385
4031
2940
7776
3918
589
24
9649
9138
4016
6428
5474
4285
5303
9013
2881
9930
6749
4864
6908
1401
2459
2797
7448
3355
797
2247
2331
4090
10214
3835
1859
4601
4540
4295
8536
3043
2703
2269
8103
2637
6166
4112
2908
1063
9469
9589
842
7138
7141
1291
7864
2610
7227
4316
6636
3724
5322
282
8682
7114
7876
228
2286
1415
10034
9998
94
6176
2493
851
4975
8893
976
396
6948
6493
1810
8815
7446
9789
6312
9388
4633
6121
5777
6028
2486
2267
7187
5658
8595
2561
8645
3908
8029
6970
3377
8911
1220
5552
6157
1815
704
4787
921
5832
6644
4323
6291
8656
8236
4700
1656
2673
5962
6207
8445
8366
601
7722
5404
7217
1194
9974
3027
10344
2136
6653
8341
2413
7631
7024
534
2709
7963
7246
9675
3124
6095
5714
2154
3025
5110
8162
3641
612
7412
861
9384
9225
8876
4658
6967
3774
6796
3329
5312
939
5317
4039
6684
2230
8622
1709
8105
2418
1359
7751
10349
9274
9314
5206
1396
8427
5480
3823
4635
4744
714
5005
730
3845
9333
1694
3092
9929
605
4499
5868
7213
5028
9862
5095
4647
48
1567
5151
1555
7237
1916
7505
4352
3226
7654
3071
10009
1470
6696
9051
9397
9795
6854
2552
3691
10258
7185
9758
753
8220
4476
3857
9768
3220
9157
6940
3923
3223
9406
4333
4232
1115
9147
2203
3910
398
8809
1794
168
2089
1751
7528
9034
6073
2003
4067
9222
3323
10149
4536
4314
8541
10206
4970
8209
8454
3200
8721
7636
2978
5033
7614
165
3067
5560
7415
78
6143
10174
4902
672
3842
8071
982
8856
5098
7694
6048
9375
8279
5961
6142
1132
2672
5312
7426
385
3816
407
8823
3501
1954
1427
3038
4838
1349
6233
1156
4618
9967
5515
6291
2815
8229
6746
4832
6150
7998
1903
4271
747
521
2891
692
9235
985
4870
9999
7410
5479
8806
5235
7607
6653
10162
2481
2225
7036
6122
8279
3205
6986
6262
7355
7149
7549
4979
5974
2184
2354
2347
3128
388
6274
9086
2291
7768
3584
7740
3985
1344
9020
3570
4102
1779
8063
4945
7872
8989
9980
2994
423
8836
5594
10199
7806
9338
9823
6415
5751
7387
2181
7509
363
4010
2968
16
2573
8949
4355
5094
804
6244
2490
1672
9962
6766
716
6357
5074
942
2096
9446
494
9432
9992
3383
94
8249
9721
6063
3491
6488
6854
5051
7558
7603
10337
770
240
4252
8650
7035
3564
4571
6234
9475
1690
7923
3886
3266
5205
5768
8731
6175
2263
1363
648
8003
8234
1484
6152
82
2074
9001
9722
1551
5280
8411
9577
1012
8947
5409
7119
5971
5501
120
5941
8373
2616
1421
5476
7237
2146
4983
4765
10185
9402
2031
5376
7793
9012
4339
169
3463
2868
9340
7711
1354
8110
9553
9455
5211
8004
8436
8929
4733
4712
6969
3939
4014
4125
3572
1607
381
6015
1933
4369
3
10036
5111
2575
4419
1530
2245
1624
7652
4595
6606
7065
8317
7870
8560
4397
6833
6357
4804
8421
3391
5715
7531
7911
2725
10033
5173
7770
2339
8541
3649
8388
6618
7943
9271
9964
1512
7961
5276
4610
6542
9293
3604
451
291
8579
91
6584
9335
414
3396
7290
6632
4122
1380
1385
6506
4368
4086
3857
8305
10007
6558
5952
8261
1159
9920
3986
9763
1445
236
4358
5714
6690
6764
9750
1709
3006
4150
5023
4729
743
790
6913
8408
2323
8472
381
6872
5908
3287
7544
4789
8381
6206
4150
1337
5965
8320
9004
10
4293
8016
5038
1167
8090
9238
3345
8440
8640
5194
6317
5990
9117
765
7780
1701
8230
10366
3901
4151
8019
2088
4827
2688
7197
8731
7424
1491
3913
1954
9824
3520
4699
7296
4024
7826
1078
7206
7127
4322
7722
2201
10377
2733
3223
2114
5477
10040
179
7194
3120
3523
4170
1685
9139
3979
7429
7277
5062
7635
9830
3457
9880
4479
5164
8868
8897
3689
2625
6300
8730
1368
1407
8224
8770
1901
8288
1518
5864
8465
10169
4600
975
6717
3117
248
5247
7
4166
1827
93
2851
3398
7838
3903
1184
8767
5846
10376
8952
8960
79
1927
428
5546
8744
6261
8242
5525
3781
8313
1786
2274
7311
6499
10029
8765
6357
7988
1068
1119
1037
8244
4960
4048
7126
7092
7176
6223
1472
6132
9024
7171
1351
2320
6169
2473
3871
1304
6472
7335
7366
3529
8655
6229
4870
2630
5801
9945
3715
6075
3403
251
9141
3069
6374
2931
8201
10202
3429
3676
8716
7793
4537
7769
4987
4685
6112
3824
748
8152
8903
5923
4690
2582
4616
938
5533
1861
7908
481
2967
249
1668
7510
6999
9465
4843
5478
9720
3208
10206
2406
2749
8384
806
4127
9010
5799
5974
3791
3512
6813
1973
5510
131
4336
1702
534
4338
8680
2268
4234
8564
8079
4380
6959
8129
634
6308
2192
3406
1989
869
3044
9644
1041
856
2746
4707
276
9842
5770
8733
5129
6557
5953
294
2871
1893
9027
6025
4055
1073
4976
7067
4739
6808
9581
8686
989
1310
4429
9688
7957
6134
2244
2898
9336
3807
6163
8754
3463
3910
6112
1109
3454
2048
1426
3609
6384
8143
8749
9073
5391
3917
9997
8556
515
10144
2231
2264
897
3957
10304
6028
9410
4618
4827
1439
373
7669
5092
4127
6255
500
2718
4555
4512
5088
2591
10301
6090
1534
6372
8702
8914
6510
1173
4448
7950
3062
5789
10055
7169
4295
746
3374
3830
4801
7930
6537
150
9733
8759
8228
8269
2936
3498
3856
6749
7204
4750
8756
5256
160
2734
5505
152
77
2158
3034
2646
3981
4773
9827
2455
2814
7832
10130
2966
8770
8149
7993
4011
1580
10318
1386
8486
8602
3863
3156
593
6150
4498
6939
2134
1048
1758
6386
8290
3238
1195
315
2631
1700
8568
2970
8716
6110
4014
6876
6017
9237
2325
4920
6765
8213
5285
2817
2752
6693
9763
7514
3997
1134
7438
7408
1326
110
1112
6949
3864
4384
4125
6763
9172
2519
8072
185
2067
811
4764
3581
9486
8841
4087
8097
2840
4791
4490
2397
2423
6404
3084
9975
5827
5828
5855
7198
5904
7485
3345
3173
8651
9496
7900
9156
1666
5297
3829
8009
10222
2433
1350
2478
2873
214
8106
405
6947
3721
7687
2627
1847
356
2856
8550
3721
3525
3295
5407
2655
525
5730
9168
6314
2323
3421
8275
1208
1326
1402
2253
3872
5920
6945
8036
3187
4026
1795
3142
8651
2197
6724
9131
792
2312
5879
8681
8659
2521
2058
5117
2994
3744
8716
1403
9083
3416
6973
9133
10357
8470
10255
8538
2770
7217
5342
5019
9159
3327
5189
3267
6888
959
6593
231
3183
7431
6066
9841
3923
1008
6018
6635
1761
2937
6837
8336
8797
240
3256
2835
3514
9453
10043
1005
6380
9353
2288
6395
6636
662
7095
3964
6747
2370
7073
2027
8999
4229
5297
2855
5380
5868
2228
7572
10245
3135
1995
2042
5178
8502
8685
3845
2704
5665
9958
485
6227
1092
9539
7764
10267
1974
9023
4349
3220
2972
3611
1949
9894
1699
731
10007
8618
2226
7701
6977
6853
1168
2411
3065
1863
4995
6022
8865
7503
8862
6728
578
3622
10113
9786
8413
7533
6986
3308
8947
343
7823
8136
8067
1907
9403
5409
2781
1932
2366
52
786
2875
9057
1780
8648
7648
1528
2664
9528
6497
6830
944
7308
10045
8182
1082
5571
4256
9686
6069
9095
1766
10099
8765
8644
2902
7728
2922
2155
7169
6638
8710
10265
4473
6782
10312
5171
7531
9324
2725
8513
4378
6198
7155
5533
6759
4115
554
1329
2810
4402
701
10173
103
7527
2577
10156
6780
6852
6461
2662
5171
6609
9422
7401
7143
4614
4996
3730
3545
4317
1900
6434
6403
4320
9047
5761
9830
7584
3994
7446
1176
5841
9374
9248
2318
263
1559
7853
788
6366
775
8609
9686
3564
3269
1204
2891
5503
10152
1457
5705
7903
9828
4480
7861
3966
6241
4529
7754
7224
1909
2304
9563
8119
2267
7631
5443
3058
1453
5308
2673
8655
4077
10164
7848
8184
1863
1543
5720
2447
8789
5800
4104
8782
1446
1223
3772
7129
4154
7885
6935
9955
9144
5084
8552
8594
2472
77
9379
3608
396
6621
8143
8412
5497
3703
4017
6077
1275
2730
3309
5019
9469
5126
1122
4830
4033
9775
6751
9690
3124
5886
2898
2180
6493
867
3564
8369
3426
4349
4249
6742
5839
6274
4819
5857
8420
778
6617
597
1490
1666
8952
3211
3444
3295
7633
7993
9487
3223
3622
640
5095
6960
2059
6461
3405
291
2262
4838
5687
9416
411
5116
4287
5002
3831
1214
10359
2046
1519
8309
5407
10029
6297
281
712
4146
983
750
6466
1649
2920
5991
3244
10181
7016
6830
3173
9836
5849
7809
8448
2986
3314
7602
9813
10313
3066
7084
4021
4025
9924
4202
8558
3106
77
4250
1266
6650
8611
4923
225
4952
7516
7480
3544
6925
3258
6390
7699
515
4150
7697
9364
7874
9264
7143
1606
323
2792
3599
2544
695
6074
7630
6708
7384
7921
4798
194
1331
5782
4124
3827
2695
417
6060
9414
2806
6643
7266
10316
143
7692
853
730
4211
4137
8766
5914
8066
5119
3560
8724
364
5090
8827
8100
7219
4425
8135
7197
401
1131
7693
862
8499
7938
7701
6692
1546
4194
7236
3367
6277
2002
4601
3303
861
9881
10263
6143
7950
3849
8560
7557
6706
1878
8486
5465
6011
6423
2361
3241
8131
6886
2898
10052
7914
4486
8794
4803
2249
9743
7200
2499
8563
4156
149
9131
4986
5272
6076
822
8161
1601
6679
196
5723
8263
2053
3685
4077
1574
5253
5595
9036
5860
461
8791
7978
8315
9141
8155
2077
3215
4543
6953
6737
9878
9480
2480
5201
4859
1552
4577
6800
4936
2020
4248
309
7219
2985
7854
3197
7699
2525
10297
4232
3818
4160
3933
5082
9208
8068
1267
421
1144
9685
8400
1167
8389
10112
5912
5199
5993
9282
3016
2053
1516
7854
6751
1215
6329
266
6583
8575
9385
6146
5949
7133
7233
9696
9897
8742
6524
1920
9017
9932
46
10216
5750
8637
6485
273
2821
7996
1630
4272
7851
3059
956
2923
2834
7904
2849
1238
2872
1657
2524
773
9683
1639
5987
4072
2860
7438
3518
8254
620
9002
3869
10203
2555
7422
5625
7016
6306
8128
3018
1529
943
7261
9626
9965
4517
5898
7307
10177
4256
7510
9712
8243
8795
6918
4850
8900
4752
6599
5636
2420
1302
446
9656
6346
9398
2992
3674
2703
921
6007
4720
6057
8111
1710
8767
9144
1290
3115
1629
7044
7065
1845
7554
4916
8100
7504
6725
5791
8461
4943
8072
1792
895
5915
3839
2477
8135
2186
1317
5603
3549
9845
684
8522
8622
6410
5674
8167
4930
1377
4620
7079
6169
3125
8275
4526
6022
2444
1544
6861
10117
5393
323
8528
5166
495
7043
6054
1057
4325
7358
2049
8566
2093
2153
3642
5931
5703
354
3209
261
4300
3905
9403
10278
1743
8068
7789
7999
1114
9158
7558
2782
