828368
6535304
6390263
5901028
6701620
1729882
17439
785251
237531
2683926
6839682
1606136
5081587
1063244
5163995
3801521
6589969
1189894
1439647
5978907
1715823
2118095
5579266
7085781
4456693
6781698
4518807
6514603
6379902
842080
970601
1980667
5432284
4339635
2023012
2045584
458980
2984161
3136774
6762993
5806701
6721638
2722043
6619106
3549160
160139
4605519
2012573
965444
3744285
6513558
7170066
2812928
4441240
5718147
3333919
5367489
2370645
5270533
4091261
4280965
2294027
4706677
1740331
475423
5697499
2129932
2248591
5267147
6691190
2696379
5014851
3257043
202696
6454734
4134336
6566337
1513283
2360808
970489
4394982
4310959
2483246
6537651
1418454
4117638
6511168
4227307
1393148
651519
5870241
2840208
1168769
1984011
3864199
1108377
3651101
2256793
1459850
6597289
4903150
578750
3470327
4622900
1784471
5214308
335114
3770946
270
3029227
5833402
7040515
7014133
5702455
1742546
655201
525157
279600
5015120
1382539
5828708
2406205
7069794
5760273
1194855
4175186
3526568
7172683
1357454
4075557
4744063
5881131
6689590
607388
3101928
3044381
504373
5108734
5411146
3500711
4910433
5163161
4298276
3952717
2662882
2727890
1451286
5630669
6957536
5960909
2757242
4254182
5617900
6205626
6311593
1512526
2245016
7145398
3165667
617078
2902925
143411
982265
5819612
498218
5971903
6399902
411837
7143763
4806464
3705421
1898893
3725439
6452011
3824933
5599138
3428582
6557515
4500124
755601
5775656
6889988
6865521
3769079
2887289
1377389
5174506
2313472
5154830
5818784
2533917
1070511
6121961
5669673
4745222
1499064
481645
1293680
4403767
5649825
198601
5450594
5407590
1686359
1009699
6910267
475331
7223442
5338106
6713499
2601693
7244018
501900
1538147
5331916
5844464
4648324
4596671
6301991
6753214
3104088
3154217
2716713
1765169
5053492
1846791
3729615
4263681
4194541
5134921
1348961
5182297
231681
3877532
7111402
3062023
6735438
1548778
4762295
4714354
2824877
2233195
2205049
1148469
7228982
1653410
6343257
5033290
3798511
7146350
3525483
2111
3185568
6835027
819070
6385055
901127
6918702
7234096
366704
3644585
246227
1915851
1173773
1420647
5421969
3407483
2492532
2189298
1721328
83146
3754785
3169718
551810
6702386
6755400
5706050
4502
562230
4077793
2029439
2437465
2608966
2530404
7292271
2441231
5403953
478909
2266079
7156961
3538495
3253200
2762391
5936276
3288079
238784
5052037
4236619
6741153
1918331
3269248
5346873
7061731
1829343
6070264
1023887
6956618
1991049
6474982
4234781
3654105
2119812
5625308
5767836
1452267
4070974
5694627
3404824
264260
4476379
4824186
2930364
6806406
290143
192867
6465033
1589761
5309302
6445287
7239369
3422794
171470
5123422
5553383
4048415
6563449
1467414
1786195
190141
4303036
3814254
6062021
1001054
6360047
6177236
1702301
2342164
2807260
2517314
1633053
6967734
2423857
7150165
4868848
3747772
4303148
3723622
1154911
4427395
4208083
6665039
5659929
3998449
5519244
7090657
298224
6552770
3956228
1404615
1481955
2204505
7028952
6194281
2543122
2520977
3989529
2323613
5548047
4169364
2472974
6129568
7318100
6247981
4853799
2447298
3648354
6721222
2509128
1906164
409696
1412196
2126588
807280
1755591
48886
6980327
79917
6682990
3102375
1265097
5812505
7028149
6020211
6299348
111003
1421064
4753317
6356418
7248511
7019049
3414445
5019192
5291676
7013475
5277086
5508509
481062
6700118
6877381
4245509
5199457
3065880
301908
5995542
824960
5719937
340973
4346091
2458702
506153
3348826
199494
5442527
384436
3358645
3356618
4876222
6628196
908350
4865818
5306727
4628338
2331275
5139283
5121751
4420188
318555
5014791
6033874
1634907
647900
2319353
4727818
4744731
6694633
4983423
5480677
2859971
4305894
4355341
973517
637770
5965290
3094317
5458154
3822746
7169405
7101941
5748392
931412
2165385
3476979
3689145
2942095
4091571
3581505
4678856
2030410
544378
237517
4330014
5972951
4136321
2744404
446195
2450206
3437353
1856093
3721102
1587251
3216121
2835168
4270459
5340016
417711
1123966
5291670
5097801
1650056
1245482
2859115
6886178
3541403
6979657
3081279
7249176
7121940
3055523
3439277
2050371
6702012
1251562
1277338
957952
3864832
6287429
4172274
811641
5123365
1413534
7313622
3258788
3980761
6737984
3310191
5859209
3674262
4422709
3985384
2720258
2688938
4194083
5364603
889693
7033467
1211228
3481262
753307
1137268
4990381
4743949
94088
1021577
6032004
55705
465929
5353234
7246516
7218513
4702818
3962110
692635
5672366
2146553
6952448
286376
5245641
3826
323681
254941
5676059
4757818
2913480
6539071
4227005
3821266
474788
1836300
6109637
6249135
4088977
1905315
160802
1605000
2822140
10716
1007548
978165
5910395
1585040
6164435
3925502
5076322
3631447
926631
3058727
926576
7057358
2262471
955359
214754
3043025
6089748
32246
3582423
1574128
4144368
6131886
1333676
1398538
1031880
6645623
4720524
987935
120240
1110981
132644
6213711
3947983
3211887
5591717
3393039
4561040
6596034
2612728
839049
3232756
2245656
5405297
1657797
2846494
4356026
1990808
4550838
2975423
517509
5996006
1781061
3221583
1035898
2545011
6908148
6153755
4125516
4647026
7050492
4722335
7062924
297242
4270340
4787745
6943199
5917457
7030503
2413459
4621306
2370177
2760482
6916602
3671110
1422710
4676953
4436664
3740699
7037067
6544946
2746069
6269146
4716581
4125060
2720367
2301132
1241789
5967675
5757669
2547040
5596216
2711592
701390
652848
5510124
671196
2672168
2614731
491955
6957766
3420864
3742911
5955655
2130620
1186360
6983914
6434535
6937632
4481560
3910464
6689492
3169244
5770750
3055949
2735709
5990457
138280
439733
2232763
3298555
4932976
2525069
3359344
3235133
1238233
6702466
2855584
2588878
6306235
5097565
3204832
3888668
1191359
3356538
2937434
4377053
4469275
5583376
2989918
908569
476791
1958618
397720
5629235
4185453
5235394
5000948
3180847
6882887
2327398
1062722
3957733
125773
2195372
7173306
3426867
2809175
5890019
3767009
5266232
2857955
2355468
1553263
941787
3843062
4702249
5806388
6040758
4337003
812506
4014579
1721269
7052566
4816864
3492572
4870470
3080541
6925125
2085701
213077
501666
6932980
2703930
3461463
556384
6035335
5338998
6541543
7038224
2396102
3375402
6869959
1290793
2775544
990170
5101143
2960526
2977550
881426
5690856
989251
7305747
4997356
641805
2843022
6561078
6473424
1088429
1744131
927326
221162
2832842
1049885
5290586
2462530
3095480
6143092
782295
765063
150898
5569640
5726408
576042
7246953
6468574
6996645
78954
5891863
1585302
4629178
6726984
2025889
448099
4714830
3038173
6604434
5865670
732297
5562103
1316373
3323681
6389494
3798610
6073064
2700051
336291
373759
2746686
4805493
4906903
1156319
1892712
4162610
4120771
3599177
6190781
6656325
7063463
2388013
2156089
6850632
1550936
4856857
2892967
14118
2456424
4730775
5719268
6869147
7299359
6278953
3531818
5039461
1932278
1584133
2620011
514591
5248957
1634157
603062
3056779
1893897
1172390
1650498
3802809
2907212
2274745
5783275
95818
4195657
4743643
2907018
644124
4876905
435066
1705898
6125307
895159
364634
1643425
6066583
3578391
869268
1423414
795515
1546240
5644811
3650906
1934950
4028005
195654
689134
249957
6664391
1535100
6318771
2583669
7289379
4201764
2901069
3733491
4717629
1433498
5623793
4246212
612697
3979801
3531614
2994453
5639895
5797085
2555041
1329065
3684760
4021958
6194258
5983022
5028365
5715800
6481654
6942279
6381996
4227997
3680344
1988981
5442404
819894
1176658
1131628
7280077
2214438
6880539
2617403
3764328
914142
5312405
6819627
6642391
3549341
4531043
7037827
5382230
6056340
1360358
1796946
3801930
3272355
5433421
3887693
4053291
6686088
4416235
40730
4886488
1051040
1823793
693595
1168266
1916997
4420899
4573868
630862
5397177
4999172
5820395
888964
1546578
2907401
1727664
5568535
2750499
6557395
387930
7175671
2629296
5853251
3360197
1774296
2926367
657346
178118
1786402
5921863
6835308
3758834
3187750
6706948
1108611
1249712
3907942
3353037
4217257
3977482
3325007
1003645
2039487
5465289
3510460
2080274
493530
1215965
5815586
576547
3105019
2127179
5557857
3019825
392924
244681
5314775
5768271
2384068
2213835
7110661
5456058
6818135
6525729
1858705
3969911
3666859
7246152
5084028
1748316
2935975
6763951
5129761
2532039
228764
4189592
3577403
5142204
3294511
125856
1883041
4635962
2668110
7134893
367513
5374763
2050501
471302
4963370
2984283
6387228
110512
5795775
2242026
2006521
3234081
5076571
206438
1254670
6987208
5481327
1344624
6414442
2486002
5053438
7092844
3934042
4375599
2672243
4200163
3188584
341478
534620
3303130
6602523
5746362
4692591
2329881
5978565
3103292
256402
2267931
4154051
6070640
6747127
4963409
7126170
2327383
4449130
3435964
1624589
4094633
6261087
6960152
2523052
534520
5391314
3709258
5537626
1925956
6284866
6703727
4051970
6326068
3570716
75946
1237969
2368340
1431759
2331900
4814291
1220558
4099291
4253869
3096468
6314834
5106826
6875257
2113962
4328074
2469994
7285633
2668510
571751
7107169
4813643
575809
96530
897318
1315906
3679126
3885032
4225221
1750058
4216355
1847765
884839
202141
133536
4496687
2543722
3000401
3797645
5878442
1974658
7063749
846329
4189443
3425216
5385034
5054414
419897
2437150
4462986
3386644
1801517
7263297
4735258
6722592
37602
2969480
3405824
3516209
7106054
847320
3828178
5559649
6775774
4765131
464137
5362796
2680958
1473546
132839
4771917
4667032
3094884
3908155
4740490
1998949
5983322
515669
4600085
3054501
4457336
7255959
5056090
6397090
6667553
7062697
5750723
4418710
5521926
5695913
5279292
500727
4699491
3350211
2962665
4656760
5900514
5832880
4988471
150436
3959070
1733631
5276805
6757471
7089646
1546588
4083515
3299494
3923722
5140188
1723271
1396214
4750662
5951892
271222
5041929
5980415
4144354
7198246
6918750
163997
2696571
867107
3422484
6596472
4221873
871409
262259
5625964
1184260
2354176
6231113
492085
951710
1854879
2774035
4592629
3316132
1296996
1225460
2914732
6838326
5199355
184539
5393520
3263673
5180191
3109413
3749416
4835557
6196571
5866289
2097444
3574223
2442089
804055
2896183
3646565
4722043
1157241
2832268
723993
3539778
2961409
1696727
7100827
4993177
3562257
5855903
4167543
7294380
5469499
2721597
4175751
2795535
6416543
6877726
1399234
3245419
4177314
3756056
7005120
6897673
5410783
268888
958895
5469241
1390852
3907252
6227352
6674262
6740987
5795509
3761950
4826908
5102852
3566772
4714733
3998793
3672373
4023085
4404912
5622573
4469021
5566526
2331801
2232861
4620582
2537120
3986310
2237244
244423
2057988
4328138
460033
4390859
693000
1038985
2794186
3134624
4977295
6601724
2495105
3924220
3685048
3796054
4258236
4968642
1436263
2244083
828547
5383002
1975773
2070033
5016763
4448568
6076091
814986
3132979
2825433
775135
4033895
2303642
838031
4582933
7298848
3032264
747711
3289069
5736222
1565604
1449211
3348471
6167977
6807519
4157499
4907634
5207673
1243665
3685923
5774633
4839851
1796738
2634720
3133724
404130
183864
1785204
4095779
3495323
855683
5752500
5442968
3826747
6280326
5195790
3727259
1369642
5797930
1992928
653673
2401773
3388853
1626587
6838090
2433798
5176163
2905726
5247181
4572179
3220288
1470486
7125277
1660654
1467996
6937505
3585359
6092405
2095833
6639583
6927268
5185766
238192
5547114
1816340
7093404
5123786
4348868
39313
5148732
1858908
4141484
7311253
5506388
5754468
3138175
1738252
4009911
3872740
1716964
3327988
3514113
3212093
6580977
5116449
7140171
4838136
4399105
3292435
1891285
5955469
442147
6588109
5040553
5979847
5566663
3523835
1078467
722126
5212306
5587536
4883726
1488088
1585531
4702703
2961496
3854955
5647989
4843481
854482
1209730
1906206
3128160
387125
2860664
2372274
3039194
1865198
2280119
4036301
2901329
1316759
631670
5301921
5103352
2120672
2041445
137932
2318085
7148644
2406884
6322327
4361761
5996019
4380445
2879109
5458075
2994644
4420294
2049534
1058595
604766
7082486
117749
6624917
1390257
1293002
1294132
4166331
3154126
6509207
3536762
6968541
4926586
2394565
5434200
3499644
3623144
5287452
6883910
5632500
2185025
1826522
1981274
5319355
6203923
1788109
1600295
2275469
2423744
5274756
5213966
3959423
3133548
3642943
292490
5139885
1338247
6035334
6999191
1388855
5347886
1133102
6174992
5257372
2084130
3772263
1993699
3511607
2972643
936269
6160740
21485
4442118
4008181
5443661
740443
5695744
1803889
1319310
993121
3317118
6152236
6215361
3383247
7091871
2461638
3809018
4789423
360970
6165164
3719238
5101735
6122977
4629241
1515549
2009964
1041371
1177071
4982553
2587902
4392848
5358082
5870621
3188455
4140010
4728749
1151785
5880614
3377218
4274842
2627464
1482768
6388784
1125603
7019079
6563686
4418240
6643560
2330207
6695513
2053760
2798562
5106083
5938647
5044473
2983902
1202322
5117106
1254382
5615221
7119624
2564228
4355369
1574844
2581203
5454932
232185
407198
2064512
885335
5646304
6409552
5412566
850668
366468
6735893
2392812
4788456
1601746
5424881
7291964
3084673
1867245
4913547
6215607
3850785
2575370
1308326
6641595
5137180
681102
3408981
4646981
3481943
7110349
5066925
5576511
1196571
3863537
223106
3510995
52272
4617657
6740226
5422639
2017578
5538435
4479765
3815349
2014941
6657348
4459761
5199026
1762314
1194199
3656365
2960520
2243112
2602815
6304827
2118142
4951072
2690640
7245390
2864192
3759756
6618625
859767
36389
647541
1671704
3164954
2461739
7113592
3895529
5038847
1078864
3656931
1779572
7074194
3845479
4913256
3919103
5768079
2769909
4351936
3720072
6489021
5626919
1897996
3876921
1829776
1560851
3935551
6566247
4198714
7215332
457731
271090
2250436
5793714
2569306
160100
2257733
4072879
871574
1560339
112601
2240044
119939
7307445
4905336
6326760
354483
4478119
584090
5584201
3651666
4437992
6567464
4842839
1013373
453713
5191123
5815794
2588550
216173
2182606
3785191
5873610
158055
6978967
5060221
5766665
2168599
6214076
5839134
7271526
3541745
5865570
2922589
3318207
4618120
727284
2652584
2898476
2015841
1044516
540844
3686119
7083681
2069618
2595395
3290839
1236641
1268475
7180897
5498979
6373247
4678524
1549448
619974
6934125
6798684
4244831
4632016
6788054
874694
7205992
4113053
6128348
7288049
2454516
4470144
499321
5962226
4142374
3247229
3686500
1492165
3457880
3271925
323229
3075526
1910576
1842265
1885461
4531156
908491
5035335
4416541
2179893
148310
3128351
548941
630161
403803
4387523
1133986
5016933
5278169
5935148
5223776
6710697
2947093
310158
2442277
4694059
6319219
6939505
4288272
6825524
493627
7181349
2509141
1512636
5960799
1963756
5280733
5807250
6254559
2004676
461744
211494
4387573
5788565
1697621
570014
1890777
7015533
3345414
4709999
2195071
5702046
5451062
3759147
4936987
6320853
634456
3260870
198513
5407357
5339535
5382167
1364241
3860154
5021826
7175028
4892313
5875692
3001649
1315475
4211527
1729611
1831364
4480733
4799628
3545228
4741435
1292891
6358470
603897
1688843
5575468
3983717
3843602
3478564
1883654
3558274
3483134
3132376
6477236
296949
1276289
5558018
1973691
3178763
2291524
1482417
7285601
3805333
2233382
5102948
7185201
176082
2615079
5602326
1545506
6266630
256175
7251860
119290
658103
2712537
902703
6700647
4384961
6152375
4352211
774999
332691
516670
7110561
1104883
4636080
3662776
2630461
2472002
4373289
4414434
2593079
6009557
439983
4955267
3578189
1386158
5372608
1170698
5643621
3425401
5094168
1621785
5084751
6107989
491400
6312237
2387981
1431169
5742475
4279159
3810543
7130726
1783739
3939806
1347911
4639507
1440513
1857446
6435895
461026
3774569
3280491
7181775
6796597
4366044
5530419
1563582
1465369
2610186
1074748
4498694
4705280
2290095
5451445
5100065
5048466
4129845
351651
5089048
3818437
6193917
6366689
1861107
772488
4294197
6200606
727952
3768912
6329868
5579939
6412238
5191267
6935194
1856330
2662763
5189780
253906
1302606
297871
2034448
2853193
5132243
273157
2688056
3139684
2006682
5903246
1215274
4733065
1317652
6972386
5723205
2088989
125781
2379410
1372910
2505418
5636417
3421874
4536606
3328986
2902790
2238877
5552346
1764027
270072
963577
3731047
4253686
6939789
3270080
4890222
2023833
1478166
5414704
5034477
6862668
3971948
5263547
338730
5376274
6936915
1356132
6947140
1347356
418554
3932966
5651295
2871097
4078837
6698113
2671575
720927
6030451
1012547
116883
5624144
6347516
1082314
6584948
2101770
7050734
2228843
6029856
2191686
5833683
3233640
4042970
5116771
2864767
7323244
6886870
5821495
4025071
4981500
4872686
4996281
42711
2113427
7279454
1283440
1446008
7155018
4199253
2456772
5400427
3160858
4780641
3961714
352120
5951524
2202458
3765467
86945
2233495
1473069
2995185
4318334
2315502
6782095
6884742
675152
291121
6420698
5832798
6476633
5179960
1071055
5012181
5612561
2725282
5645463
989322
6651170
1959819
4748613
5065947
4054967
2063123
622727
2081739
3416931
179419
2875552
1009439
5073672
6618767
2610582
6402034
2291433
3649682
3993541
3683826
4545896
689752
4521527
4747293
2099362
3254584
3416836
6501291
4844893
4053434
2635090
2781501
2429988
7248138
6127686
5664151
4446846
6908535
5184319
1863679
3800232
6712032
2553921
5629767
4536546
6691734
2510779
3701751
4748973
1917939
3855985
7143604
1888830
7074569
7262976
5803020
4369586
5057726
7169934
1110827
6919648
3316051
1647461
3881122
3126306
5645317
533610
6965623
1879448
4524052
5206576
6143685
6632238
2355123
7283420
7314951
5228952
4942047
7110028
2866580
3340330
7314974
812179
5328201
2554097
5741448
5412228
5234665
2616295
1117866
3667020
7113660
386894
2188311
2530823
2789976
4894426
4600439
2639851
1745494
2118048
3651294
4899951
6959610
3014382
1379538
4197330
3459037
6756320
2249080
2692245
5314013
3424423
5231184
4447177
348355
2328901
2354477
76741
6679756
4687615
4715174
4178478
5773554
2970986
1323182
1331135
3434481
4120125
4465933
1558768
6163108
5595473
6170082
4681499
1587343
7288959
3817117
1563423
1961510
3713968
117582
1099738
4949944
1116071
5951707
1120054
1364303
3917771
3631012
5313308
59422
226196
4239500
856576
4549143
4775198
2531572
838577
2461762
176155
862110
6336345
6869097
1742211
579682
5256514
2300226
6321632
4638753
5458991
4486292
359851
7173076
2643821
863969
5153605
1994416
1280044
5523184
6505429
3481935
1503936
4536208
7115883
2305118
2679288
896093
1284834
1374157
509532
1083298
3138477
7210610
22606
3135191
5607296
3888110
5521268
555548
7029093
4059016
5184916
4778245
3768318
118109
755526
4835755
1618486
1314272
1235579
7081474
1509922
547335
6994804
1919510
4034255
7235327
4431343
5028667
1630297
5853197
1330562
6456909
3648045
5967777
6974221
6654561
2358782
4691424
2750978
3070240
2285452
3405790
2693956
5782637
530748
1993400
1130760
4355063
3043097
3273882
5489760
2142131
4195626
4741750
3605442
3063469
4966529
6711079
6677304
2191662
1520503
2051121
5486511
3376001
5084138
2591045
5393609
1805097
4026164
7238081
4482367
3763488
956351
360299
2003243
4730896
4285369
95704
5849839
290467
666231
2039636
1040877
1928731
2338900
3828277
3695472
1261245
4940018
4775247
6113467
6906494
438605
1564165
19836
2792629
11208
2665958
4899547
194193
3346048
1158456
449590
1688237
4318951
2644102
5930956
4498500
1041264
6369212
846431
2133169
3261627
3574980
4511111
5069309
6784682
4220829
705102
4619107
2249205
1902709
143766
1234350
6119649
5004328
6576203
4821827
3347677
1454300
1497628
1000498
1118322
2559830
183645
1640268
6926063
6139106
5292734
1547170
4409654
14093
2499330
4350974
6748257
184978
3223665
5881587
2443528
1670279
1789646
5223220
5693430
2872363
3974280
5363235
4121111
1579002
6659809
4684005
3065497
4306620
2558254
242311
1581261
6517168
2668482
4603637
1037061
6216011
6553509
3106091
2754481
4956340
5881436
3669627
4657225
5287418
1656092
6839353
5840588
333928
6763984
2033717
5489228
938612
3169658
3943803
4666634
4725353
220166
642823
5221462
4914792
7019255
1952086
4816115
2774796
5423018
432881
713262
2917750
3618287
2665323
3612063
5117964
6196223
5963390
6473794
6249585
3017690
4349862
1540664
2515148
5735188
6088249
6526829
6207463
6517931
2571868
4046629
5286081
4910081
3703557
5156138
4896483
5692455
1243653
1286220
6958598
1856446
2342028
3965297
1268985
1143991
6135491
2845694
7224227
1036824
6216184
7259350
2978822
3529990
1105705
805903
3640354
4836905
4083872
7048925
5684249
4523605
2374
6845269
5909940
4184237
6094871
3152654
4194831
958145
4506365
3347690
3295525
5325613
4904374
6804064
2670458
2471260
2106974
7256356
6078045
5720871
5668212
320529
452622
6251507
5379836
1181118
4869489
3073420
3927655
2781099
1905076
2072321
5307384
2312554
4856851
904153
4258266
7020183
5807762
2451816
5175680
2776182
4917524
2729190
149705
96210
1803121
2590647
6910295
272146
5168674
1283451
3534777
3386846
6967520
4513152
5891229
5230534
2651197
1095768
6416512
4553462
4513758
6442623
1891180
6365789
1084744
288645
3842425
5010293
2938959
5864894
383648
88765
4440184
5897090
6772996
5353246
6523977
994754
6495765
6973460
4678380
5691827
1970925
3435331
948422
1195353
6167987
3051838
4753882
94445
3800724
6785470
5055597
2220299
6248545
6500412
2541075
6322232
364522
4409826
4328853
4654351
2874328
4549659
2597996
6463563
4462323
3022603
6041157
6153155
4054155
122063
3050669
5087297
2272791
2225032
6155726
2325887
3795051
1917451
3151039
2593558
1806948
2006228
3473240
2898407
3145218
6391592
3352255
5601781
542573
2523094
1496191
6582939
2082185
2782941
6476930
6183404
6047394
2013392
3864251
1492775
6728224
5442696
6361364
149173
4645452
1178749
4496593
6868665
6784058
4033612
805145
3286474
1313276
2683358
6817435
5445586
7169227
2113041
4448627
115383
3422226
2227267
7098078
6350099
6713232
5110759
3654740
5429838
6845159
6094428
6709379
3510189
1387973
1631196
5957522
2511927
1055809
1453979
7295158
3750206
2727032
1078815
3709291
6509475
3649750
2582664
5151610
611895
6177599
150046
891205
1030751
3291837
5618348
6834945
2443057
1426844
4359447
5184557
3238033
3424953
5436068
6876163
3398907
785194
4583734
4798316
2604607
1059323
1981851
1692449
767865
5361133
2802452
4154506
3567132
3492483
7127783
3100957
5752848
2596545
2478269
2557182
5887677
3125155
5089517
7247906
4623726
3877775
4895931
4298193
4110230
2290788
1477875
3973191
6386862
1134478
6076398
2845679
1301878
5293298
6095664
389628
4578229
4490652
6883161
5650155
6007989
5314639
5208862
6112869
4194760
3667801
6426291
1987134
7286955
2142539
6765355
649272
2096310
7215601
4832075
261389
4866143
5198925
4074724
2470951
3141643
5783652
270697
1061777
4122783
5031001
3378540
2532037
4455274
3404383
5993557
427976
4031549
2813802
6616734
6962576
4572191
5534806
4965407
4086560
136967
2580224
877346
690000
3928519
6343292
6842998
3681552
857995
5001528
5158594
6910733
4200600
6829277
4686262
3332405
488828
379672
3132211
3366701
1804397
3773871
6595799
4458448
1067486
6967687
1632268
5003419
6237750
3588469
2137976
820505
403943
1695983
3045616
5688968
3574471
4463135
2366924
5939516
6297116
2303884
1152752
4071051
264367
3824729
3460978
2074514
3640729
2326004
4311077
6369174
4534266
5741387
3865532
3004622
3191431
5966335
6891615
911093
4110008
2217075
991877
5125751
6391633
3552829
4933379
7292646
1510385
1092563
4551897
1009136
1114718
3050896
3171524
5783920
1218629
1625352
3197431
2678143
5779984
1480816
7159328
5711102
6616842
5585920
6784545
964813
1906890
4619837
3206647
6784273
901432
6502847
6196278
5508913
2622940
2718504
3491542
4659701
7186930
1090836
1604995
1172321
2098202
5840609
3601824
370345
2458858
5797927
4265431
5785290
1700990
5196949
1343338
4643029
3154098
1796749
247352
1898142
3788612
5425993
2801085
834252
5203617
516308
99344
4910238
2132200
2504129
5729959
2235668
7036868
5698113
5989955
530908
3408712
2224052
3071568
4303405
3335968
4482317
964693
2879137
3418372
3985130
348904
5082372
3585251
6156079
1992571
2117889
1282829
1895550
6369353
938493
6063120
150479
2096046
4880903
2208200
6723607
862676
6806323
3634963
2332742
2696769
3830504
2504355
6598878
2735589
7032225
996784
1174526
3294877
6525498
2363492
4715690
5827268
2446662
5397600
262562
7204585
2613570
6669370
6106058
6306866
995105
1904573
7193145
2592028
5756484
2086374
6437742
113320
2722797
6585471
6759025
5035205
5485085
2334479
6872471
2587824
935530
3516862
701609
4054592
3764639
4096539
5221441
6759397
2356413
5097972
5370978
2568535
3984426
647024
6432085
5731114
887464
5662950
3629104
6057980
5842773
3859859
2202829
1803386
6397534
2094151
250303
4109805
2003191
1848050
6860312
568986
4491196
6752052
2689592
7149504
291271
4551564
5069787
212266
7239653
4821053
1377781
331814
1893887
7137466
3110499
997168
6658953
1838032
6196534
5353985
7251169
6570016
1865182
5025831
1072112
6014769
5723787
602994
642963
5298244
3521566
6786548
4883089
4708092
933229
5567484
5603546
839006
5687931
1724967
134993
2225625
6535990
304420
5776260
4654969
2284724
5130191
3167950
3540584
6290271
485220
3342724
841810
5498243
2786416
2283329
4631600
155651
6390052
2776408
906524
6611821
2382950
7120518
3309597
519721
628956
769868
4625593
4712829
2965642
5808531
286691
1186665
4100492
2977598
5897816
4795872
1387551
4578539
3721256
671921
163506
6504646
3838559
4117364
5419347
3925424
6593155
3877528
1343793
6985535
1949060
2598890
1670588
667242
1422423
7295946
785512
5848635
6576470
3588787
3884428
1745064
5953129
1050744
4979019
6616244
3616246
1168487
1022390
541197
156283
4279892
3404755
1556536
3633213
1921148
5072908
3222652
1865270
5428992
1241773
383853
1461176
2625712
1140837
1698080
4024800
1315945
2545108
3400171
6388892
4244387
597603
6012471
6864201
4024678
361191
721778
4185178
2625544
6244825
4067633
6211564
3694756
885812
3215438
329210
6399796
426324
5282403
1092187
1340967
2721457
1093839
7154549
2461738
5113109
6619009
5538496
2472429
7287628
4061698
4903965
1204598
204763
3192668
264235
2517375
6837659
2819351
2944442
1975008
182081
4720612
5499876
5577210
3607666
4137208
2743428
861924
6628215
7207473
5463570
6937624
4899100
3493067
5176262
773652
3276926
4941386
5406374
5788363
4331046
678704
5448614
490422
4575400
4004490
2395982
5597297
5076958
3611806
6014295
2737254
4840905
4585921
14163
1430991
4155917
1176121
7186402
474979
6246021
3030029
574970
6156143
1458742
3886108
3998602
1577703
5037997
3317592
3096255
4867759
5049610
2910851
6432917
2393907
4522187
5605515
5135841
3696803
1670851
637764
6175436
4257220
1860427
4997562
3794995
1945483
5358638
4824838
3846940
4881338
2834554
4441604
3678437
1548913
2584089
6658792
3562306
299038
5331079
2952425
2154680
7034813
5457054
2680050
2598457
6326754
82937
3557601
659583
1908214
5062333
4038370
1445773
910952
2435190
5582732
1666081
5139505
5298762
4151216
6348512
3018839
848776
479626
6588451
2534628
7075961
2235284
6712270
3194282
839734
3226125
4573507
4407294
6256062
4126933
571129
4102086
1234528
499546
5007726
3462731
3112569
4591274
5400076
1100046
3582548
602222
6579275
6082184
3911480
3393375
3237610
2670940
1096523
4008503
1742872
7105803
6435987
1924207
5065981
971713
1952305
2928828
2711852
4349601
1876375
516164
1678608
6317870
5354616
238674
6797902
3450205
919851
5461043
4764059
84402
5012646
1454593
1386733
4058717
1024145
1307304
6678598
1978074
3441020
259331
1670311
1084618
1634664
6153121
5432920
1633005
230768
6564276
7256028
6381507
4138234
4492671
2319270
6473408
5203303
3853684
5290241
7062745
5522953
3231712
2559578
1905810
1708881
5575644
3234076
6103637
6455770
2301065
1947995
937626
932184
5411750
1677232
3485454
3244173
4257500
188901
3951529
6892927
2817611
284573
7263626
2416044
2033662
908107
3653260
1019193
7163620
6102016
5506288
3981658
4305491
5976828
3030642
1166487
515440
5566250
6263056
6124735
1827004
5042121
28847
2914028
4232198
6964304
1822806
4636232
4229961
6890190
340997
3174112
5833870
2839610
5471831
1139072
571601
6785295
6176231
3681944
4738568
1249462
4549368
2841960
1155554
3177224
1275449
876964
3276100
1400769
2911094
3200397
2375297
5743420
4181192
5014786
2707197
4773456
374294
3602856
5688477
5578233
7290697
4350281
1844196
7170555
2188750
1555355
5249397
6505657
6168165
6962946
5631870
849347
3153473
6098363
3959540
6961486
5304278
3844973
3703287
6196017
1012581
4932670
2295764
1665923
4822736
3390577
4412120
3073033
1436285
57500
4020693
9664
6608811
7270347
1105594
6777657
1914581
2200902
5632707
2117103
2100562
5783618
3656016
4886538
6925847
3911967
6807268
391300
6865593
470303
5915982
6469868
639941
5617258
2490219
5135246
5034611
4326141
7093557
2441452
265303
2950380
2048838
1151929
2688143
3078393
1797316
6246023
257151
979248
7110663
5417326
845407
5164925
864988
6139830
6683973
978177
1863536
5502332
3175563
4671202
7229270
5081439
506187
341804
511665
5453359
5506056
3830038
7001165
594467
2089230
629321
3029187
5419019
1532152
5193321
2763485
489382
1286776
6668410
5764647
2527795
4715499
2728037
5354475
2501065
3533448
5780046
7178158
2177409
972293
2396290
216586
3007911
2275436
4203753
973801
1751806
3196113
3388072
6218850
4613231
2767054
6943551
4587046
2599959
6675170
6615928
3284833
5356863
925661
1412496
1614014
4847896
1530615
4613972
902612
3937927
4201357
5515623
3674711
2660052
1401086
2594272
5209534
3033844
5709531
1247390
4911741
307758
137787
5307120
2981195
1303695
3518099
5600126
5806814
5212796
382995
4204513
549652
6959780
308474
1303432
6539703
4215614
6767182
4511337
2757748
6853239
4874953
136627
318858
6757369
4318337
4884749
1687695
5260251
5852115
4223932
6062626
1864217
5407949
5534787
6880951
2567017
159776
5423755
2720827
1277433
2486989
22510
1922178
5846391
507354
5774775
5452419
4166762
451828
415248
4553287
7175665
6007356
2812226
1774039
4651937
2398118
2251884
5384614
3093566
2226477
6755689
1869855
6077061
2045454
6695483
2014684
5852415
2506184
7135724
974519
2425487
125421
7145125
3072488
5462324
1571274
6972126
726707
365408
676272
591684
406562
4480712
6980599
2378108
7023209
3036550
4122975
6248195
1377625
6164773
3259540
2637974
1953309
3596829
5049505
1642578
673197
2793067
1641372
5670165
6705439
5940245
3678489
298857
515516
6101356
4075589
630289
2688399
5950492
5774056
1358096
4789404
2705896
3221584
1082809
3034051
2197565
5466385
2001426
4811481
4213159
1294809
2118527
4242196
960104
2768978
6282814
944248
70159
7196676
2996347
2654465
3340218
4127232
5161981
3133759
5429621
5790262
2474886
5505976
5964214
6835066
2440443
2861823
1511185
7132231
4899081
1846173
1154139
6022575
1171503
391709
947526
3356592
6939969
2042593
3234683
325339
3538722
5167489
5198101
2597057
6681933
564726
5253582
4846507
4322868
3768178
4333823
1434296
4042389
1966663
25379
1826763
4671111
604972
6103287
6240155
5124866
7241714
2364134
4289693
357508
3862507
7155583
5855810
2062254
5906245
2258002
2735950
4922395
3072725
365410
3151768
4430339
2259410
3530354
4372787
2038174
7260701
4264452
5410931
2921822
6526836
6506426
7033009
1217219
4458523
6221464
7030877
3658106
2813381
939137
936443
6188440
118477
2777954
252923
1694802
2781039
2422736
3159857
4112891
4877979
6604432
5827285
3593635
4302224
950134
2671432
1666928
2366434
4896692
3884282
5806900
3610415
4246839
3190933
6031248
2831673
4145675
6287414
4881058
6304606
2421571
3275077
5656723
2598598
3387714
6217333
2165644
5767955
2375928
2332389
2679429
1808979
2355470
1715455
1623583
6674715
3646032
6633074
2844939
4339245
931249
5826632
833520
1576998
485959
1485081
7226337
5041756
4039041
1843824
5096837
6762842
5229584
6617476
6209769
2359990
551748
1581396
1791775
3918415
5573140
556059
7061227
6577004
3160362
3866697
2260062
5048710
2134260
1926583
2272248
6633103
1193182
5726662
1193448
6098868
3185174
5850399
901767
2812852
1880805
3681473
2497461
4614125
474336
4708935
4631398
853049
1477972
3369555
1265310
3205510
4643188
3864544
6504243
877964
3447822
4744761
6241936
3824
1118464
4085088
6626873
2910380
6794605
3912867
3068297
1691993
799994
4712757
4920132
5599383
4239669
7114283
5129272
2883452
2013521
1684774
2472052
2452925
2693240
2377644
3348195
5357094
2065439
4073835
5576876
6711387
6820514
1802750
2427002
3078031
687905
6868541
4878478
3566635
2934768
2270467
6045706
4193665
6302952
4381643
3851755
2278513
5834141
5211406
6764797
184091
2868873
4535568
7070496
603290
1257145
5662525
2491279
5973033
1456093
866786
699313
5150806
4208499
7123241
4400922
70009
1148787
6862215
1328468
3138205
31835
5684582
405610
1586773
716843
2609374
4754054
2328365
363895
186202
3073851
6111254
1763739
1510072
653500
4906593
3849211
1575199
673188
2117879
3079948
2081453
5482037
4733891
2581225
3536836
4111871
3690201
707481
3845749
3199688
6309446
5728674
571212
2794697
1654584
871776
1619413
4710119
5331778
5741796
6795556
4542172
2328770
2116106
3365785
586673
2444248
4402825
321559
7278783
4472304
1829380
2394952
5109876
7054776
1108416
4006432
6458965
4232223
4840372
2762534
5677127
2878370
5756324
1373168
2777216
1840422
752951
5517770
4525142
4975837
4121304
5382615
2571129
1804626
6738934
4023234
2618681
4386823
5112840
2163356
4826262
780280
2053443
3437907
6463383
5372351
3525594
1672999
4416793
2614784
3064484
3216985
1173798
1439957
968139
4710364
1544425
6921221
352010
853982
4151278
5935703
5825560
1719602
2908162
699571
6739186
4963095
3257063
531519
2217795
4934077
1371451
5306094
3029374
6568344
3307367
6604579
399517
3169830
2338243
4135630
4153194
912397
6376690
3639753
691038
2589290
5993460
2814997
4453408
486703
5933762
2016602
45703
6129027
4105343
5544214
3281438
6104858
5285059
5590336
6887728
2521992
5095469
1803514
2919999
7310229
2568500
5161516
263827
1133792
7209962
266103
4815147
1307246
4685531
5723983
1021869
6055617
2217955
5484424
6203524
4959523
1210457
6907766
907656
4308697
6089416
3604703
6788706
5924182
4203317
4105321
692004
1365600
4354370
5139924
91028
1911612
5082609
6905012
5116956
5170918
1768175
4820708
6513021
3296289
6834508
3646850
3837521
2284682
1600736
7125705
6513489
1315660
2287614
3533635
257761
5530675
7034446
3303872
5185349
4530842
4721203
5246389
849070
6096142
7220985
2436576
2990740
4079288
5979646
6022171
4586134
6039107
4882651
2161575
4021213
2663673
6351364
5558151
4842034
3977250
4603069
3964539
3569408
6734050
2035167
608491
176637
2806092
5531335
6222600
6629829
5188648
7187803
5637213
5943893
5996525
2579077
7253115
4676797
5191539
7319350
2040770
6828519
2031856
6212506
1138680
4882562
4781851
54853
6376749
3931310
583012
339146
534319
5502259
5341136
6195883
2154185
2839823
549371
1456760
2750018
1898295
3682720
2447301
7195959
1263845
5509451
5261165
1650788
4066627
4532370
4255355
2979889
962251
2283369
6260469
1858315
3416608
7264533
1196209
1584962
4325949
7117551
5215523
3695827
3512913
131699
5850338
3012349
3376679
4225895
5358344
6457433
1867488
549919
4503960
6217840
5357967
4663617
1465728
5988117
2352721
109456
7125124
6145776
3928458
5082025
604298
7189215
1873118
1557353
5553442
3965453
7181939
1005102
6269171
6511583
3611147
3167351
5929860
4721376
1293644
511993
5499242
7023219
4768482
5628289
5782881
66372
3358813
5794885
6193012
2624986
6061043
4637754
558993
5314126
2936849
5904898
4249323
1572166
7084396
1120681
6185410
796973
6342361
818980
115897
3975838
2432120
632918
5675336
5250355
4748882
6805851
825589
1466571
3073297
4520279
2695921
2504082
2843960
1050676
4879816
6500043
6397905
2203285
1628811
504512
4541078
5606234
6110107
4520046
3309400
3074875
4532954
2048037
6151081
1168155
5472266
2992834
17183
4215405
3806398
1393139
628282
4723643
3712429
638249
4514689
2279284
4954998
5026196
6590967
1494745
6587891
7145038
3411099
2008826
6925055
1800759
3048761
869544
4158781
4982161
317979
5723813
1021398
4889184
2075659
1048910
837720
4370295
5146157
1672565
3089500
1012479
3270635
2668764
2079863
2821747
2904287
4513278
1905241
1512710
4728488
2037311
4852974
7035814
735141
2568563
6160200
126862
5978371
5419051
4702121
1767419
939898
534223
1598283
3186491
1011666
5222340
6445258
2067610
5582719
2711504
2618140
4616930
1216779
1843797
3957144
4826299
6583534
1969818
2018571
1896127
5764981
6302626
3088396
7285788
4222709
814166
6419008
2139197
6987689
4820109
4316806
728815
4695547
4685456
3914931
5265288
3311140
282833
7308268
2448352
2606544
2305837
7304193
2606233
814273
714650
4832074
827214
4287202
4571665
6304740
1781625
2269376
200926
1079836
212952
6688390
3279118
4264366
5455931
4963109
7321949
159827
5018049
2360194
6142883
1893791
3551984
3347670
1335899
4830061
5711775
5883331
2319130
2027570
300769
4632172
902848
1894979
2577946
3662835
5886879
1078784
1355619
2509420
163249
1632875
57925
1492810
6129127
6550580
1299783
1841165
5826823
4919742
4258465
1607308
5711425
3294702
4880769
2955159
959065
1500895
894933
7199168
3985243
1374585
1894825
3515900
6287974
5063177
365673
1316159
4980588
1269880
3818509
1419299
5749095
1994327
4174333
2558687
1274596
7100950
5826772
5393637
219976
4778153
3394434
1945689
2367124
4575930
948760
775671
895555
2674493
6871170
2485795
1947896
1907217
434592
7113436
5409158
5711998
4691664
2868688
7000803
4866992
4527802
2477720
6938976
6518873
1207648
6069781
3355134
4545205
1156363
3186862
2929789
853602
1348723
6910068
5474336
3101049
2833595
6336113
4231991
4171368
31000
5105223
3601128
3981254
5778145
4807897
3045476
3129012
6814037
5620754
1825847
1533795
4417345
6115763
4562325
6571820
6202699
7288586
2932996
3791208
2814045
6518858
6316157
2510147
5872383
5965282
346787
5341749
3301374
5831747
1623000
5550923
949505
3167655
3313005
1063420
2622773
4060598
2107077
5635828
3698358
5385677
3680765
640457
6135479
5000852
3003610
4371852
1553924
5029934
1256077
1282140
4811962
6357292
3948096
1957796
4059868
6811563
6383464
3501844
5062715
5305243
5529183
4279169
7082364
5812677
193424
6128303
76391
1278555
1368365
4491710
7143227
37186
823186
6918256
686296
3649806
4336170
7176935
6395171
5074254
4876107
6663171
3330576
5755820
3865799
6208614
1413652
4906253
6230715
7315517
5826441
5617142
3030070
1148289
5275602
6196087
5511158
28520
5197682
144731
3368071
4694218
2452536
6739383
5941812
6782920
3639730
5791656
57546
1709367
1533125
5286238
6315525
4521594
5458081
6929419
6368974
5690331
6973922
3493380
5614020
3884494
5074990
6840754
4941872
6512707
2739907
7093480
6293969
1826507
5567140
6689745
6266114
3121038
3001681
7292188
4839376
3961810
4307048
1276818
4019385
5274214
2618437
859528
6614256
5160785
4316769
112487
4150638
1351404
3195254
6827421
6538718
3296429
3095998
3901268
3324454
977
387112
6920871
3370149
1606107
680816
4027943
443368
4973195
3924985
3667361
3750377
5143090
5459920
4334593
786860
7135401
5851835
17037
1137486
4698077
3062962
3397477
5848066
953306
5770778
6542140
571088
7006916
6606007
154977
2033946
269758
507919
4579248
4629113
2842584
6020947
3588186
5572897
2190909
2341086
6716145
5211848
3816189
6236659
6183748
903865
4188607
4986774
546700
2800269
4514987
824160
1749869
4448243
6297558
3693785
1123445
2839255
505490
1001006
3178059
352642
7083378
7167206
5461374
493987
5834536
1186945
1367311
1904827
6914671
3987037
2198439
3023295
2259267
4992469
833878
581668
5274568
7091357
1162242
6441486
3783117
3865826
5959763
3237756
3579974
3118580
5382910
6140887
7237906
179841
135472
5287078
6831846
2570617
2090041
2605289
1808259
4324720
5799337
5958463
5603058
4310878
4120110
6215567
397165
4159225
5138549
4792526
1229156
930105
2839094
3542966
5435113
7172378
6433401
6235245
4646836
7311217
6793129
2092092
2793413
5790009
1109004
2898010
4764023
4364277
2315013
1564695
2367503
5585671
2131854
6818550
5873072
1805942
876769
6710787
1546079
5821699
6980331
5461002
401248
4352660
1791699
3571518
3361492
6968404
703578
637286
1254169
666216
4676345
2173931
2884847
5913683
4744869
4417113
6797791
3403304
4623051
650514
1116206
837733
2391911
2691801
1314229
7297308
4948441
4015990
5076323
4107045
1314733
885797
3587934
6927160
448444
2200566
5210640
7223520
1083905
5688460
3869917
6607808
1078758
523567
1480148
6700491
6947390
7323122
4660778
5457524
3435366
730449
5989810
1805771
5068858
5531109
1375229
6233602
3160126
2014629
2262055
6311344
3903494
3293640
1155374
2732949
5711522
3057567
5267723
2021163
352570
5590330
5255729
902417
5927669
3570464
2032713
3744079
6953340
2985617
3576891
4860235
3819992
3519768
3559831
2588505
2895062
3258643
5238612
7153567
3728972
7162655
432208
7011836
5142490
7165483
2734807
4849847
4138051
3013904
4600450
2976858
752383
368566
3748392
1207226
763390
6933206
3774869
6025402
1200601
2600913
1715949
414429
1794929
2597931
3670594
6082003
4767393
4767210
6115549
2015382
7238183
4567546
6773618
6073274
5327018
1605419
6052988
5560246
669298
1969311
5277927
7184754
3788323
81181
4812201
805301
4651113
3589743
5059571
4009796
1485558
4865639
5539211
5559489
6119920
4638260
1865641
3317477
1768902
192431
6882419
644963
4962867
650953
1092918
6499576
6152454
2677514
7061991
81677
2016686
5113923
3320403
607535
310653
3259408
3292397
3485154
6062295
1113046
5219643
1999158
3357654
813066
6324649
6071760
6268748
598917
6243243
4855919
4671283
2581970
5512504
5633204
6444958
309647
4476855
5196314
1584502
5290660
3754696
14786
5930224
2391869
5192888
652875
2221748
1389291
527691
1673198
3899181
6845223
6956920
1271696
3569529
6880292
3249723
2470051
6334254
1625869
687112
5343870
4300905
4370589
6697920
5037377
4784760
4331526
786551
6221153
1209432
5408505
5477859
3910507
602182
231428
1996502
4673131
6083713
1907512
4469693
4172154
1641862
4802688
2232628
2867707
1882493
3565987
641969
6906070
535078
2244088
6104301
6937681
194236
980623
4962531
6025287
3188125
3956462
6602310
6469972
3063318
5034547
1091192
2212002
5080489
830683
5336771
12868
2202877
6851664
3250463
5881743
1244416
2168830
4975522
4747970
6580795
432051
349667
7059300
3624489
3098858
3838204
5238368
3621336
2049072
6675715
5317929
2343775
1184
5930212
1363151
5082938
1135077
128253
4375075
1025900
6707282
2516599
4700838
6706056
54010
4666987
3511321
3111028
4434570
749402
2963591
4162603
16459
1989931
5230394
4755745
3801635
1702333
1303400
2217418
5740882
1298612
4568852
6001511
7222768
4256552
1397423
623620
4572104
5007444
3146408
1816809
5100113
3325055
5716841
928219
78072
1525809
758413
5293750
123033
4239915
4714510
572235
5377828
4573009
4480606
4750216
3423667
3332270
5974329
4745054
5306183
998743
1130814
2487610
2736145
4276275
5952380
6158062
4131377
3690960
5838705
1671564
4887829
6720305
4627859
5022159
482047
5595221
4943353
5809176
2989827
1736821
2470438
2649247
3597964
2955763
424999
201706
2822958
920390
1491081
3352374
6212022
5016222
4391747
7026126
6110191
3369232
5079971
2944947
6348362
4003980
5044757
3708349
4457729
5483541
3762626
77848
5089827
2122848
2146497
5039338
5345957
1132344
760721
5510382
492645
634282
5180285
4140288
516600
6132232
3525475
5705166
7130834
6285485
2252527
6312374
174655
1492067
6147945
1126626
6621328
6518433
6752410
28091
2744626
1828076
4775209
2872353
4891480
3012861
5125989
4784325
2394836
255173
1030888
4143653
3576000
115137
4468879
6720189
616265
2629993
4197276
345934
7114054
4667761
4518472
1145876
5212364
6162071
3679048
7258769
2657064
54204
2883610
4481625
4139208
897330
2019684
1968026
4592562
6333817
3101585
2952594
6964310
6004198
1743102
153504
4831402
5415515
5154847
1021398
6140236
4833118
1574088
2175821
4038500
4849249
4641488
3207217
5734020
2723169
442691
1788824
871379
6420436
4688870
6685269
1617959
3910023
6812109
3120978
4251491
2526440
4760362
2711827
7032386
2527491
2251141
2263806
4353560
4317391
5773891
4191793
4011786
2336336
6403265
1493725
5703285
5247653
3393660
1631597
5019332
523121
586304
6372299
5440737
6237836
7302605
1423737
739492
1337714
4315851
3188446
1361388
1405940
6813366
1189320
6058914
3495125
3649817
5381942
5651103
2059279
3590603
3492733
3300652
6476394
2396167
3607257
6337128
4856208
7003714
5748646
7124447
2910259
4236578
1704178
6514107
655422
5894000
976727
1781450
6895896
6776197
4986642
6610655
6936765
1155512
5520392
6407345
6930457
3155211
4728116
5133307
7099402
4284060
4369985
2974787
4352650
2660061
3551455
1322133
1226672
1942577
3923621
6081698
6323874
7240112
886243
1039527
472175
6225210
1338459
6262836
2270756
2217142
5989407
6122249
3911154
1597567
1647765
1149449
5437273
2425027
5894495
2461972
6627409
2840417
1572702
2381541
53423
6185014
6807510
4653997
6296526
2990177
1795018
269627
7051507
207075
5057213
6523042
108506
4420712
6708959
4358984
7010225
4722794
3035026
581762
4779412
2726265
5334978
1164177
4982860
6996697
6723809
7197214
1345891
5332116
6032176
5049495
737760
3464177
779798
4670971
3633022
1825994
3154865
4159345
4693421
7297920
5524461
5524959
1163446
1535300
7088632
1174935
5983619
2281798
771845
6280801
5293449
4520420
3632590
6150136
6356364
1441703
226332
3152288
6587210
31198
6921714
2655348
3932484
4951107
5763317
3071660
6084558
457541
2686847
6816100
6471076
2085531
573792
6322009
5019356
3706420
5914403
2998555
3943672
6726403
5529917
7140324
3820562
1479493
5171426
5045576
7142474
417237
1139951
944000
479603
1507576
211867
5721945
4944327
5283806
4668665
7247905
3612409
4495218
3740646
7001029
949779
3401733
3676147
1185874
3549509
468702
379627
199736
2795587
4998621
6268978
3680770
873664
3864133
3530646
7157526
5496889
2158815
5774014
4573917
2137001
3228251
3449763
780446
2136166
5891202
7065279
149421
2896269
1683120
2944526
4699164
5807245
4486168
5965034
310789
7276078
2167144
5730464
4047965
1870529
3416053
3914823
5416842
4134483
4978612
903007
1775643
2837650
6171692
2261110
24560
1297638
5253951
4257141
5076801
4129889
356496
538755
1551475
5869828
3906216
2163245
2024771
4806790
4382731
6601953
1532130
5263904
1405781
7036746
4074672
2798023
742513
2444982
2244857
5077609
6049011
4210588
875661
3218176
2265480
2938482
5547833
4017144
1199892
6747280
480344
2603409
6252926
1939087
3666985
5891754
5340175
7221077
574766
3188886
3390533
457005
7017189
6239779
4244914
6134781
5414145
1697711
4053656
4262796
3444
890760
6629200
387456
1846342
3233233
5770955
4037753
176095
895247
2092771
7054195
5580626
4394897
368926
3053747
6150314
3525131
615957
7276572
1600048
348217
6058323
317510
7210537
6482221
1827856
2430656
4151702
6961176
6310755
3135168
4143387
3762693
4377276
6772323
1134950
2197408
6988426
6020093
3367546
2898608
4957669
1624679
1039445
6667851
7058909
2024864
4915383
7035994
6478868
290516
2405973
1666129
5217182
162096
3012464
3040615
1009359
5698130
1727098
1693479
794467
4086056
4302291
4048253
3349371
2943705
842315
155286
4921460
1390321
4604047
3642096
1839435
7070457
6005730
7259040
6193033
7115609
2712495
2594320
4030555
1147383
1349480
3091198
2157915
1016623
4612476
2025606
6812639
4481755
5243286
6572689
4738455
2407876
3858699
5127322
2663191
5910799
2324444
2312902
4256071
1498435
2928842
5093807
323028
2788713
3814363
664604
5454317
5172034
2102807
1193046
2478399
5830931
7280444
7129027
6310155
34791
7162137
1074814
2594517
2131649
7307964
4463768
5295923
4645746
507933
2455779
2196707
2466285
5474241
6269480
5539826
1518781
2263660
3310399
6334877
5286842
5555566
4355261
990293
4989728
939663
6647533
5481985
2893341
5718984
682517
3783991
3130666
5132362
890057
5291151
6170571
6860010
3752360
2744424
2152429
2094852
6819639
1204360
6874547
2567445
713952
3620977
5561248
2631090
3803686
3372481
5085082
5612505
1959505
3204196
601342
1872300
6619757
5883699
2982962
1466808
5140054
1512119
5134489
1982814
449817
4754520
5157284
2536488
3965041
2535030
750648
1272321
4468774
1782712
6230561
5838446
5378471
2145768
1941821
2059727
5452892
6180564
4693775
6299369
5470708
1597349
5361253
3643096
4469956
714697
3044895
3984161
1526721
5585689
315615
6575039
5467141
1290925
3350141
6709451
5050209
2085389
6231106
3524204
5282881
6397519
1791814
5477655
2469719
4769274
7089203
4655447
398713
6979902
6173504
21546
5263432
2790829
5374828
1062316
3718296
147642
6133288
4331484
4178516
4494690
2956008
2233728
2425709
6082141
476212
2793374
3443467
5308332
4115534
1136066
5208312
1968548
1440997
3442286
4620959
2255192
3683585
5491972
1089205
746043
5792650
6303332
2820614
5725001
6501998
5887831
1039635
4431213
2298789
6748964
4618845
6169111
6272692
4353852
1156653
1529610
1560686
2181970
3396893
5351395
6417358
3142125
5007677
1215689
4604915
1935990
6724181
4369838
3085149
6020538
6498605
3520275
2532825
4267805
4985494
6263497
7015329
4394263
5660242
5244489
3853387
4469957
4960067
330580
1591931
2403919
6178972
4888764
5215599
4773972
3898851
2853958
4284043
105525
2072884
4384492
959968
860353
5644959
3408323
5733903
3038167
988242
5585180
5342582
6841441
34503
4509529
4609686
3231734
4250105
5980038
6907106
6245305
3498512
230676
26639
738515
6540509
6132901
6660917
5064173
2236667
6848212
4428245
5198960
1681330
6808424
12790
2032301
7268223
1087969
4060171
3640017
3985900
2204827
7183703
683472
2381584
3710116
1915816
866399
3608703
5575581
686176
4552643
1835833
536401
3351982
2516668
7321386
5743331
1829005
1654320
460896
5763132
1999049
6886004
7022269
333976
1886760
3595541
7174089
3718299
3231547
6762708
5745571
4227680
1348269
1663681
1815379
26419
975662
5403217
621336
1732793
1808277
2138626
4790966
1333088
6740137
6912218
3565128
6657685
5887759
937360
1949209
1064827
3723012
6109044
3998683
4597311
3403356
5066919
2742293
1334274
6171349
3171090
2945070
234233
2249790
4132705
5959058
7295599
7283643
547910
4952223
1014377
3420779
2477085
2064295
1701449
2002964
5316958
177691
1421632
4347077
6753259
4735354
3428511
2411510
1434120
5761779
4400608
3618527
2529467
3515957
406391
6632685
3726648
2410278
3131617
2482621
6593639
1106462
6625109
3244819
3170920
5780385
2117743
3470834
7297771
6343263
1894983
2038527
3061538
2639156
5729181
6444673
6705223
6209605
406489
2654492
1551625
3983300
1264427
6407425
3975535
4090749
5186647
3507054
5086843
3306874
500659
3911037
3159864
3288206
2081333
1143000
2287785
6630549
4770992
3159444
1599874
4625310
4573058
6853104
5116572
6096670
7233484
5685554
927169
1309575
3578148
1226798
1946489
4224095
5245370
1061998
3754581
6172508
4706201
5270554
3608396
2079007
5104184
3044304
3978831
6186124
7161037
5276162
2500339
583084
5691896
5063972
4402661
1826934
1560963
3264633
939035
3512543
3609726
1981270
6187408
5552873
5446880
5099138
3828399
3115951
92159
4936973
7222271
18022
3999034
5736906
4628354
2148232
6035453
6947366
2671468
5742457
2663753
1002983
6885553
2326384
1466732
4746361
1566650
931778
3177652
7165162
1923492
7059475
590751
929682
384227
7113926
1205283
1934080
6944887
6630404
1109544
5281358
3838399
900901
7180516
6896437
5525670
5377448
856890
5055440
5765041
5519901
4440876
5046753
3216840
3162540
217511
1922333
1167231
513651
5578931
7062404
1900458
1284128
5942598
2454186
2715360
6258070
6747013
6086383
7137018
6025267
396650
2865818
5836607
4603100
5268509
938645
68071
5735804
5787043
2148344
6570012
5509986
1070641
3271150
2788265
2456154
4450048
6841830
1899411
2059337
5720549
616122
6485680
5696540
1378081
7292106
3205109
1322251
2862697
2180296
6707863
1262151
6682824
1419596
3278367
2048549
7275938
4600288
2193088
7025490
5824356
6684048
4909115
2950961
3992451
211123
1223227
3601410
3879429
6384332
4028387
7090684
503202
2123384
6716317
2385929
390631
110267
4284394
7133485
1036143
2920069
1649279
6708873
2749136
2298555
1681392
3915197
1428227
1508927
5234180
341658
5618868
3559220
378516
5144032
6245303
7125193
4894440
3721234
5256121
4779555
4311924
6755211
4973763
710411
2578557
3253971
918399
78146
6903719
4942640
2738239
5722270
2573651
7060153
5528125
3537210
2676414
2417483
1565813
2908368
6492302
1123385
2923763
376531
6585754
1240461
2445470
6992212
5041020
290923
113291
3800945
5539993
5311646
2338420
818783
6800327
3782502
1107720
134196
6246289
3512976
372206
3676854
1859018
494187
1455187
6481410
953951
1972285
397616
3916147
4105858
1338055
3918616
4163285
3735289
5153747
4642003
1275329
6488275
4239864
3702491
4664072
5357216
3425394
730686
5155314
5861727
333051
166219
7308935
6837735
3368961
4972325
3382385
19254
4458909
4057645
4373719
1471383
1619140
4042801
2950927
5395898
1814618
2442937
4993243
4192174
4004782
1242530
1280434
866371
4418466
267557
5350034
6872505
4327899
172214
2326792
794864
4474952
6444010
4922831
1760292
1348566
1373660
4640905
4479486
3379247
6885353
2950605
6862218
4460793
3618988
67866
6350576
77583
526512
3706135
2935386
238508
458985
1443877
2396199
6116389
3450377
4423758
2583489
1749460
5276287
1077798
2488155
3810144
3640730
4755778
2216900
4311990
4565765
6361948
3600387
5233872
6520966
4284312
3925791
87974
6201210
2083982
1377537
3809643
6685716
1783473
7021515
3310414
6261196
2876445
6372908
2382560
5274855
2096589
5124666
2184177
809647
4594771
2759327
3192906
222791
899554
601228
4220374
1130056
174897
1193739
578437
5768089
4126179
3189849
5511719
6652655
6084158
6084496
2320810
1449218
4285281
778169
5414335
2444393
4407254
3115362
825872
171391
5568921
4935063
3909795
5950838
5583011
453726
3508638
5024310
3461618
4680531
4603707
4779417
911536
1083400
6274476
5870625
2823184
7267519
1555699
2551976
1297544
6461524
5299676
4535518
5595179
4395999
3066143
5901495
5849998
4382144
6987190
3450985
4179876
1693922
4736284
541504
503312
2750463
2103359
5441729
3049936
5023846
1182855
661471
5770351
6240195
766916
3961321
4611276
2752961
5186094
4987591
1350581
757647
4410781
359472
2517643
6652479
459
2607620
3877282
1890988
6351506
5249889
7134269
2426230
4492989
763387
3750541
5631273
6837166
4506695
2995933
1927544
6870617
1700764
1864958
6346099
4556918
5210291
718069
3163593
4564727
3757259
845925
2811728
4108950
7152260
2306011
91190
1747337
5851074
3432581
1786351
5297674
5576971
1767769
274454
4048935
74752
2878767
3574585
2114333
2486017
7177355
1064029
6790825
6571394
7256682
6990096
7198081
5738401
6427170
2349179
2216649
1874971
4489990
2723347
1736940
3021343
6052163
1296661
2534716
5571353
1486979
6575141
1050623
1781098
2441540
3555995
4970245
6511933
3257620
1428295
6294972
3247428
4208356
3883033
1652041
6096377
3292458
3642530
2798749
5563585
141099
895554
631173
6697426
1549503
2509275
65475
1879395
918316
3706967
5132302
3346930
2152910
5280049
4690068
5896454
6850200
5327288
4676048
7119333
231395
814787
801009
5920860
1446169
5303096
6299165
5068750
6545334
2702512
4497662
2862579
1396105
461281
5775962
891944
6526993
1030563
5333746
3435179
2956622
1254971
5309117
4881669
7305384
5339171
876870
791309
2340018
4243840
5479445
3158391
3526856
1753569
5753854
2267702
16244
1370556
213222
1033555
894935
1447589
5872033
6356073
638000
526726
3569361
1555110
5308819
4896449
70277
4774657
4235791
656870
2230111
4733404
4080277
1734957
5817263
5170857
1033261
2645078
4020954
4239744
4428693
5246575
5864840
2294798
7225162
7151624
7258224
4731552
3523625
6394304
506807
6417636
5001947
5284397
3771088
626496
4499021
379731
7307568
5019117
523267
5194526
5046186
4103221
6418323
220170
4009019
5816518
2180135
6092863
2403874
5785572
4965832
6543957
2454980
3200438
874472
6002178
5142034
4840217
2063351
4560709
5396038
1394212
1392594
5074539
573897
1496025
5142558
3999730
5708018
5755626
4430790
5317580
1167865
2685165
614713
6939957
803428
4217072
4542384
5041825
2220223
4223459
2554124
6590308
3381755
4412234
4937070
4651971
1645527
4018477
2505015
31035
3973575
2098
5464612
862503
6401583
152814
1887647
5334112
647547
346299
3670172
2572331
3137024
1238631
135353
3962848
1396555
1337958
6267861
2640016
3453645
2683032
867673
342012
2097755
1564235
5076266
3153661
4049750
6404536
3772701
5808384
6362398
5729869
5727828
499240
5965279
6456750
12326
7137010
5128047
493070
5426482
3548257
6969770
2363686
1341394
1406583
6439465
718052
3945070
4456457
2974280
4306500
1689782
