683540
2181819
2806781
2724429
1251379
3455432
472555
623989
3049618
782193
1418975
234636
2030683
1000698
2463422
1198948
3951889
2321082
3509287
3826559
4383982
2284132
960998
2773169
4671087
236641
2728197
2644867
1089600
2876899
2539969
1044891
3008032
4311220
1742283
637611
1787261
1211336
1032533
3650234
3870646
3442688
2295308
3228713
1362656
4587884
163386
4811624
3527242
3067857
1194098
3055131
1559347
1991217
2656413
995937
2884875
4210153
1618617
4574498
1293048
3211893
3595027
1310282
4678525
3327240
2403450
117931
1659685
1336048
2520161
4668356
839151
709278
123513
4524755
3987107
2422452
4730546
4657212
1017393
978486
4121897
1722185
1378252
1276367
3493577
1221827
792725
2020166
673117
4435184
2867325
2176576
1522860
4926925
2466949
4825231
2541683
2348608
4568030
1987405
4385302
2502963
3944773
788844
2737861
1669796
1095889
3837078
3016508
4268621
3966360
2691306
2289418
145039
3034174
3467545
251568
4575903
1422702
2214636
2810864
2380124
1130064
3003538
4803678
2686977
2778389
1605541
4808595
1557476
1669130
3887514
4099438
3589125
4893375
3664652
1665624
2149165
3537652
4623435
1355247
355846
2215289
1641778
1255116
3912523
110777
317934
738082
4106872
2663443
2700495
4816623
1342759
1877478
2165526
648661
4596514
3880891
848699
729589
1578380
4177211
186391
2732368
2337819
2646525
1194201
3181221
1419912
4409170
1547872
4830228
2613851
2546623
3971896
3094122
1046419
4160935
1607714
666166
859401
96240
331431
2979125
4773311
1659244
2298448
4070952
2008797
4507473
2073215
3762244
217992
2669964
761955
3155854
2577884
1799163
4505971
2959685
3755211
2046184
242386
452387
263109
3169421
4627650
708533
2343141
4255304
970435
4216498
3086792
4517676
1211235
1462882
912419
1385578
3336790
3347993
712574
2192051
633457
1251191
4533038
342512
4758074
4380797
2684348
676470
56887
467820
2237509
4037558
3711021
1068576
3690862
2568943
3130719
2799053
3913444
1203504
1296809
2283043
2297224
4338488
1752620
2759749
2016814
2634365
1457708
1633658
1598177
2638
2558322
1268019
4522989
2883219
3750000
2268507
3023689
2038
3105586
2778454
3426066
3230550
4701543
4154709
4199032
3710301
3718231
2879810
642319
4572895
1140149
206651
1785189
60710
229848
2826817
212796
4166974
1782011
718178
535010
4944581
3954218
4298628
2781016
2416120
3817840
41703
3571900
4385221
3292130
1625677
169517
3112741
1243276
344362
1663092
1161192
2779103
905648
4243090
3991531
4460702
1417105
3674708
4411867
4496128
3742654
4222739
3919718
3604823
2550561
96395
1016944
1765233
738068
1491849
4151885
1976181
222814
3889809
4201805
4186844
2797021
1200040
2966505
857781
2246369
2498935
2432880
4281936
2911801
688588
4572708
4426106
773881
4170636
2138412
922107
3692600
3725548
519613
3839902
3400538
1395114
1554817
1270304
4001472
3369187
3258536
4621525
4637761
4638298
4548139
344167
1216578
1656816
4300012
1101947
4208205
4372965
1398271
4482392
4802444
3547334
4178105
1993032
1436614
4402551
3231665
2111171
5993
230493
2622677
2999010
1409588
4789487
4270926
2673236
1693006
2316192
4535183
4181830
3702032
1189703
4645934
4823907
1539888
2634090
2006738
1146032
849911
275347
3156048
3913112
580670
3080005
202586
4698323
1520020
4390483
2052242
1810351
4879731
126244
2065354
2373581
1589885
3322320
2277043
4343659
942844
1119040
4288193
2704761
331781
2003480
3413270
3005798
3642818
2314110
2319753
3568359
1195174
4225992
904571
4543873
2186541
4389539
4306676
2103570
4228321
2168868
2911329
1598722
4568490
4423586
3656056
1741177
4471291
1329527
243318
424503
3147704
471152
786539
55761
4159534
4722133
3382755
2437433
329602
2844348
3158398
391362
3861012
630917
2168354
3893343
756290
3883796
3207984
2190903
916514
3980977
2894727
4053369
3244264
4435374
785981
850839
967299
2758864
213133
2140205
4365073
3075521
1235855
2965094
4300289
1267230
558230
2428376
2919601
4871182
3892793
448653
4173012
289128
823507
2901426
2332583
470142
2897885
616242
438453
4449577
2687768
2653870
1221626
3385641
1820005
1231415
1316220
1661657
4116033
1784207
3302808
2027307
244355
1484244
945214
4810683
557600
4479199
4180072
3822506
4456540
2879441
2327791
3254796
3330291
4056764
1843046
2851571
10182
633736
903781
3446106
3428167
448457
886580
3978528
854934
3280720
2284659
3792997
3166375
4915411
816065
2487063
3860248
3500834
921919
2110371
1083340
3589471
2914654
2887777
1663533
1975974
1043009
4744277
2323235
3965866
2696447
699608
1049406
202336
1075727
2118024
2352585
4005281
4736070
903810
4066133
3811497
2017472
2689831
645085
1994347
1538437
4826851
3390307
3764145
709833
2142166
1734002
4158261
4516895
1921452
2280962
494130
2519631
1914726
4083121
479592
2275739
4822495
1024128
102367
2431026
804251
3196065
393070
511423
3536310
1530764
113796
4534841
3880750
1535538
1640137
2100851
4841702
4539861
1159824
3639337
2002537
1550933
1621111
3218036
3883326
1802533
2104847
1147511
4779738
671116
3341452
4308520
135066
2316584
4652967
2515174
2440401
4277728
3433067
1155220
4826501
869137
1925838
2514374
82390
4480252
3591124
2429957
3337840
853867
1710368
2327849
1641108
3965263
4503122
3251756
4876870
4174660
759489
756957
327212
2977701
3882135
305715
2993888
3531263
2531413
4240495
1063545
3930891
77834
3458701
2051329
4204838
1069289
53106
1338253
2214417
2223176
977806
1468725
4942830
2969000
3232151
4798221
2774372
4659202
2078402
239742
1784017
293584
2720426
3234966
4442516
3696350
2599642
1325496
4796074
4636242
1456929
579597
4308435
4704548
3544474
3272092
2063882
3727384
4639229
3257565
1537917
3999873
1590692
2693998
1766866
3576081
2669876
2349091
4598593
2311432
3953962
4496637
2649119
3288734
3705842
4873961
1923346
2746144
1604830
179156
878041
1166493
1487871
2768387
1168052
3434447
4617589
1882422
1498580
3645318
4196069
3878505
2182750
2701933
2229753
41206
3232636
4560303
4488856
848408
4685216
707010
4513205
183590
3459793
3859377
4909836
2685049
689264
4496402
3540324
4907206
1041369
4455262
3737661
2444829
1127363
2692933
3482551
3380434
288483
2098899
3239546
3333722
442531
4592172
4485913
3825468
641803
28724
3655845
1028565
4857479
1562721
538845
1035540
755699
198203
4760847
1478695
895828
1493697
2400028
4224156
3742451
2289475
3363443
1868836
702781
1433944
4821450
4875054
4622746
2231267
4467468
2944614
214943
4145745
709048
2701449
3113006
1338241
4269593
3191940
3661317
610899
942294
2443292
2396465
180115
342517
1448241
3358142
2375561
4487299
1211468
1438596
4153925
12868
2882724
3904521
2395602
4673180
3089401
2023750
1300785
4288581
4283722
4426162
2266940
40139
1696335
2226061
2579800
258547
97500
2827511
1752930
3159422
2884613
32534
3222437
4938913
3589833
96143
950888
3555644
4397461
3424140
1548558
1713367
3326065
1185599
2587940
1768575
3192051
2574640
665573
7256
1075990
3894945
4834350
2454112
587122
486310
51748
1918679
2558991
4704516
2922231
4518312
3990514
1390132
4525305
1464877
27447
2274646
3848455
3335441
501
3024053
4849998
2165761
1494345
4872808
2950839
1342310
409836
3082434
3612914
1182600
3461774
4399040
2551315
2789968
4605303
1554556
504422
3087655
28510
4540590
2804470
1687691
2390188
103587
99779
3652510
759719
3238110
82890
3142407
1370298
4639922
665304
1174831
4143869
1411651
130946
4902393
859465
3944139
704814
4469504
3775849
2984940
1954245
3817186
2200850
1606861
2173136
1707322
2299717
74064
452815
4801980
3955932
4490965
4346735
3984949
3340263
1856933
734408
4568795
2188837
2664678
3935852
3328282
273869
186998
1416134
4741832
1078895
4845451
85918
2247612
2241408
2412551
2720476
1193978
2761362
2345502
4580864
200649
3821606
355006
415277
656641
2834376
855640
185373
2526961
3385962
4033204
3880000
3314660
2992180
2822603
522573
2307970
1818263
3516229
1820695
3118988
418450
4196019
76691
2883701
4635774
3747127
165642
2381235
516338
2893533
2594941
2585348
4261653
3400941
3449860
71207
4480645
4057018
4048052
2604697
1192647
3666166
1930150
1177692
460131
274653
1632421
3751270
1520871
65918
4633136
695329
2585503
4049018
315642
2787691
3232867
4075806
3470688
1819984
1853341
2718550
2617624
2427334
1371620
4606784
4393153
4891771
3556119
3444295
793969
3621239
4749907
2538906
4012503
69807
1994450
437039
2384254
2407362
621197
1446305
1415447
715967
3109293
3719500
1238972
119905
4451951
504609
219153
1662913
207655
1743950
3103326
1423688
40044
2221719
1181448
3731652
628170
88570
1409520
4423788
863913
1930405
2965351
1485376
2319530
994705
1251077
1300078
4913428
1058826
240551
1060721
2526857
236550
2111356
2235497
2178255
4875086
1197967
4877756
3350231
361743
4729703
4605512
2664733
2103699
128116
1820660
1628801
3989413
2231372
4608189
84848
4921933
595068
1537297
2323265
4367034
4434730
2004259
1148342
3361763
736581
1762781
3761296
3202780
1235680
2317411
4427269
1374514
4792868
1167831
539795
2879088
3579003
2605784
2408687
3511795
4109685
1383720
4452435
3282448
1378695
3865499
577890
3642849
1757977
3534955
4929244
2395661
899552
2287555
2377853
957326
1166049
2178044
989014
3368788
4262200
1942254
8285
4363280
4751661
3994469
2827220
4033412
2338116
2719284
838540
3361817
2905152
4932438
2414034
2411816
4925397
3501138
1723951
3432177
4298228
2785596
705210
3078165
3994062
4525815
658809
4502337
3821700
2917355
3280664
77900
918148
2048070
664271
3466970
4743676
1217981
334439
1329666
4387052
4025687
96411
2841004
3201210
1966989
1757322
2778586
3013016
4428454
3375900
3733088
2465313
2439609
3580651
296817
4682763
797587
2532840
2974468
2471664
860748
1392743
1014817
1414076
3999147
2770981
4589488
917528
4498877
1850303
2475712
713048
4048879
3516391
270379
3009737
316458
1548371
2502902
3941491
3955936
4464255
4622783
1229086
1026745
1836681
806755
1422968
36652
3753716
4279502
3349476
701256
1955553
3011310
24104
4908582
2018360
547569
4542596
4538332
3740515
1519392
3094969
2790169
3044207
1746060
3600533
674048
1025359
1447889
1869078
3825459
1651399
1437749
2144516
4319023
3307820
2511600
2808462
4885532
4321094
2258532
3210728
1444136
378236
1946653
4034836
4563757
3927077
4607148
4526814
2586614
1459863
2636049
4402105
332918
726220
2720868
1901159
4303014
4814813
4679936
2301199
4619932
337348
4008167
2152610
3552146
4054818
1072210
3507976
1271410
3125790
914397
1899292
2137104
1432607
4541839
3151234
3641944
2447494
4419820
3168075
4557729
3623865
3842693
4020839
3926349
2747584
76664
4534542
2568793
639445
3782729
3561798
4693019
2587405
1655600
111146
68990
3094888
2263542
2771251
4831548
4192261
3495668
1456023
3799217
2693159
2154030
1411290
4169698
3319416
2904426
2965429
2102875
3464953
2980294
1829508
1578655
4371666
804770
1321102
2036201
2279063
897829
4658692
4008027
4733169
33577
1414606
2841571
4924062
911661
3493150
898659
1956358
2651090
853905
1392474
1520712
1951176
673815
3153041
3955280
1040789
4684112
4628289
1083221
3345242
3701207
4930114
512919
989060
1353790
4835633
2481725
30647
1588158
2962723
1603842
2850037
680382
1713122
4514723
1327566
641053
486789
1814020
2916095
2921220
2858990
3760514
261067
3966008
4090899
2928385
1501442
1308549
3249755
1236594
3742818
4116786
210677
4404948
4781371
2625826
436091
3874825
4729351
527800
64875
4342300
1809843
142937
4697863
872366
491552
2230998
1831868
2289344
2364560
475405
915592
306521
4328050
1745938
1211406
1547132
658267
877286
4620221
3406291
3643084
4757943
3786236
401498
1878602
2720782
3864506
1587080
4473124
2581260
2052372
4863938
4335706
4937116
3789527
2713601
1981352
344039
593678
508219
4407159
2591262
4787948
62662
4179836
2951937
3766002
1366064
2981244
672015
234510
4292452
1336350
268444
3309321
2498844
3731227
994036
2505300
2397175
4757540
324678
1912021
3144973
1387073
4834745
2049286
4723997
1230637
1531752
2551411
3050726
494345
3638966
125093
3798251
2057417
3087687
344878
2812463
1346507
4919609
1961967
4607761
1278156
4278402
3620329
3770155
1675706
1368158
2172439
3655211
4624733
1412971
3135362
4340865
4310144
2884639
1858860
1200228
4301082
64483
2287786
142348
3957645
3066257
2140270
3869683
4554976
2066172
4550288
1031498
4061271
546464
3395569
2403546
2323095
1637177
2944095
3278594
243050
430474
1737934
2344583
144249
4811858
3573654
4232595
1767383
4893802
2876834
4165511
2285581
3347797
4751628
4197539
4335597
2318099
293732
1063195
188380
809267
2914233
1451851
2043979
2348907
230220
3687771
734653
815311
4198144
2931746
4028542
3803925
1732351
1259459
3860057
4775328
2437048
2842665
4803698
2634814
2274666
4588585
3433222
4745775
550048
4263283
4802977
1887329
948669
4333245
1687402
1968457
1586455
3640067
4789394
4916267
2440426
1614064
596751
3263413
1588187
2126586
4847359
491705
3709142
4107986
3555277
3513025
2561348
77539
984471
4404593
4510465
241575
2244876
1263069
4456415
1125862
4539282
1179804
4656683
771751
1488152
4074486
4861030
1624039
3160938
3196418
1746820
3814678
4737478
288028
745128
1008636
4034311
23858
2825591
1550361
1828610
1267539
4560666
3210876
996120
2497331
2642736
501987
4393749
1950246
192360
4475655
219708
2452290
1885846
3809420
4338931
3072935
4450314
4355445
2563184
3563649
2133891
2535406
3518856
721922
3447439
504954
1884121
717446
23408
4638595
459268
859681
3426682
1192096
209880
467216
1366476
4866201
1908305
2759595
1629479
3103011
1067764
2547865
1069619
2041524
2753351
1833109
847444
1699047
4939312
1209980
2480815
3436310
950801
2103935
4318409
906870
944112
2221611
2901895
3361056
3534598
4754764
740159
1083643
900729
3633255
4490578
4596001
3203791
376149
446487
4808601
3768355
1126726
2724913
4295718
640729
3480284
3883482
4776438
3797372
2975636
2121729
3639937
2528903
433061
3115664
77722
1093562
4531055
1464236
3788291
2700930
4288391
3658166
4697301
373367
1334217
3337776
829804
2706599
2860508
4080882
1669920
1422545
4278573
3073075
4676036
4103291
2738333
3299561
3305333
647605
4628385
1006700
1061670
744794
998523
2969522
3814802
3224289
2923513
4025599
4181216
3357391
3479289
812547
4162694
2508832
422349
220599
3449253
4486797
197018
4308375
4232992
2585660
2735469
4713445
4812776
2275312
1603446
4689320
1307250
2767152
4257946
3773272
4490927
1124353
3006983
2368776
2245802
1477361
2959474
3602352
2184481
1728479
4617068
3771873
2317473
2024284
4724780
4367717
3973506
4735500
348920
3574492
4616596
506164
2570263
1903859
1433501
1695362
2341740
740853
2323391
3503400
1805146
2285503
4927765
387221
180916
1212192
4455520
855090
3522997
4501915
4843989
4541591
3331416
2449110
2671094
4232134
1751714
1697105
1876573
4135924
985852
4431170
2539305
1101534
3202392
3569117
2706587
4542790
2413228
4769491
2841680
3581967
4756888
1111787
863015
1062051
1061493
845344
1495536
791451
467320
1837171
3699757
4912912
4176040
3724566
3111175
3977365
558738
2635838
4511622
1828103
1981829
4827480
3600606
2171538
1775694
923858
2661152
991302
1301802
359202
726578
4533155
406368
3853027
1721575
2201447
1931450
3549340
2939189
1448894
3160205
2691724
4102316
769293
3463826
3720037
1268533
673241
1294099
1709418
979848
3520303
4070968
2084686
2912384
1283587
919488
4154831
1302765
3730866
77967
3533577
1411080
3902541
1360304
4844607
3506152
893929
2426854
4227681
2197826
705023
2436828
1296529
4199345
1661107
1124135
2124112
2313799
3636648
2719577
1263072
411961
832420
1784262
2977987
697076
3882739
3954981
4884662
1082764
4430057
4383548
4303121
2329967
2067745
404296
2373161
1580581
571
2630415
4033218
1118128
3011697
4414062
1998025
4453640
2156534
543048
2820052
3256524
1982700
3079998
3424591
3983824
472427
372771
3349937
3099287
91791
4580902
1369739
3526749
2819454
3452235
2188145
1473262
2176154
896536
4730811
3036419
207085
3819600
1339336
1127351
2530603
3811432
4531393
4726125
1596717
3420734
2312821
3114305
419730
1689028
3431049
1501133
369386
4367349
764678
684891
1555124
2115673
209924
1714635
3921073
3570379
3446560
529851
4846907
2955522
2758400
480008
2079334
1645181
3207664
1779626
2536278
1551365
404393
3111842
3484654
3504751
3149690
363559
2094334
2867050
589995
1201402
2974895
753621
107416
2848994
2669114
4599194
2324605
1739850
986396
2612366
248675
1310114
40072
4895490
1958887
3177770
722916
2349384
3607195
2996101
3527206
2532179
3730707
3069187
3715201
977962
66925
4794484
811919
3172734
1397627
1899947
3181315
1439673
1328470
2438824
4242050
3285662
4702558
2291356
2969804
3751208
2492574
4431302
1383165
863810
884823
1683839
3344877
3488633
2652062
433745
2172751
4108588
3962517
2252376
3326805
1700009
341619
625161
4183777
3593099
3460562
3638260
4311078
2245367
1497795
1395849
4893824
845633
2186355
1426548
3237023
1270964
3130905
4347141
2894842
296331
2241463
4343042
2080095
2721001
2994267
2722343
3817229
193614
2255569
3268808
703490
1018708
576928
1271061
1439777
3456955
1636330
3978233
3830284
1807123
3366412
3761874
3020894
562295
4824533
2189415
2008156
1345730
1238242
2745836
4166652
303819
4604899
4513661
3355249
1019340
1316382
2429322
1947239
219257
779802
2917186
3776934
81495
2230595
4110716
3531680
3325686
196197
724476
4122070
3589837
4545624
1539781
3199937
3068136
303876
1104305
155169
3467612
697530
1228992
4382109
922693
4058967
3666337
1737570
187374
3858951
3867406
1660157
2097819
4019409
3290355
1510836
1824628
1398099
3646932
4335622
1152394
4811540
128447
1480913
3229256
2725153
531102
1629795
2474852
714073
867040
1035027
2985218
3694292
4585939
3576035
759865
1269574
4731803
2331928
171017
1880272
3648575
463277
4077466
2789116
2179092
1213344
1804848
1742914
3194986
256917
3912090
3615392
248433
2542304
3057970
3129521
3792395
4818009
1155622
3292222
1417
4920032
1682670
4896021
2460109
1558557
3074154
4404629
1487732
4322669
4465422
4937599
2119738
4597426
4302846
1669054
3256438
4089910
756634
1124890
3539486
4264650
1130830
3496921
3344383
1390699
3533464
2185450
1532174
3040782
3601042
581232
1020863
3256912
3814183
4133853
2699308
1862721
2118562
4643089
2062940
162302
2265632
2446303
1942944
2454682
3680587
2790337
2752090
2519294
936835
1694244
2895076
4331991
3926301
2351253
1791685
803028
4278348
1597291
3063759
4441482
1972091
537603
1078426
891680
2002241
183328
306254
4508310
4714336
3014635
1854814
4015951
2053314
3489440
2229594
3855130
1703637
3766974
4742512
3935096
1099252
1524338
3577643
2571627
1548624
1592273
3641480
3503978
322568
1624458
4682144
1207503
1832908
1176316
2926468
504532
1648069
2434071
3834449
2954933
1415258
172180
1410120
3523629
740234
3677954
564261
431032
2360846
3035977
3463602
4728827
3101211
4799235
4202591
2462928
1809199
4559476
2809710
167542
1949226
931679
2471808
3178208
2412589
1155949
366785
3142251
3783909
4679498
3350920
2133721
4003620
907944
1693352
1059732
3436307
2674848
1353947
3537046
2607839
529772
4424675
777217
3194613
635820
2597939
3892790
4624081
4116831
687524
473628
4399495
3149753
2865715
1323816
3304039
4832419
1096168
4806844
4336229
3119267
4063409
468130
4484402
710570
49413
2774266
388974
1062017
3355315
2714618
3023289
4554498
342166
4579542
3126142
4347071
2488957
477146
4607311
929551
2891957
1346314
2394073
347405
2132679
1356729
899847
3031516
2202495
2462978
1958197
2899385
2704446
2027944
4022755
1879154
1104333
3350874
1747705
1388363
4063582
2279691
1777
1438940
3137764
803040
901856
4174173
446273
4160987
3770228
884650
3522777
1988223
1584014
916236
325349
1302073
696600
4074518
4885096
4152881
3800930
2121224
1442673
4626346
3696553
2164230
4340913
2447877
637996
3742787
1693550
4405541
1591329
583407
607171
3907790
564878
148100
82574
4088146
2764414
2620007
1999677
561446
1890485
4787780
1938072
4564460
4392779
2055580
2310217
4225652
354316
812737
2765163
221212
3739259
3481996
3017972
4173119
4797905
2586907
1704947
4497801
1100891
3593161
1273597
1499651
724893
2179235
3710822
62775
1428041
709332
4135972
830766
1796931
2511252
1009622
1532661
1280229
332679
1656946
807411
2472261
187022
4553984
1060076
4072329
4620691
3120866
4027140
1827169
2868438
1562212
1946313
4634390
3537790
4660714
3023051
2567901
4302098
1362876
1528090
199527
3885147
3715931
4514470
3614856
3697387
1666118
3469178
277831
3259907
111122
2627201
1799680
163406
536537
4913830
163933
2290859
2214673
3797254
3874566
3307185
1898735
995053
1767011
4037222
949975
631150
2151000
1311145
983212
2103769
1508725
2505783
1982352
4873744
4370097
4751517
3280153
3075803
348087
3366234
1492693
3463576
5313
185473
4089125
4260106
1705197
2822515
415110
4372923
3062904
2594665
4439868
3074398
18422
2062785
3481833
1707007
2633644
3004932
1945445
2541885
556476
3146528
38084
4307221
826946
1383107
3580369
4655121
2751021
2053720
185975
1414928
4265042
2279152
3185368
1534291
1543727
3341012
3295352
193247
842313
4142491
2348074
3551348
3379158
306889
487489
4081314
3159287
2201860
3917825
517380
1910569
1575968
3348653
4615806
448673
2848286
3158558
4345711
543692
1218466
3487359
555773
1700108
1415066
1240444
3027089
3294446
3110396
4101804
4030941
4802217
2257129
2865523
2835733
4265989
1590852
4378604
2725506
3942103
128919
4106803
1255653
3451546
4237814
2467365
2551600
4875541
3636340
1984338
3255789
3268848
3483843
3344043
855613
2668527
2608067
4222285
2233831
4208639
2479937
3541323
805373
2214740
812626
407819
1262722
3774348
2789878
1193293
4645445
3632644
4610761
523594
332563
1042311
288459
1628504
532641
1388072
976323
2057638
3707324
598703
4924454
267070
1792025
3108597
2876837
3784009
1188075
2780023
1973801
2556837
1960278
1666006
4403742
1463948
5144
4149380
1248842
4884007
3030451
1913924
1157248
348443
2219147
3885751
1294209
191091
1336106
3262677
3762262
536453
1265928
4182191
2680314
4374059
333234
4060051
4410112
7730
358755
230332
122697
2338003
1389096
3980458
291655
3488496
1743444
4644601
2361536
3900728
3723098
1764947
2861737
895566
2199137
1666994
346015
4131522
4865861
1939638
2143935
3856094
437916
2294802
1084802
1816506
1374960
1378700
4254574
490984
2525297
412963
3406365
3035105
4778028
1469770
3300775
1195471
2832450
4864500
1150838
3189223
828337
2459103
3971886
2650873
4621407
1788523
2571359
3890553
4615047
1827086
2860256
2292388
4558539
3491220
2840014
3141582
4513207
3254945
3093543
251330
1561867
3713672
1645454
1044126
3086489
2813128
2717687
441314
4017471
1872852
735228
2145899
4720525
63765
4252388
2535240
205650
3595964
295938
2583433
2621614
3498808
1392175
2112470
247933
2283457
3559744
1995336
2781044
4046481
4589114
99618
48100
1780031
2947845
1703354
4134999
690398
566149
4634231
1367310
4122090
3122111
3248929
2214773
226203
1718175
3184387
3966155
3882914
3035923
3930942
2194535
3928253
2525118
324199
3295805
890214
1779537
2946086
1256104
1433267
3571792
2112644
4725564
3625888
1724621
665510
2351549
1222952
903444
2232876
2454752
840367
1267843
4314736
516204
2993918
4540691
1644318
2182896
1711272
2760112
2939248
358705
2850947
723421
2429795
4122774
2386081
4702363
1273969
2665923
89996
178139
4232156
2726125
1641233
83966
1707988
1874687
3676746
2819002
4353935
3508088
4227998
3966829
1587217
1458733
3644155
1692698
2015349
2801206
3975949
1307859
3665338
4417749
4047347
2303648
2118117
1531845
4443770
714134
3539857
779560
4828671
2595116
982849
762487
3224934
3774273
4848721
3055439
4629027
3329691
2947661
4608807
1524430
1684563
4856960
2976902
3416210
545936
2077828
1539616
3193248
4394162
3396878
1479234
463423
2627844
1787592
917004
4292239
2801209
886482
2028979
2593270
3038757
2161019
3576311
3857138
2951830
999998
2596752
515524
2092142
4175838
4506347
3644746
3228340
702452
386917
871433
2813946
3484877
3249625
4747968
4879155
3111367
2800337
2988171
4334200
4624854
1943805
4493260
4864788
4140237
3105164
3771270
4719486
2136682
1739033
1870801
2055526
2226130
4619110
2581372
1798895
890934
546368
922096
4464454
2849485
4444195
3582098
2728552
4739407
2479798
234324
4217457
1534139
2848381
4817920
678517
1903493
1727846
3831341
689522
867326
4715041
4409151
2568578
4426449
4494142
1409254
4327474
4314817
3494089
844290
680769
1507351
2459358
3824784
2120704
4814317
813033
1422241
3441372
227395
4768026
4503322
137568
4012159
373505
1902577
4538132
444430
4050136
3021685
1802981
2944022
879970
1912186
4470992
4640140
2122211
2870828
1029270
4823976
4381492
3223491
3794933
598674
3391260
2273780
1131216
1557997
1495978
2825952
4599797
3085767
573290
184265
1976951
3567091
2840576
1670723
4507471
2744905
4462383
980239
4741653
2810609
1240497
60887
756516
2503559
1417916
3332023
4485705
300000
729480
4143438
3173039
2084247
1175968
2821472
1060054
2743142
2933840
4207333
3449439
3798694
4596796
2746681
1954391
3516134
1554623
848468
3355457
2124139
2380039
2132512
4753104
4845265
613543
1025288
800239
3181197
605262
2347836
4004554
1659304
1538260
3551581
791011
803910
3049323
1991491
2727975
1253383
1880231
2953652
2110752
4270486
344029
1133295
2758853
1134466
1418365
2687102
4182153
1263183
1021373
1330541
4498985
2449134
3735284
4727301
2874436
1443799
4860546
3674367
535925
3327389
4479576
2187435
3110646
2024950
921066
4901726
437368
2073174
4322215
2123427
478024
2506095
26415
3785758
903976
3033194
1786592
3188330
4556950
2669293
2637027
2519697
3484940
4836778
397151
2701854
4296818
4209866
2431331
1754288
3171197
2770755
2354916
1504768
151631
2800734
4524523
3700025
4602823
549198
2626234
4288861
3460652
537250
2739389
403849
4277744
823102
2018667
4198354
4317874
1051004
13903
4132910
3432973
62135
544399
3334014
2845029
2233351
3305316
4649524
4029548
4228267
4376693
1750660
957076
4539226
2743398
1330096
4351128
3469784
4552318
3206038
3712239
4058887
1046488
4192342
4463516
1486662
1215361
1749057
3620916
1556262
1261843
1689669
3924259
4764410
485536
3832385
999353
2200835
1621780
3426337
604452
436226
4596156
1566975
4140909
3171747
1435985
1018912
504253
4282605
502635
2713101
4836773
1138909
3450464
49409
3375177
4148431
3824076
1563867
946718
3780118
1788412
231009
23373
1968178
2330050
4343271
3082774
1873296
2828418
1183966
349983
4294560
2386889
2783700
1313441
1090555
3822764
3735907
4160581
1417328
3919545
829936
2410159
4414599
1598020
1100902
3659496
2491816
1739477
974350
2046253
4214747
238120
2455299
271077
2193746
1953037
1986535
2326850
4129992
2557315
2860427
3685430
3469393
3774206
1446662
3470797
3882210
2173729
4151625
2150391
3348991
3136045
2253425
3875901
3388748
3833182
712063
4409764
168155
3112812
4231982
220148
961800
1862276
2742660
2199801
2194633
2937315
3355651
2503944
1605052
3208035
694691
4184390
725484
1356173
2576962
958310
3926447
2858637
442255
3171983
2732715
659237
225780
2265813
4133200
1455930
3967423
63297
553501
1322926
2418082
1340264
1760843
1637006
2889819
3593505
3763547
4905048
138777
140613
2389697
2902475
1884088
1145646
1486770
34936
4036738
3366002
3952063
4678607
4686496
2059183
883569
2428688
3874086
2825112
3264202
2492163
4229874
4462127
196648
2366520
3864869
3642165
3626304
2164246
166715
3938968
1822879
3646241
718821
3255582
4600812
584563
150269
4148887
4332393
1422650
70269
1878089
4804013
4236903
728473
2428937
2663961
4799893
3926828
4227128
2480813
3574587
2203958
1174817
961716
3186381
4131503
4395599
3483885
3494367
1136325
3669397
4663930
4036775
4531049
1163838
1060134
4683501
3804984
3307956
3112243
3379502
3232914
4001467
4616658
2396149
583492
717431
2325068
353673
2990226
916135
1856661
4266333
1515080
1535644
660952
1729642
2743679
998943
1054154
3015675
53867
3216897
2335766
820920
3829861
1147262
3231967
1214086
4368081
494103
3736523
238195
4189340
757010
2208873
2462652
1297755
4002829
4858421
2426029
3133742
2028173
24121
1145729
1331000
467416
2958758
377881
1897676
3478292
4552872
4553247
2335857
428168
3709147
3794991
3380560
4867727
1817498
4921138
1299601
1548564
893659
2690573
1490353
2074110
1177464
2393081
3636648
2093820
4539871
3767661
1416884
2816126
1306596
2016224
436331
3752681
1789566
2089468
4653104
456614
1152248
1966164
2948691
1559316
4291080
740968
3443656
2824541
1754876
1821000
1432373
4471567
831730
2244029
321323
3237703
4036070
2029349
2149814
2119183
2120177
1834081
1388419
2319207
3986316
4189019
633208
4266848
2504366
143077
864469
570962
1686658
2732964
1162191
3681661
84476
226074
3704964
4224772
2383078
2435495
4723328
4112942
1027396
197140
4079140
4173497
2681081
1779309
3998446
2671630
1076599
3797684
216758
2076591
3598491
4766353
1844542
1571148
2947144
1554882
1826603
2204045
3063059
1822300
4242696
3516682
4363685
4718754
4166381
128064
1380832
4254722
4194130
2521983
4888271
1660406
831910
2584950
3449252
49264
3709272
645028
616245
1815893
3307469
4840878
2612931
112879
3219195
1237613
3312591
3871051
3448137
1806967
419169
3403031
1714102
373367
3380258
739760
2800930
4065143
705755
4040696
4677360
1027272
2286106
3172001
485447
1363291
3463471
1137477
1042236
819929
2196463
4399591
2928326
1220157
227759
1602132
2356006
2692203
2269740
2605072
3043861
4022022
1579240
1035169
2819759
1522795
2372082
179284
2126474
4347983
264807
3881760
654433
2697223
3415146
522604
3975527
4303086
2998199
25366
1275498
4944461
685123
3570305
1395478
717447
2429718
55790
3730891
4336190
2315750
4112895
1045359
281474
2417224
4338141
4855194
1725427
2620776
1282967
4918577
360100
485000
3083520
3797894
2067912
204501
1983910
829096
1793596
4283626
1136049
3142688
797840
1719456
2729071
216682
2470158
2159458
3209180
2921899
4219334
3046775
856357
3997252
2397734
515127
2024909
2821124
1350034
3564505
4942540
2288086
3887437
392763
997070
686969
1682066
3645205
4868524
2843071
1168740
2242066
2151243
4830850
3700587
3181996
4327763
2290772
3777490
2609004
4501298
2400856
55471
4557067
4410853
791566
3774919
1232757
3313068
1929664
416869
1137329
2588695
4905667
2672011
2783304
4455902
4730854
4837525
4884909
3955727
2959358
891302
2312695
3887565
458952
4829916
1861150
2004212
4172409
3994462
1528338
3421314
4397602
561394
2500706
85413
2052633
2680424
52584
3465074
428130
3095746
327172
1112447
4799839
3262495
4849215
853649
4532215
404916
2724008
3077871
1209110
2577962
1378881
4422816
301278
1091798
1872288
2407442
1195614
4266821
4787134
3772061
1216124
2453782
3569946
30330
44339
1539677
2835992
4007188
4231345
1609238
4037514
2606376
3627937
3827921
4361443
1431344
3224208
1395944
2992732
3331314
2036763
1533814
2600603
3365335
3181024
1585341
2528684
2209540
2774961
2233921
2030557
4327563
1514631
4144390
2613642
3249401
3657196
907331
218255
37672
342102
321820
4772604
4278482
2759407
623763
4542424
483771
1921181
2586126
3472870
1496066
3120675
4035740
4271896
2762372
1692121
3136758
862463
3083568
312075
2322680
1398227
1786697
3753199
3996022
2356588
998672
998397
1914539
343863
4051510
2469271
3805463
376783
3114746
1674387
3189549
640640
3677968
3613452
4182550
2218462
4786143
2115844
360704
3408758
4370301
1509046
1483551
1379481
2618639
2231369
3363666
4426612
2176183
969188
2846946
3909743
1897450
3671981
1327239
2353120
2579099
3911079
454502
142947
3703380
4617876
1524662
2808474
3694654
1965967
1386753
1569431
391830
2531778
3162371
1769999
2833380
3376910
1354495
1272990
1606005
4524053
700996
2129455
676011
2199629
3486317
3673815
3659599
4540564
3167012
2399532
1856916
1462578
2158916
4181461
1262079
4565187
745424
3124277
3938045
3096837
976317
664501
3415023
1785727
167606
3672881
3955092
3178004
4648239
2665830
452128
3361732
4139854
1964743
3800678
130018
1876752
4299150
501422
1318729
2285771
1769377
3944730
4582665
3114906
4336972
2350553
2089655
1009084
78831
1732544
3284422
2927512
4437318
3512911
3256512
4557567
184036
2917178
1740695
2406352
3974265
2394925
2481041
2958544
904738
4473703
4323934
3079386
1012252
2850436
56548
4166721
2808405
3517952
4772377
56784
725418
1132947
3464915
4887327
2386049
4224820
1598238
2252685
1984716
562915
1758028
1155089
3567392
2428271
3918075
2813557
2869988
4517825
1612041
10589
4178620
1879349
3154910
1220057
975386
2812059
4638251
4657399
4275585
4455381
4071711
3991459
4319637
368886
125798
1178209
242800
4777113
4933589
20219
1862033
1313663
1962040
1891881
2241192
3818058
4280608
1624475
3290079
3939906
1731630
3619595
4594270
3089969
3728151
3697422
255359
3649031
4691977
3095727
4309330
4224844
1742161
2326275
2995512
4569369
2355960
1283384
3787563
2112519
2075838
2081358
1370591
1987936
4150862
673281
1697999
1766410
4518609
763447
875962
613427
4796645
363319
2983407
4810513
1852131
3825952
3926064
3611041
863510
2504057
305018
2095074
4046762
972338
3236797
440298
3803745
969455
1587836
1638267
4061809
1173464
1251384
3346929
3345339
3458975
2242866
3626294
4666224
2827013
2071963
4782302
2875373
2706850
3500462
1683476
2106764
1653112
4811263
688684
4719617
4449421
161619
5785
4035879
3167392
2634508
4547343
382057
2287215
2582221
484663
600881
3869290
1626919
1920401
2827098
490118
754704
4609622
4653080
4828550
3121349
4309211
2694042
517367
3612632
333883
1929017
1436031
3417913
2944353
670075
2951815
1843833
2578477
215263
1996646
3400499
2881922
569403
1565551
281877
1647915
2066830
3895116
3389234
1569019
1473193
2299412
1949804
4165130
4339455
1631316
3801117
4848984
4335431
3600472
1059925
3887920
3500970
4812579
2114715
2322315
396085
2556875
639853
2481139
2513533
583289
3732608
3700211
1799216
3351705
4092408
3413099
764692
2619050
3607403
3549680
1366408
2860615
4210398
2184477
3615638
3328058
3136824
1272259
1938131
2768392
2369744
1885989
3839132
1669354
1719450
3778455
4836671
1563418
1108617
1578158
1017300
4688633
3300727
283087
546941
4476808
1346348
358376
3107648
4854073
642672
4436797
2068392
2741407
4941563
1204860
4348567
3410726
268958
3011239
42436
629904
2093128
2098077
3715567
2191449
2780122
812055
2315244
3071910
1413222
3086626
3257704
4539853
1831776
4548667
344588
3396646
474680
3961026
2395742
3962691
4636366
2971343
3949316
1555388
1780735
2732226
1096331
1196511
4731409
4219068
1734167
2034215
2535241
1503105
4821065
2976607
4790052
3153424
3562537
2851039
912932
1250646
3927402
1419960
4602463
2036391
3504519
3136908
1422048
2434356
2007108
2273138
989176
4115942
4937933
1136728
789818
776465
1187572
1515965
84445
1248616
1508408
2966536
364388
333477
1506584
1266096
4600483
1202616
2370214
1434415
2581628
4891787
2854484
3506983
4891605
4028153
961312
3557043
2709311
1919897
2188355
4270437
1242547
1849025
4681552
4775904
2156099
4129185
1491737
747337
4832202
132097
129415
795196
2348444
3674329
461016
822767
1107101
2982085
3399374
596264
3729227
603834
3944493
3149624
3859071
1149258
4849190
2540511
875800
4509696
4570562
406427
3307743
2110360
3036189
4128591
3692831
640905
3083048
4809492
878930
200664
4444675
4477677
4128774
3141160
3581580
3128229
342793
2038040
1705584
2476174
4665003
1036102
22337
2005829
338963
4799902
4448355
2083672
494747
2879794
4634724
137643
1540757
3728207
3460320
1968717
2928791
931473
2186297
1193802
481705
733874
2423477
4782176
3063475
2588221
3047044
2512825
33027
4858628
2561891
4374194
3875735
931247
1943109
289358
2150519
3587834
2791878
4386195
2257047
4515587
2305488
574301
2895072
2625500
4519262
3928973
4627680
1424101
4135948
1185161
158539
1699164
3523895
1176151
3583576
4860412
2189968
3911183
1474393
4332980
885023
1033289
784528
1148288
2816713
2650411
3821787
2208425
173728
2596500
988311
3439406
1231800
3706461
4312319
1968164
2759869
2580761
3526272
1478707
3707624
2743015
436674
4145246
3548112
155172
4293181
1454100
2929851
2895307
1096349
2352784
860175
1720060
149917
2052386
328301
3720825
3593252
988036
4868746
1395198
739033
1347220
523641
3469612
4282942
3581398
4196580
751149
2839569
1697390
2650960
534077
2830103
4002736
4157959
1139927
1191259
2958512
3606370
2575141
63629
4860029
1697289
679905
539404
464114
3332719
4817316
4319011
2736303
354924
1787414
4621600
1092271
445600
3500073
1529217
3108786
3732870
55174
2545934
1280578
2453139
737046
397243
573837
2394051
1135313
363309
3814109
3100580
660454
2944123
125869
1757987
2258922
3787491
3937718
3360230
3451835
3218948
4085347
398721
3106207
4017811
1207289
1211684
800474
3066470
834481
1073887
4034212
3396280
628432
4912535
943456
709256
1584021
4203587
3515132
326365
4479614
3410998
187383
444713
1778264
1169574
4007178
3124358
3720675
3751425
1474039
3066588
1324774
3555556
3126420
3908595
3524295
4193921
3914598
1257087
4913636
4121449
1676447
451580
4070282
3413814
2729421
4607759
4248762
1027748
643801
2980609
2355504
437677
1433930
4931306
2014462
862547
1027883
693228
1857661
3284589
687730
1114078
1577236
1935494
3534444
4849210
3560284
4513551
4682951
4621255
3270744
371812
1806212
3237728
394892
4221414
3272513
4050020
3245274
4920588
1960530
3332303
1946840
2677787
2002228
1686671
4366809
4400594
30637
3245614
2999680
3262469
490872
608967
1593750
717455
1461704
1586778
4825399
3422002
3937387
3060560
739654
1441662
1990207
2578467
2422485
2774034
2959549
2999621
1764305
2768650
2430241
4398629
982676
3370708
1554656
2223011
4749053
1101356
3042176
1357421
3680366
644341
1363872
3004344
907150
2609804
4550429
178123
1035449
4675232
1437583
345510
2178737
3332484
3401673
4929317
1046686
3486260
1146123
2777631
2697735
488729
100124
571287
1250234
3983298
2799370
498494
249536
2080440
2243540
2967423
4511759
1372282
191946
820367
4814239
3524548
3418813
4071415
1938050
4310495
3090456
3257397
3636153
1302194
1798310
473980
1104042
2034614
1509522
106334
1307635
596988
947267
1039051
3369560
4403925
1422937
3624667
63618
3411848
3032556
2889157
3129871
2993229
2697437
2418953
1509633
1154642
3790019
1457731
3433692
2056804
3068686
98254
2493558
587713
3261551
2361092
4784516
2097781
2546519
2201009
4517019
4622057
3143784
2762285
2638794
1528256
4543726
2447941
860359
2347987
4916349
2669487
373667
4884654
612730
4006506
4670269
4697932
4846001
2026178
2022942
4656476
2269933
4611973
4296002
581657
4798284
1946659
3264922
4826883
908271
474202
1236681
1444446
2123828
1427915
1156331
2246064
857365
3715389
501547
1065300
3434497
2574819
3468539
2190484
3016922
17172
3660777
2646934
3489573
3458313
798889
3278327
4913837
2392311
990411
4601778
2081978
1392091
67212
1840472
1263102
641685
1006427
2148607
2962394
4382898
1825257
3632530
2581430
4728481
3869253
4344503
36256
3788652
4377061
930177
4608622
4100116
132173
3322008
2244405
586801
2160145
2069358
1110281
786173
4583980
1808363
2704433
1128682
3567167
3935949
1132741
4906181
1429485
4156415
4781076
327610
523738
547762
3387500
3443761
4285739
277086
2905036
3895067
1854445
4748608
4732183
4828532
994127
1663151
512402
398514
3870447
1019344
3868258
967279
1909452
3846545
1104835
4118198
1105551
3248837
4740189
2272785
2519744
1618891
3350512
3819223
2879645
1392471
327329
2784834
4774432
3364493
3444994
4819640
371762
4049172
1884808
2686606
1207200
3886454
149786
122399
3011299
854586
1062652
3540535
3633686
4047182
1527164
225320
798953
504818
721488
2779036
1893956
4030208
4715069
4158845
1951928
2871069
2437397
1436336
3955065
838071
2946452
840067
3485173
898798
1567734
4179889
4099705
1876905
868688
3699150
2926888
1745880
4828635
446571
1157392
1245529
1116102
2306940
2776915
250339
1115411
1538017
1337768
2827447
3678386
1523987
560961
2974455
3649114
2946030
162283
1567524
787054
4455038
676355
3921621
3146038
2590626
2969036
2298903
2950252
4818903
1359804
285432
2133909
1747257
1925766
3959807
501746
68990
2045096
4527954
3139092
4731006
2170304
3925898
2404735
2923942
4403226
3856184
2245609
2261517
4875608
3478709
4506351
1246686
4148443
587425
1722933
4862819
2211227
598356
3279230
4091359
4385020
3905739
3510231
1158810
4610731
3929818
4385303
494909
275330
4875906
3474174
2957849
773218
1690913
141855
4686862
1761893
4070829
1016187
423164
153918
4720495
4331979
3069424
3414221
4225250
4633347
645235
1691425
4589477
4036671
962713
3923811
1898359
3451412
4665855
4455557
3755943
3426343
2650332
1657374
4479723
4425150
4026722
1827961
4834902
1154303
2329421
773407
4903627
1587757
463479
2244231
262593
2997708
3720823
2457550
4592200
2481090
751381
112545
3112631
1817285
3720112
3312372
4266542
3366112
2834421
2038128
2841606
1561161
1438050
3472473
82357
301799
1693070
589142
4156357
4778320
4137716
2709994
697711
4476857
3831535
4005736
3151903
1000950
1981373
4717022
3381860
3744289
392744
1002829
4904143
1075131
699812
2858862
3548832
4908309
2692478
4175708
4214082
2830755
1918031
2313367
149778
848130
2655868
1679922
2181070
624226
2763406
3258787
177761
2840819
229674
4493611
3614632
351735
632358
760793
1593123
1060381
2896467
2963015
3661895
2889919
868917
193300
2373794
828813
2735650
4181008
1281852
3101361
359020
1270778
2838645
2410379
2557028
2665169
823249
2140069
4598787
2339439
1340008
4460280
3859018
3059148
2291588
4009540
1725579
1245787
315511
397233
4905842
988883
3791777
4359422
4228334
4760670
3938788
791442
2228735
3469526
2037021
3727935
2380206
3715243
3071402
560129
3070046
838297
2522591
7293
3957797
1439583
2171604
3354445
481533
1877979
3568482
1065155
2743863
2824638
3415701
2854662
1062650
3728590
702345
4223599
2949790
209382
465914
4176447
2560097
458393
3863630
3441577
4529528
3971591
2384071
1403680
3594586
140257
841969
671887
2951246
328960
4358192
1664027
1856219
4410895
1084177
589944
3024313
361914
2181974
3389927
3648960
1293119
3615284
1126301
3409789
4673913
1485120
1559593
4070841
3096749
1243927
3732626
4553083
1002774
2436215
4572928
4207361
3964730
4349354
1312627
1892234
4277747
2369445
2359823
1626731
4508531
1405657
1405909
2949359
1585668
48698
1976870
502163
4913646
2585997
1862205
437944
4382357
2839045
3264527
3718154
2636092
4096598
4522699
349119
4883609
2758858
2908433
1302722
2058508
479991
3744845
1549303
2847455
1196746
810108
4689530
4870463
2812433
748313
920163
735006
2624797
648399
1054254
3548604
4181533
4311307
1429456
2108892
4039916
154270
4604725
4719973
264276
4810212
3567690
872952
1582906
3918731
2648615
2934506
4125505
944396
4921418
361544
3194548
508952
245628
2677989
3790943
1713128
1594003
4243585
4697287
2497643
1464201
628545
2713000
2188638
3641241
496945
41280
610657
693759
1774351
727375
3019846
3209054
2900754
1948081
1569809
2591930
972857
3062676
4067683
1163766
4499763
1442713
2899547
684407
2608033
1963224
356241
3604287
4144849
3185983
4633152
1991687
2767231
1403439
1949934
1489960
888906
693697
4337051
3957159
1776250
4675662
3827444
1676626
3964830
1793970
83943
2321457
4818776
4940522
1327942
4049227
1735696
864255
61901
1478620
2415088
3823001
4564315
4012536
4887839
4236379
1971376
250283
4363143
3853413
274710
751470
100689
1967297
1022493
2935319
2977414
2934099
4741345
4423969
1967315
1896142
2085165
2070435
3278067
1045763
349804
1466727
3527546
479353
993459
4820104
1007059
3695532
3882648
4133419
859347
455689
4730494
1374712
4179496
3133831
3065232
1304938
679200
3210941
506100
283952
2885246
1234926
4818184
3412382
660809
4613264
660355
2516535
2439909
4502342
4035070
2197205
1628489
3593012
561505
2014647
3136256
3162546
4476382
1248341
2273506
2436827
202926
2144208
1783659
3180269
726101
2439372
787337
4920433
671627
1931629
244035
4857194
3280508
2414784
2870982
632310
850250
2861502
4436587
4919514
38804
2777604
4708184
1029537
2526948
4453515
2122375
2152347
13816
1666068
3177394
1310702
4889790
3520770
887414
3656108
209735
502948
3545770
658424
566337
1520670
2500969
700714
3618906
1129414
2072377
3936666
141997
2663323
3312747
4575132
2128162
3642620
3253356
1468636
3883455
540654
4837629
1752374
3774320
4130064
1979998
1910446
309433
1994977
4116729
2730487
1719400
2710063
3360979
1519683
3747679
142894
2042856
4390713
4897475
1261743
1632236
2507314
4193670
473654
788539
3673743
461433
1618102
4413634
4266600
2600287
1597920
2393489
58736
2475976
3961384
3397127
4870964
2325725
1485764
3699757
487454
2983534
2456051
4397026
2591186
2759577
3745064
987038
1693700
3911296
2929723
788638
3129004
878130
3229589
2657584
3566858
1743941
1021096
2953837
533183
3071105
70336
4087063
3810264
3865650
1045526
3499559
2001726
3617033
2982502
4858002
562830
522916
3035934
326223
2527958
3220362
1355706
801283
3250096
4179318
2744169
3948886
2991870
4438208
4813158
4145805
2997938
1819520
1180162
249603
1078419
4603394
421655
478392
3302708
3933006
1142841
4785005
437708
734504
1066640
1970262
237361
2743837
3723427
3866669
4656800
1758391
3492910
501834
734298
2156224
1574600
1229096
4118139
3575793
1264060
1366269
4210926
392897
881796
4921371
12479
2317890
4243016
4258526
2979266
3880701
1632160
66037
1249596
3914159
2509682
563499
4560608
3308526
958811
1142556
3731513
4549764
1636013
2693857
4487303
1091918
4550798
1115628
4292703
1851884
4940176
2344008
2475512
2246690
2162999
4252776
2029279
3969023
4689203
3941095
2379371
4793033
2371390
1826873
4311416
2504342
1878519
1422312
4568272
2494316
2886111
1878333
2024328
1528912
4783505
776472
4759457
308811
973784
2924318
2691604
151539
78686
4624352
2265629
2232059
3470113
3723516
4780167
1215419
3973983
2535588
3945449
3040026
1710048
4669646
2987097
905395
1556646
3299612
4142111
630086
2185696
1092306
1080839
4459255
947209
3032943
3759018
4349339
3337623
1142671
963243
483033
3358541
471349
4054428
3382006
3309345
1095645
4616703
2413694
3794779
2085867
3750076
2327597
329381
3718514
992594
3976401
199397
2022202
663047
2542161
1922573
4492317
4708628
3495093
1547959
4925287
651868
4231306
1045543
49586
4425894
2918595
2898486
2270385
2632171
2161144
2581851
1421015
4944544
2389752
111595
2767658
4892348
981835
4790946
3062705
2430502
3277564
4398310
2633472
3381218
2737415
3813189
735375
2287269
81991
3822966
1935680
4551691
536717
4919911
3904008
1685696
1731060
1146308
403072
4226178
362248
3134023
4795976
631486
2554730
1903008
65522
387479
3480662
1451324
3081081
4741986
4910391
130105
1057307
3638754
2714927
1107377
1999956
971721
1631026
99501
2454985
1041061
842176
3208158
4570854
232441
4252555
2126721
2751911
1678573
1900386
1923780
854126
2341192
3845174
614442
2759713
2201687
1883997
354428
3883415
1606799
3823166
3790278
1779878
782592
4676488
1661805
1471340
3570496
4923299
1626769
3884674
1969727
3554020
4205763
165173
904945
2253425
509817
2170821
3760276
1345668
3239114
491404
2570640
353548
1157090
1462234
3099318
2622097
1373056
733018
873474
4584130
3001642
2822881
4835676
341128
1072791
1925391
1864325
2932829
1479265
25906
4300062
4208761
4751779
1360860
1412707
2498930
3971447
597760
837269
1814724
329447
2733233
4198659
164299
4382432
1255705
2388987
1458968
464574
1866322
3057057
2613401
1020588
744019
3507805
4749989
2863507
2215830
3219830
4434791
1456199
3496013
927684
930688
1873261
3373244
4877862
1216561
942121
1489526
3703756
4367211
2259509
817594
2841064
4440277
2711928
4175341
3242315
3310924
2808088
4799316
3276111
2021639
1528687
2002271
2504948
867402
3979666
3002998
2750511
4000876
4675689
1291491
65846
531461
69050
587449
4919772
1443409
4727258
4813256
1458862
2316704
55286
3084973
2586631
3335848
3094777
2421033
4341219
2668309
865588
3384683
2460985
4108899
2829892
2222992
756254
3818379
448066
4008400
1476674
3757811
2179169
4891571
806404
4354833
1811191
977317
4275848
2937817
1746238
3340859
612886
4346288
112881
1127029
98735
467426
4264561
2018286
828252
3428805
1258214
651995
4868315
4175732
1471935
4152500
1073288
741135
760433
2053007
3551973
381568
3291681
4773973
1015084
783885
1203155
1962289
2706020
351072
1852441
675001
1224725
2752578
1725257
1120135
3452438
2331554
2612506
2698435
2886070
4412596
2260198
2389886
1991058
1126030
1334011
2411780
2450607
4011194
1372080
4484151
915545
650684
2174464
903273
3900740
505758
4033432
4648988
4765038
1052253
1657344
3469575
4094671
1437503
3888225
4859777
3472723
3468761
433656
4324699
2383307
4649367
2934838
1517351
2176906
2031702
1126253
2723387
656663
324928
3166863
1692819
1686040
2645690
3896456
3339498
1138392
1167708
1266275
1546397
1574798
3243986
4712229
2448113
1720632
925345
241844
3390068
2057082
3714511
2162057
2229946
3848609
4307063
554427
4934114
2745411
2273453
1997983
179082
4631693
1425254
4257009
1027455
192409
91224
65222
555501
1845980
4013833
3477018
1952632
1317729
1044991
451028
2424646
4000642
2044488
3061781
3152433
1503901
3442566
1676604
425739
1989966
3012009
1550830
4435045
4175076
1754004
4414852
1751983
27312
3166802
1681613
1973874
1743986
2165286
1770725
1703358
3712715
53075
4287094
4320679
916607
2131012
3262062
4026068
1432113
4081356
1285559
355166
4495263
4042544
2165775
4348482
3668055
4831068
2525095
3935257
3571003
3164694
839839
1617730
10868
2987508
3054159
4255219
1736348
3534584
2034260
3429865
1223638
4731748
3172710
1370948
2600735
4338036
2514133
362812
1663089
2610463
1877538
4069037
1196039
1718037
2316004
1208615
3339959
3806864
2468488
4906546
4931225
3270208
924840
1234769
2095455
1406876
2218912
66475
3248661
907983
1232164
1822394
4156049
4108302
2535425
2744249
4204434
1911827
4921242
3741599
4310423
3643204
673881
4159547
152231
1892570
1010628
1516301
2293774
3743629
3217191
2271955
203703
1197494
20553
4495237
3682326
4284185
2348400
4468129
4414295
1066723
657317
3991519
1147510
2820965
2282372
2839092
4936465
4862831
2254158
1924946
2717883
1383527
1781773
4013301
3805415
1678265
4383818
2633770
1718828
2348994
160921
4873846
2144520
1796273
1870397
1003086
2731743
1750083
1787933
2185707
3451160
4076941
1897836
4287525
2915307
2050953
2526025
4244910
2201115
1316553
1871575
376781
2807890
4071975
2266748
4051334
3911055
38191
3055755
863478
77448
1339133
4842437
4343033
1167672
3893229
2400711
4442103
2726130
680731
4545474
3922175
2297709
1226660
3861434
1183797
3971582
1661303
3177153
2298333
4196969
4196274
4467602
95503
2908768
3234239
4329622
3524555
3879848
4127359
3313822
2787858
325853
2249127
2092666
4721341
2752444
4096418
3385754
4635069
1196413
3515200
1751619
1899632
4062068
3181954
3436072
3118418
372613
4611175
169178
2871462
1538141
1776606
1773762
2476133
1270829
739972
3266228
1660230
2272709
2767323
3836252
1494797
2209507
772070
2098715
3465919
4499331
886544
2192525
3276763
2478425
3532378
3287211
3649296
3829891
2537887
1914690
2194045
1055352
1408875
2169021
3121043
2255007
1003969
2638928
3439276
1147294
4390498
3055101
4932993
2034011
1370668
1104863
2235740
4294572
3445368
2408413
485901
199757
182835
794024
1416178
62815
880883
2737303
2064405
1401791
1150100
3392515
2780828
2660101
3329727
4679533
4868932
2857663
2046160
1624336
1249866
2796455
460409
2160708
696802
491805
2069154
3267742
1262222
331270
2097775
2164489
1145901
4386775
2298965
4038798
1364547
664399
810864
628736
3852642
1202568
3219873
4714264
4035674
2689838
895015
861186
1057974
3393387
992289
159317
3812740
2997335
2498630
200029
1697789
3012465
1126497
3987695
4195471
1449977
3091324
4694021
221591
4317886
145926
4572330
1733445
969345
3178753
1603958
994151
3990790
4076093
378953
3251958
799791
532890
652336
297610
3358075
300000
3129512
3637367
3244998
4544701
4561962
4092639
4692712
4564247
3939138
1102952
3332313
4334811
2508418
237488
2716881
4357054
3987813
377591
2615183
1691476
4461757
4108415
2081109
223561
4876823
3123305
737557
1837844
1873292
4290802
3949496
1315110
3319010
566578
260583
2121786
4624629
2561746
4257149
4271933
1875889
2430305
3923664
3946631
3309269
28149
2983532
778286
2465389
3442769
502831
775724
2690128
4650553
802565
2409120
3619231
268342
1282879
4876281
1679851
892604
1078440
1072421
2245594
4415729
1836916
397700
928910
3340231
1151216
1519398
3918340
2454188
2426902
2942196
2174747
4284702
3924153
3260303
2438933
1772031
4132584
1247434
1638876
2195100
207847
3613882
1360749
461364
4381306
1594972
4072117
2454096
1211535
4481794
2201173
3242854
4715657
2168994
4185800
2149483
4658524
2437997
2345576
4177472
2481942
722023
2575289
1618555
1204581
2675864
2003118
3772454
378722
1065518
1552190
203621
768319
721389
788678
2651911
2628409
2917653
1126404
1410481
3313704
1735600
4138922
1444665
4306536
4356164
3490621
991042
74668
3952002
3196394
3379773
2916697
3469441
3656430
1413666
3537849
4564533
2319171
1973948
492464
1490275
4039041
551059
1617453
316088
2198202
2823137
1601858
2774273
3728057
667018
2130997
3537012
1803425
100681
4473753
2109451
4894642
3889614
645410
2931953
1317116
706710
3447922
1771597
583070
2335396
1040927
1260206
3890543
1436565
1679904
3039640
2315155
3487249
2683423
2985827
2539176
30361
1998967
3044568
1188442
3447749
886514
4132690
3646005
296637
658239
3911247
2018775
1227192
751702
3304428
2375472
3979627
2804054
685455
3308664
3901667
1558368
1514172
4631176
386081
3675412
124592
2275844
655326
2429965
3393604
3961443
1244883
2730429
3822571
2223238
1944401
2494968
2938234
4056827
4441931
2433636
2987178
4554115
4432168
494942
2902484
3449877
4497015
4092779
406143
1224042
617698
123202
2815533
2936682
4794254
2202149
4348443
2277370
1690604
1770445
977874
2503116
4738567
4752321
2795389
1122257
1667826
3176381
4311041
1038252
4010101
4561625
4297196
3488805
1548166
1719596
2314050
4364947
1286389
3118341
2923834
2589992
2407916
1413967
4192199
1004542
209852
2811073
4593065
4159451
1463547
1178268
3992499
3967101
4502787
2264904
4887498
870696
3443268
4113864
2956437
693862
2279299
3317092
4773852
1430567
114434
673823
2740774
3377259
3400460
2445973
2152610
2893241
465371
1972627
1328189
1561876
2557105
4287811
4597818
1415561
2868831
781645
3630155
3708767
4737078
4790781
4082449
3114214
1179458
3274359
4554700
4934541
3406227
298000
3807156
810686
2690631
1241852
282835
284810
722812
575689
3430623
2571685
1309626
2149757
1933888
2804287
4912685
204497
2516323
4914108
1160367
421176
2203174
4082389
4333154
16047
2369183
748965
2758879
2976601
4286956
1328309
469572
621456
1896250
4139792
763697
1852114
4387554
3965816
1282324
1399460
4234268
1852240
3833715
2989493
4096639
2086142
4679516
4712528
89898
271
3998399
1309429
1987561
3541265
3773480
2988794
2770396
4923464
2339412
4054820
3442849
3022761
1229092
1419379
4902573
572720
4289930
3546666
448221
2432098
491390
1064399
4613292
2971060
1388487
3370547
3666855
3811097
2964874
696696
2344302
3189264
239232
4630700
2193590
3927717
347399
2838195
738506
2852214
2977928
1261678
3830798
219637
2879857
3122247
3638890
183011
2070470
4008971
537269
2382736
1695126
781884
3431792
3473195
480925
3949286
2366360
864651
775638
4539598
3941392
1338391
2395545
2826021
2044314
3714354
2091800
4044545
404159
507147
1887474
4168403
4432410
3156482
3077525
3109149
586639
1463175
1674761
987706
2856449
918568
2801349
782835
3333920
528836
3967113
2636990
4848314
4678037
105092
2275349
4664358
256233
1691011
3384351
382867
307009
3429334
1320614
585870
1760841
2720755
1034564
3334490
1787271
755158
3140292
4362843
1410988
1067319
153737
1767074
897675
4566783
4436483
30217
2921915
3320565
1934503
1638002
793687
2580946
677886
1890041
2497735
4608219
2319284
826649
3255947
1842076
2501611
25891
2819192
2242508
646710
2024199
1141842
3979165
51289
4818693
4145977
2815873
474888
2642093
3500961
539577
3620877
688698
2876306
3178068
2903244
4846582
282903
4075875
921436
293810
3124306
2548292
4904940
3921233
81411
1761259
3259833
4296672
4680795
2095167
3081964
2677479
1420954
1854496
2134873
148699
3535815
2139724
3431668
1227928
832957
2779617
1388073
319328
1340997
3220636
2717240
4759067
3964375
2108686
1445256
561269
2694667
4197108
2529030
1821712
4580755
1256018
1051421
2042401
4467825
3986120
1195112
60649
2177106
2045209
2300239
3355048
4818298
4728893
4658290
589917
4288595
4306080
4244327
80959
3291108
3073362
4261689
100323
4446093
2413840
4131526
1404188
688093
4377301
959817
3207815
3448337
1331346
1406828
4276561
3264070
1048601
4655691
1628152
1987704
3650597
4533962
1953305
2461276
3696312
1504778
3777349
656636
3771617
2816592
2685841
1410374
1721542
4501912
4570721
3196745
3806635
3331420
4788830
4606879
1037496
1753606
756736
2806622
1193961
834262
454222
2392484
4197128
3456199
1946683
1218264
246764
1756696
1046976
2819577
3517252
1315229
4631079
1207331
1604802
1235077
2640264
325845
934940
2597143
2632247
4167612
1107604
3192484
1819513
4230557
2852833
3362424
668681
4230163
263768
4453108
4227940
204803
499283
691230
4047330
461939
3475804
1070757
1462589
4902307
2289568
2787021
4934387
390733
2665281
2384425
3005757
1265234
1133219
1584413
4764307
4860241
3861790
2611534
2024490
643497
4197380
1170250
130004
13924
540400
4495665
3596307
4898740
3904333
4324303
3093874
229583
345462
3289595
1120518
180326
2363474
4855199
2280752
2396099
352625
1016188
4643715
2238016
545472
2575361
3655169
3963451
478562
4194987
689593
3687530
1914634
4238705
2349111
178464
3110086
2465221
1200206
1103625
2804896
3273458
678922
3520974
1320771
4034967
742514
3210024
2748697
2374823
3778602
4095994
1024500
4138857
3610659
3919110
2245357
4003957
3315758
204307
789940
3455617
4867971
1435360
1360267
2802476
4825106
678985
1108514
3282244
3048030
1931263
1799425
1348778
3734129
1328132
151589
3462469
513903
806417
3788523
3963768
43498
1415818
2339387
1932931
2691268
2240836
3998150
4620475
3639522
4191441
2118165
4139712
4666462
4121884
3372736
532686
333705
1563186
832111
752809
4868985
2640315
1152600
4646521
2312266
4818238
3324073
2591628
4447596
1698194
1903622
4544002
474256
218970
356791
2558739
1368443
923416
92270
2032781
3366908
1632349
3764542
1072657
2995041
3523562
1612852
135232
2082124
1944627
2912624
4141403
2772941
4646838
1400568
302929
1352655
4903126
2981108
2138839
2428208
2173760
2810234
1467587
3767493
2650984
1185846
577628
1313168
1540356
2415040
3941582
4847101
3087555
1386435
344207
1101913
3056586
1410961
2534412
4040905
2844594
1665192
632418
182784
4408424
664568
3348177
4867161
4378152
1372899
2620791
1519658
3468458
4815006
631083
3912886
2802205
1664227
1336977
2870381
2920775
2449723
3856117
4439402
4168249
379889
3625026
4061800
1296763
1485220
385002
248756
2091958
629175
3278946
3781646
4104787
2778759
2789864
3281126
3775977
3858972
3032978
2246544
4236412
1414241
3918223
440059
2362791
453791
4127533
3838851
1262000
2440566
4162444
1586618
4624845
3631593
3693411
3837094
3008277
136648
3141039
1066418
2014784
2930858
1547396
2603103
492951
259396
3881694
4805832
1780931
3711549
4067956
3018542
1291781
3876323
3599994
3298622
3878632
4638557
4408898
4313853
4148748
710011
3113100
821276
2040129
487401
4816967
3940492
3908538
3005234
1257583
3052165
2408388
2056044
3727819
4258660
1187087
3249515
3937602
4879243
1699771
4784264
3034066
4896968
26688
1938740
1822062
1514343
1625692
1430133
2777326
2805032
1102211
2369550
2722345
4411404
2134278
2860641
2601922
963133
1739453
1272036
4902416
2128455
4464767
2478772
1756337
3396058
392885
3402319
2911053
1548593
3139968
2269912
3621097
1482947
399780
1181834
1711343
1341899
902947
2360207
1938825
3730742
2253293
2843167
10091
3091537
1503606
1978181
4220083
1479307
3569513
2139017
3331803
4042827
66549
75186
4937562
3112967
4535796
1815893
2400698
4480891
942233
2090561
4172121
3121014
4553861
1714920
992194
519487
1179983
3388373
4799178
3515398
2851444
1791546
1441408
4601661
2242086
130184
3129155
3485346
4688591
2976704
4208594
4301892
4359271
2686852
898480
2310020
2093049
428003
593455
4799690
920176
3405481
4051057
2269523
3844738
842300
2045536
2956509
3012125
3386666
3665025
1596581
3656956
1248310
2623609
3886441
4875909
1531241
1370889
36767
4337322
272744
1760762
2066735
2813424
3553420
1616120
702610
372832
711801
2132569
194283
1740111
846849
293778
2491140
4083279
34046
3525566
3757595
2031831
136258
2413981
462975
3328452
3188173
1624168
3048984
4529943
2237462
3464489
873966
3526981
3127754
691698
608756
1166698
567773
1962364
4034829
1126917
288855
104709
3317956
1611689
724800
794658
1086283
583083
4071781
942489
2717860
1529403
1647408
3901711
1777048
4904379
2384737
2368257
4280560
1825155
3643398
1161832
624577
366447
4430692
1380328
3229578
3251156
2179030
1071350
597294
1130346
3324181
1289501
4643947
396244
3328208
2132471
255495
1280703
944187
4270070
1047317
1742119
2835076
1037173
3307902
2348455
3264874
3643424
1394797
3022646
112567
2915721
4854415
2116140
1124645
3604456
2637546
892682
2567194
955072
3452545
4111906
1697758
4553195
2729224
815181
911726
215405
140525
2055458
2746281
292715
1261040
790654
3274741
1911242
2958393
522975
1014485
1860543
1402201
291092
599695
2408360
4227252
3438594
434401
2545310
903032
2220091
3463995
2763859
368663
4237899
400836
3515315
1339206
1316082
3831301
602075
3040376
4766151
3122615
2774215
1980029
1014611
3740006
2440199
925741
573866
280128
872158
1569047
3470876
1411152
2313525
4502051
934861
1613894
2250420
2975174
1106279
3659981
3403515
717229
3624401
4508163
391074
2231690
1411342
1930026
1901802
4052788
1284548
629916
1626706
4811549
1039431
3111265
2214437
1007628
3286406
3035497
1209677
1259847
2651467
3268497
1544244
1694900
4903883
4666777
1324241
2962011
1741917
4167873
2105875
2937014
2454285
2482105
3362911
3531989
2329803
461900
2023493
966544
641458
353552
1541696
445708
1444028
2480469
2935482
1748360
2227902
4055449
2842316
4236010
558679
17206
2397466
4552275
3350355
4059154
4258161
2235381
3345475
1458631
2469598
2398376
2562071
1100038
3999427
1838682
2594787
932882
320468
738904
3946175
4021983
3657500
2809646
2719540
2458056
1744010
2578220
2070209
4629313
2695075
2582802
3471069
2508812
168924
2704573
2522194
3508504
796143
1904396
2534472
2763941
2522300
1391285
2611475
4071408
2680871
1578003
4461841
2593848
3063163
3863389
2338906
3833183
3519491
2768506
854000
1705858
1624832
688219
1485470
18050
1822923
3190225
2426696
1080273
4621740
4221842
4076489
482529
2203168
4352817
2916676
2133293
1077065
976063
1456188
4034357
3667880
2265641
4150235
4038809
3657330
3572788
515741
342426
1579795
1930312
4696502
3054548
4050458
2207616
996379
4372666
2293457
198975
1709578
3352685
1176038
164049
2455317
156002
4384502
1300567
4532997
2978244
3499640
1285235
2110960
875777
3703882
3850315
2417368
242988
3717756
1907075
1502985
1785713
1479289
3454873
1219796
2210949
4387800
2937910
4472125
138572
3922289
425835
4609012
3812087
2562136
4044140
4711739
3961576
4488404
3086126
3569009
3130354
4077195
2753605
2751275
3505194
3623553
4844897
2233993
146547
2462079
4359054
1166259
167256
1443271
3923418
4845427
733932
4640039
3533437
4585150
855756
3756126
706037
1074245
490443
1841899
505689
4036119
4030730
1886981
3942534
755397
2039284
2106171
747403
1043586
1867414
1729564
3286196
2269293
2731989
3514592
2314449
3517931
11212
3023720
3153707
618486
4336339
4786574
3554694
4660751
1334014
119367
1118067
3730786
1724363
3608405
282384
999335
113574
1879850
3425637
3785723
3501909
850161
3377272
1663033
2816962
2689376
1688985
896581
3552149
2463411
216571
2691394
1937101
2302524
4053908
2107974
1887847
2324964
3767587
2024980
4099494
4192959
2127755
2054962
3661347
1164400
1085677
2017796
1274144
2430898
48113
1156713
4542732
677683
2017649
1219352
1789150
4191251
1084832
817747
240585
153768
1578624
4473598
2558529
4686572
4287130
2396694
589650
1362631
3976793
4397554
4726906
3286447
4268410
3321087
3350326
2764954
2673285
275791
4009891
821157
583833
2785849
4227956
507941
1453248
2157462
1871677
611870
53271
1863149
4816833
3418552
2622624
3379362
948065
4381815
4765147
2811872
1573276
2427602
1739060
2663717
2014683
190371
593552
1389875
2961920
231965
349857
3686450
1861775
932941
85320
3416043
173330
2685622
3113501
1184664
1648330
866259
1978897
4678047
3711387
2207986
3092243
3102512
2976592
1819890
2433496
96149
626394
3705947
2855489
2063706
4664285
4252097
3130743
4762960
3936832
3992930
2800127
1747895
3728306
725084
4125024
1835673
1226397
129895
111176
2531977
3990709
2222198
224678
1276906
2287137
2429554
2727394
1072940
664188
3602586
341557
3925689
3519249
3435361
2877499
4130539
4631066
1744925
2275885
2877330
2267210
2849721
4011650
4330411
1998870
4942080
543344
379225
801729
4754037
1086349
1762553
4240282
1764134
276633
2089390
2763850
2693054
1321051
4460986
2994020
1160253
4802961
4265868
2933111
2167883
3943704
3399115
2307505
2076889
2304533
3273336
4127811
750685
3695474
2145224
4691811
954974
4647537
4312854
3198500
615865
1211855
1934266
1430929
2321687
1938125
4152576
4373180
2468842
3889448
311583
4085176
3385045
4017837
1174249
1853992
4808238
1515412
387558
4943201
528050
2421303
3065959
4052907
1072296
647016
4154881
2600997
2583457
2528744
2352746
3670421
317659
4764065
4853350
2938286
1321045
2590104
1742511
4433315
4697989
2630825
3580748
1648030
321353
1107765
4275245
2008738
3217107
2167764
4208177
2124906
4695048
738376
3201486
4140422
3277243
621383
4336279
3835985
1642606
2351699
3713023
475863
2621827
2034869
2528928
2535512
2993498
4866059
1436665
523529
781475
2769345
1057817
1235949
1154227
4816067
2346739
1004148
2798689
3723028
3105562
4176751
1395335
2765555
3150369
4582465
1551248
1999731
2915791
114174
4842019
1800594
3561030
1467565
3490828
3068738
1895694
1778939
633649
1537994
1421235
1548305
986894
3527080
2569699
1247604
1135551
1403348
833313
1245192
752978
760337
3646817
4323532
2022855
4691030
1938372
750774
1846836
4151730
4299957
3937312
4085936
581239
2153920
1515356
1425432
2976096
3106178
515562
2576264
253988
2613449
1614213
879077
2363181
2793815
2838655
4784684
2884765
4185682
256789
1018124
623517
2731230
1436814
4780308
540952
1720645
2506770
3034738
102966
3975293
4759690
833737
4131218
3737427
2890641
51281
4339648
1036996
241826
430585
2125545
4742713
2575615
2405238
1585242
2991386
3755632
4599744
3809905
1489013
1078715
1749042
2504384
3868489
2939866
1951828
349253
4464516
2399369
2623007
3995347
557424
3586479
3620764
4434008
402883
1560184
632533
4431938
4147509
3849586
1913667
3116430
3521393
3109452
2800835
796330
14282
541995
4692671
3188185
560762
4373367
2550081
83713
4257008
4456373
558530
4554795
4434682
3767793
3621159
2324451
2241786
3603705
4234902
926544
2676669
3565597
2546469
3911910
1320297
972947
4658418
3382871
1447562
4363651
4306989
2112709
3344921
4806856
3102163
3888206
4687768
615036
4536720
1425957
4857416
4287441
1250436
4590670
985312
2258975
4831650
1701556
436893
4778245
4538985
466916
185564
1908942
3173582
3279960
1071673
1185348
1750304
3027209
2109633
3562016
4192658
983827
1310129
1967227
4407202
2485536
1130687
801143
4490520
1694042
3489198
2781609
3905771
3123884
83524
4532742
2014049
4899063
4379858
2880617
954797
2779052
1728180
4138455
3211201
68371
4060372
1663930
3049674
4327407
1815389
444420
462015
3059605
3015997
3801868
4831799
3522475
503671
3053323
1234588
4205171
3784132
1106545
4143399
3925287
617757
1744977
4379818
513235
2390320
1741485
3316632
2904043
3295784
397334
1752179
4813714
3969067
1959636
4462961
3208424
3801049
642896
582114
2058032
4263963
2677025
1196840
493814
2668440
2644443
4558586
382127
4704268
3297670
4878622
4785466
141758
4746811
879880
2264487
1058900
753551
3190351
2962381
785820
4474388
1131281
1562285
3097843
4034786
766345
1406556
1498257
1322769
4182111
2677135
1627508
2919007
124772
3865470
70023
4369052
687939
3066427
3290604
2662400
3566142
4653030
1520444
4197152
299989
4430385
205761
1178378
103964
338473
3877301
3199716
2412695
3465804
232047
2665571
609115
3590572
2652797
1445832
4594430
3639066
2866122
1485378
339742
3785805
1627533
2958284
1011499
326590
3646630
412760
731830
4520848
1278053
3768570
2756310
2969550
1395057
166649
3218937
4070816
1918084
967206
3994854
4010973
226056
2659626
3190027
1816779
3559868
1803053
213591
2412166
2554714
4749402
742574
219903
4181055
1273474
4878017
2581979
354602
4318848
2814152
2920755
3244702
180514
2946756
2336666
349782
15395
1756148
1826879
4789487
597793
2582812
984594
61109
1525044
2800445
3875574
3621011
2771975
4027079
3480844
4824245
3041121
2120504
2238835
4309533
1982123
2204520
623654
3819049
2322524
1735743
858917
891179
3536370
3032858
904793
4183794
1062204
3575991
3413938
1051150
1167173
3930224
3112310
2747500
1291526
3292940
4363084
269951
4394061
4257283
4864148
3267036
3988772
850122
654762
3275853
2695885
2230034
218297
3491868
329451
3715756
1292205
211217
1816850
2453543
893847
1321218
1478167
1451031
2007694
3365767
1933172
1721507
4551452
1613693
2047731
3007063
2975323
1851424
80547
2082724
3509483
2021329
2337144
843932
2089540
2839025
2144806
4607160
3727713
4420189
1715316
1635128
4401955
1764879
1654243
4655104
126983
4402865
489851
1623371
2268983
393892
2650886
2501641
780974
1050420
3770715
3310707
2095769
4590878
2447073
1861126
3187737
4272788
1009918
4872219
2035604
3966587
2528296
3023515
490897
3023953
466806
4057712
2229570
4836782
2071681
4889372
3631161
3900468
1874680
2845804
850972
1410946
3451466
1601815
1328719
4238179
2540659
1749334
4665669
1506494
3369208
2204312
1840333
2703186
2769729
4127925
3137802
995470
1276209
4209679
1423428
2429375
4791006
3015911
2977857
4658415
4520337
995186
4236355
1340083
4706087
4608620
4004889
1761250
1359590
2131491
2352953
2995464
380355
1829912
1272700
3007648
1909050
1259125
4916609
4250805
4279686
913977
45454
1749018
4512023
4267151
2558107
1494965
1951829
1290916
4567988
3678828
332352
1584647
4922521
585783
1179114
3190717
3492651
4886165
2508022
4262836
4502332
4854587
1334952
91896
4324332
1055391
4650593
1787770
1288609
154512
552228
4863753
1304221
92231
4741233
3233564
1705926
2757290
3779908
3675457
3662460
190035
1078307
4844833
2507182
2132779
4789274
2068179
1896881
1043099
2938029
2881903
1825924
2367495
633471
4758373
439078
111960
452779
1078357
566369
687889
4507873
3053605
3951199
1198893
263123
1511688
3829981
3669813
396125
1507208
2409408
1612644
1171190
3848976
3941158
3303022
1968436
1150233
4208037
3738393
3609030
4373101
3602960
835156
4025828
4479283
4342394
2326424
646965
1785177
1950117
3587484
2616804
4872169
560675
4395307
1876396
3038909
4413033
223927
3804669
2483538
2022805
2151508
2752316
4390279
65021
2538444
1510734
4414888
4385114
2736632
2841859
969415
930446
2695543
988307
4440861
1385817
4558409
1733898
1771003
3028255
3797957
137415
3049811
4508147
2593418
1152129
2015321
3095101
527167
2112905
1311085
3940075
3609002
3434079
4825333
2550491
4546537
3790506
4173431
3156402
3571168
4623474
2532795
4168134
3718412
1030864
3230125
781777
4046804
24969
2760641
1387270
2836441
2606074
466367
570437
4352875
1242433
51717
4126013
3616706
2268959
3667065
52382
1700603
403182
3307002
3185337
4425494
2774143
350826
2396808
3130306
4928602
2513275
4817227
1397289
325127
1252293
1438872
80358
2367505
461560
10873
2035779
3872780
3846071
3975293
4226392
4573951
4715309
1282225
4825252
3976929
2428465
571582
1667900
575813
3173583
1978252
1657148
4864002
1257248
4067653
1945419
1442050
715588
2773781
1163465
4289933
4875613
1636739
401016
1588373
2744039
190007
2316255
3496373
2333860
3706843
4086160
1550288
2054891
2901538
4695108
2637102
2849597
1835066
2720884
2988675
4768517
3108926
2125611
3726218
3096967
721143
3674702
1429145
284091
4835387
2697843
1702733
3819476
3567974
1363705
4662406
340984
1004534
211812
307242
3629975
1582293
4036499
1535609
2028526
761941
4082217
3322630
2719728
510915
3260818
1645192
2380555
1985583
4280746
3119486
4062489
4332139
2851055
4132297
374315
3670650
2527897
1687200
3839187
1392816
372048
864133
2387760
1247983
597492
4314642
3040672
583168
3608712
4261088
1146397
348668
3438299
4876098
241255
4544413
4743665
4403880
2206101
2431259
733841
392447
2181328
2066202
796977
3960686
2003212
1118598
597729
2534039
1811681
3244862
1631164
2330601
2796420
3731910
1508503
1593552
4660388
1865866
2752874
4715677
1062881
1502868
4301824
2129855
3184219
4702591
4011690
1409311
4527453
4920603
3165744
2330446
526971
1190643
3883288
3956908
3842951
1037466
677311
4665931
4528480
2730403
1323092
2962241
437405
4262308
1748794
4619256
2990100
3762755
266540
51836
3259614
3009677
1322710
1821238
2163694
7484
1654317
143003
1292380
911381
2020554
1991722
3393715
3204681
2417655
559643
43528
3720540
2448856
4197512
2346966
3787331
3689399
1032852
520891
4618847
3793069
2848987
127003
1173852
779909
2866289
4704746
3952377
1021690
3926283
1035552
2660600
4596477
4762214
1111641
4167314
3535707
379080
1921312
62480
4935985
4468018
3140791
917989
2931293
2504414
317259
3545442
3181755
3301415
3146335
3709632
3924095
4048193
196705
1005253
3327703
2443474
329273
3696294
4141120
1983703
4401776
3069476
1115782
4329919
4645965
1860682
3567284
1480753
2412740
500080
2241830
2092156
1834220
3096993
801393
4001959
13381
3724784
1826185
1158554
794191
2280395
3003311
2369109
2766977
3516872
2007165
548706
2326953
2196547
2872037
3771608
421609
3649034
2532728
4517896
763144
1639790
2478720
4894298
861864
478630
3475867
2268825
2983538
3186174
4453314
3470204
2489638
2961451
4295379
4459941
113586
3836634
1502261
1818108
2291556
2394126
2964931
66804
3349483
3633115
3694990
3516941
1855928
1581918
3255339
2969331
4511469
224862
1098160
2664661
503636
4239140
3974105
2753414
1524379
4187903
2232998
3239469
1576567
2293768
1983826
3396512
4510466
2575977
3879202
1216749
3254534
1880674
77604
2883368
4369510
600240
3754209
4854144
826629
716131
1087669
518955
1102193
812110
2368837
3196288
2196509
4931400
3139981
3320260
3924151
1508116
2939414
4437364
4434182
1161466
702106
3003346
3952202
3125647
3993394
92348
1585303
3240862
4756020
3853268
3799775
909292
4658768
3402297
2839118
4327840
4869632
3330324
293900
1337729
2982613
2241637
1288366
1166995
26901
3680289
4877982
2453158
4386011
1640603
351788
2662774
467012
3959476
3848609
1992016
1620787
71385
3441421
1649954
4609672
3427345
1728214
4043423
1125745
2866291
2435216
4659934
3281688
3529237
4821500
4497314
881499
1999433
2876621
2105041
1879204
4336966
1181736
4664597
3116350
2573231
662990
2024276
1963476
3394024
4937742
3899141
1819282
1470974
413533
1107699
3633200
1428035
3067311
4782247
2164604
2613486
3403855
4030365
2462620
2905113
3723472
71902
4481366
4203505
711798
532914
1179964
2762426
842103
817997
2535520
2049028
66501
1463485
1625933
926637
1872043
210175
3534357
2658974
454554
551696
3870035
4563991
2439571
2499972
3209433
1222076
408672
1228078
3588264
873572
956498
783400
905636
3651551
3217
3988652
1429351
4819767
925087
4311811
3112980
1223494
4809725
4147889
2737482
2748280
1305486
3107204
4249482
805948
3776969
3072904
1944472
2142233
2738997
2619863
3544455
3452843
3031413
2723713
2371684
4080930
3413155
1605817
770537
4640406
4943516
435426
1975610
416555
1430388
1057408
698357
892304
1882759
3448743
2809810
761331
128283
3025918
351495
4425733
4087127
3967336
1821667
2716577
3758177
3583726
4706849
3654436
1971311
2496483
503981
4452225
2282847
533361
2047301
2244485
2879771
2473897
509548
434717
3657159
2111674
4629622
3663031
3421798
2576743
1512965
4306302
349394
2654245
2874752
3964227
4183226
633612
3076137
2118160
1928695
1811504
582393
1053081
4914143
3166241
1534400
922600
2458663
838990
3674818
2149320
2617229
4337367
1483965
307884
3326482
2628425
328080
3036353
4680138
911049
1958452
3777893
3271835
1522281
2514873
751674
2026273
4941744
802494
2533911
1545248
1588688
2832257
554580
4239701
2383422
2375816
2589011
1420002
858125
3329406
4178301
3406400
1661652
421859
3589808
1894568
787477
4402788
4691906
3168338
989713
1148272
3484663
1279414
1167543
1338755
1321446
1082586
4481726
3465090
2089005
2364812
2176472
4010484
1960497
82613
4287946
4745556
2151505
3336979
137420
2315338
2062518
1209731
1443839
2096729
381819
575383
199537
3930106
3650664
2235933
2629798
651154
1038933
4360847
2001661
2125012
1227604
3807419
1215859
4525735
2246757
2371477
2611132
2634148
4776032
574980
2126685
1876699
3441915
596035
3095587
1050946
349214
4274503
747033
2907282
406621
927751
395456
2020758
5695
4442415
4120036
2545335
2453032
2284394
2601310
3006753
3406388
889390
4046418
1048336
4903748
2635693
3501114
1474177
1159721
1048965
3054172
1812812
4453248
3545904
1452337
1467768
1212575
664573
4196090
2148945
3696896
2549991
2025154
3453580
2727107
4469592
909023
1643003
1069666
772622
335129
1911567
3546707
3992482
1355596
1095031
541338
3161634
2038951
4256128
370758
2626259
3396830
690657
2124410
2179135
2270777
1244287
1663909
4426904
3071336
2936916
3897794
2072490
4344792
4235910
276162
3094803
2926211
3049538
268947
2226708
3824582
4141157
1594419
3814052
2577736
2289175
1267391
3943941
4907580
1310177
4165926
2734508
4407220
3251746
3354275
3094125
593162
284878
3223475
4447761
4138466
2721471
3373590
2201108
2600322
1489296
3741513
1601197
1741354
372776
3454871
2753306
2811667
3393835
4875554
4225310
4784218
225973
1889584
4877808
2826939
2905045
2389621
2503034
3170937
4723359
2728491
2428545
2691999
1669796
3814408
2204534
334899
279909
4762007
3261169
1239853
2183241
4813581
4059289
2788381
3932137
1928062
4891500
1628819
663038
4348832
3496443
2393668
3181553
3894870
282143
4458865
1394575
48231
1532251
2943121
4114629
3507021
3634808
3333006
2384066
1642133
1856272
821544
246394
4869338
2347862
1312273
4494403
1633609
242360
3028072
4870197
4283265
3238041
4502459
4019641
2564223
4797759
1388002
2765235
2221601
3571337
2751889
2543886
4804086
1923610
4579669
4913580
4642562
2300416
2727636
2628860
566687
1168241
2868674
2817963
4046831
2428881
1750828
3135839
2278661
3774541
1108143
4029440
2794411
982687
4461831
1339182
1658260
1754453
691434
4017830
4136980
272261
919805
2520491
808500
3188673
802839
962503
1405136
4078113
4472992
3524354
1607842
3337402
4280843
2837680
865632
1023792
1825307
3134788
1074553
1777787
4597982
2665692
954797
1067938
526008
3270968
3454492
3187725
3905313
4225164
2867935
2258501
2365268
4042027
3018146
3984693
2459143
4112145
3738995
2584701
2796801
1116165
4117974
4249949
2446284
4021198
404232
4269400
4155737
2033002
2256080
4278977
921672
1607818
1853313
4450365
1070489
1008982
2724223
2324242
4900233
2651030
3017792
3410749
2171175
628515
1287351
4078393
2172450
269510
3872606
3569848
4036982
1494604
2960387
110217
2577458
1395987
2445652
1753179
4304209
3457972
4254160
3935218
3958304
3201203
2521810
474416
3889677
4310216
884367
2221855
179656
320587
4907730
2029141
418968
3903628
4248304
4904561
1361628
4075185
3084814
846335
2104645
3837823
4599110
1682071
3433810
247337
3083218
2794621
2062556
2557500
4193790
2180901
3361962
1491862
2931371
3084632
3393149
82843
3567690
1178257
2180273
51774
2402771
3837964
4690615
4252326
2283658
1094446
585423
1577207
496652
4503137
2916916
4722767
2281393
1034476
3864489
3009145
1967762
3167874
1665914
228846
152548
282414
1455195
3163708
2788933
190707
3392951
2288778
