56
11
96
99
136
46
44
71
85
182
50
21
193
150
8
207
34
223
210
93
113
27
32
95
222
97
117
47
141
18
166
206
41
139
53
178
146
226
131
16
100
125
17
187
139
161
77
203
17
152
169
201
218
16
174
82
151
82
150
56
171
211
178
126
182
108
146
117
48
228
119
91
8
49
209
163
145
73
175
76
116
125
124
199
189
72
214
51
149
129
166
225
154
175
226
189
29
105
127
156
24
127
83
181
221
72
144
184
122
130
156
26
94
151
191
103
160
125
163
205
90
123
124
212
128
40
53
186
46
41
205
176
66
187
177
130
15
78
129
64
105
125
80
147
110
26
20
38
166
208
157
158
75
218
170
132
167
82
178
227
123
67
208
181
77
59
223
154
6
50
213
74
58
85
124
171
123
155
89
67
28
173
137
165
18
161
30
112
166
44
73
199
181
221
58
54
212
101
126
36
185
208
4
126
38
41
29
220
139
77
12
187
125
113
184
2
37
197
74
86
129
136
107
85
137
51
93
23
88
209
96
92
150
98
228
33
1
82
146
80
117
173
140
76
182
152
22
45
215
6
76
181
193
101
11
11
67
111
80
56
25
159
8
77
206
15
98
71
125
16
1
138
149
15
32
42
47
127
72
215
17
221
146
203
208
117
32
163
51
69
1
37
84
181
170
24
47
75
65
7
