1563
1036
316
1571
328
382
1456
908
628
137
125
1265
1557
1147
1532
779
1576
1608
1383
466
1072
106
1732
964
146
419
957
753
1012
1719
301
1462
1056
1302
1615
199
11
1529
1701
1593
1330
1372
1471
1522
88
1137
1472
1240
310
1232
1227
645
1498
1418
1550
564
4
1691
870
1731
694
1413
1433
1458
470
205
1386
132
52
984
471
1720
1496
1253
1333
1452
1754
681
384
1297
1479
621
1567
1705
6
1417
94
1105
754
1454
1742
1043
425
634
72
1185
259
1627
81
1120
1294
976
116
237
1758
1136
1042
1091
1619
535
76
1758
1688
193
338
381
303
1358
281
1736
1079
533
1048
955
340
1494
342
701
860
162
405
740
38
188
220
1363
1707
1105
1626
1197
1033
62
640
531
1188
1238
1378
1076
1058
979
1200
125
1305
246
1191
26
1552
994
1158
93
860
1254
1522
536
1515
786
410
1032
19
147
161
281
1034
270
968
585
1183
1276
199
85
1319
1336
1345
1501
1391
35
815
1580
1221
1486
1398
1746
191
800
390
708
1515
1021
913
1183
577
499
774
1541
43
1039
1180
1686
1666
160
411
1768
179
1691
89
577
1030
1504
1184
1514
1212
1648
1513
96
345
396
1764
1403
1148
129
1536
102
835
908
727
1588
135
466
223
1299
306
41
97
1148
507
724
2
1214
89
858
1304
828
738
958
343
1688
149
1716
132
613
577
391
586
712
1660
288
1125
1224
179
1077
246
40
22
338
801
1364
1165
862
531
397
715
1665
586
1266
1572
1484
715
1100
1429
1576
388
730
659
1395
1775
413
1468
1775
1403
1365
349
1288
1427
803
625
1332
1628
1291
1649
440
1630
187
1725
16
745
713
266
58
1563
377
462
346
496
1641
1711
1558
799
509
16
575
213
634
57
1034
912
137
173
55
658
419
1107
1267
396
1690
1727
1630
897
985
1162
1519
83
348
675
49
88
865
101
1327
1289
1193
1205
599
118
1498
1047
365
1283
1490
713
1775
1628
920
1744
1021
135
850
736
1326
262
1326
950
1676
1776
1453
934
456
1501
1184
1204
1466
519
700
1679
728
1640
758
340
356
1316
195
211
1103
882
675
1156
1744
1253
104
234
411
1404
864
995
359
461
694
510
243
1643
1081
787
1216
775
1205
148
311
1021
741
1055
1262
1173
1118
1288
876
1231
818
1251
737
1411
1524
905
937
748
1507
1594
1280
1016
99
1204
359
1725
1481
1754
1358
1636
602
1766
1218
802
59
1034
542
814
292
210
1074
97
1282
382
1486
1708
823
1532
773
1321
767
1319
301
1488
341
1301
1272
608
13
885
1377
1357
394
359
1082
1393
1066
962
1248
165
184
1136
1359
1549
1677
291
1650
1293
1051
1449
366
1732
709
1488
1678
1145
625
344
1735
1097
674
657
739
1369
1056
857
362
1687
1716
968
1177
1759
1420
1345
494
365
279
267
1085
1441
1116
512
763
515
892
668
1485
488
416
1662
93
170
1202
512
1644
266
1199
817
1453
703
1764
1547
1373
1568
33
52
1629
573
1520
597
61
280
1753
1293
533
560
63
1040
751
1126
527
1057
563
59
1193
903
1600
486
604
695
1570
926
1186
565
1024
1288
1631
1128
1247
1518
984
798
763
426
1469
707
87
940
348
56
1014
875
914
94
570
1749
337
272
949
998
377
485
263
667
21
1005
1302
850
824
1526
1471
1651
750
929
1307
1210
711
1026
1061
1707
731
1412
714
1270
1028
361
230
194
849
674
826
23
1152
938
799
1139
1243
1754
1531
1052
1623
38
664
225
1323
734
560
1697
1533
1243
893
952
1559
1526
8
676
93
1102
75
520
1539
1469
1110
1580
1389
225
346
184
1017
578
1293
1119
609
1117
245
1521
131
33
1216
1118
586
368
1442
1442
1260
1272
1569
832
1749
1636
280
1002
1399
643
1225
735
701
1706
1560
578
932
371
1196
644
867
384
1507
289
261
1757
644
668
1209
391
679
991
1279
64
860
603
552
51
124
1631
1606
1660
871
1275
395
233
1498
578
1173
683
138
1080
1021
597
1215
1278
792
1700
1296
1354
127
508
657
241
1686
935
81
1270
1720
297
996
954
1763
1442
480
158
1244
80
999
1617
947
642
36
1062
444
579
1719
1054
247
996
576
782
1125
869
721
1515
994
1708
110
72
1647
650
82
1436
834
1638
891
688
1225
1045
1244
566
792
1580
8
679
1596
988
750
183
1439
1250
1344
448
253
1333
1023
1378
1354
553
1023
986
999
780
899
121
1167
1538
422
1248
37
163
1019
1291
1451
1246
721
390
1241
1486
724
1573
817
1246
1642
909
346
691
1281
1000
789
1474
1378
1607
780
449
1441
1478
511
545
1444
221
1394
1650
311
997
1323
1669
1110
966
293
1759
1588
932
1120
1524
404
1561
1480
100
906
1088
258
609
1498
427
608
202
1247
1441
855
1015
484
1705
271
80
893
1285
725
759
1348
1345
1300
1525
1029
558
1133
180
1719
932
1326
1109
876
1154
454
1373
1583
1139
1527
374
1229
427
1702
372
1602
651
830
770
846
1701
889
756
1521
204
1591
1231
799
606
30
54
773
1322
768
1417
706
216
234
1292
1641
1239
957
1463
1310
207
471
1119
1508
837
31
586
369
868
1355
170
1167
1174
335
971
492
1307
482
351
555
1775
1732
1455
113
1604
646
1092
282
659
1231
1014
1505
104
585
365
339
1406
1769
1337
1543
1508
287
104
745
415
1152
1279
611
1087
764
872
222
1691
713
391
464
1271
591
763
1590
1079
1713
1370
50
1000
182
492
561
1010
1551
888
958
1343
1205
1546
1055
278
1464
1647
1231
672
539
1053
1298
1074
1510
854
1100
1744
425
542
411
481
464
443
280
590
1038
240
1385
1372
571
1619
1142
667
1495
927
410
357
1006
1215
1526
783
564
1561
207
603
1239
1216
808
1038
1663
612
88
1168
1740
1131
968
906
880
1358
1125
1746
604
987
1329
1218
1469
478
1073
909
489
1557
529
392
310
1717
1274
985
1021
1298
1159
1001
1334
990
1523
414
1500
129
65
721
794
1545
910
856
899
1047
109
95
94
684
504
1422
462
1686
252
1040
174
198
1256
856
1613
23
1114
1629
49
894
995
1293
824
1335
1673
628
407
253
1352
1765
763
873
1267
963
92
1695
851
1169
1511
1642
1014
210
1272
423
18
151
299
1528
484
718
1142
1415
1130
519
1067
1380
993
266
957
434
1238
1273
1631
1656
50
487
954
1339
1364
710
658
1653
742
1056
413
24
537
417
846
959
1627
717
850
330
911
1427
845
258
1743
979
1630
1075
814
928
1270
1550
1692
1313
445
1252
622
981
247
1754
1109
1045
932
1345
326
1513
64
329
507
648
1602
1379
945
847
1154
264
703
1395
325
1489
329
444
1650
1769
1159
1686
1083
201
1567
364
661
673
1391
256
1545
941
58
242
1354
875
299
831
824
247
1576
894
987
1319
469
322
1077
24
209
792
1136
369
407
1718
1316
898
1255
1689
3
1291
549
1040
822
388
1134
1170
749
1660
967
388
52
336
1116
226
1574
1294
1618
747
195
25
765
796
1190
1429
1299
1087
1323
1356
80
1314
56
115
947
591
566
1394
1032
1451
474
536
58
1432
1190
967
456
1223
1049
638
956
1397
46
1462
1237
537
1154
1075
1148
1056
25
65
1254
1252
900
97
1513
756
300
44
1281
1048
1578
11
842
1078
200
1113
59
442
175
925
1379
637
438
1549
1690
190
193
906
755
1765
1454
1121
1411
856
319
836
1028
1100
848
359
380
1567
703
711
538
1156
838
1495
106
831
374
1746
578
1713
951
360
1209
1426
298
989
1357
801
1077
1730
1355
579
620
162
934
919
1402
417
1200
512
750
1110
1604
1254
950
673
567
587
1686
500
807
1057
1131
1055
547
1109
1617
155
1724
1772
1221
1574
654
1007
831
1068
991
242
1690
959
1531
1415
976
1007
1183
1519
1461
342
1626
785
1165
101
878
1748
1158
1038
170
1432
254
1424
558
284
749
1270
1565
1510
1107
946
992
743
1154
735
1651
295
357
505
1419
1672
933
1705
750
1671
1422
177
1350
317
737
1019
1174
1330
566
1028
1599
695
921
903
1643
971
1132
1742
1758
1131
1453
1359
275
934
111
74
82
460
1572
588
1467
21
1291
1737
1489
281
74
899
1082
915
828
275
63
360
1380
415
1390
422
1169
753
998
1715
1234
712
200
1485
1597
735
1245
1392
823
47
1311
1599
603
575
1366
460
1003
1121
1450
488
152
1426
1417
402
605
1731
1347
795
1362
755
1052
1400
270
586
1573
33
111
900
1221
804
707
495
732
1121
270
319
465
571
330
73
1057
1768
1476
851
52
1068
543
1110
309
220
1537
1495
64
1754
1022
25
280
261
334
300
1718
28
132
62
1155
50
482
738
1652
781
920
395
768
966
480
1469
318
728
832
334
1743
145
1712
1177
1772
644
966
303
933
1675
1747
1148
844
861
1222
1754
1219
1626
581
509
1290
140
1641
740
1636
181
358
943
751
1293
1077
1375
534
1185
475
207
823
1023
366
1188
262
1416
915
490
1517
241
835
1741
1334
845
1241
390
1311
575
1159
303
267
1618
580
771
1776
403
701
697
229
855
455
335
1360
742
1431
818
1542
915
563
996
861
382
1385
1304
1485
966
438
1658
499
1703
1564
650
1633
167
1175
1105
313
353
1613
1292
15
976
361
332
1510
460
78
1365
181
1462
1683
219
100
958
1740
302
509
1276
1226
803
142
660
996
313
245
1265
589
205
1243
665
133
483
417
319
1431
58
966
1550
439
1667
661
1249
826
173
226
101
1591
332
708
739
655
443
390
98
18
818
317
840
205
789
805
488
481
749
175
1422
1179
742
1000
1512
137
877
1626
612
372
856
624
1263
467
1712
322
228
1504
1580
128
1537
43
1740
77
1023
1340
1638
45
409
18
317
333
1299
302
1655
575
1459
1309
1729
375
466
707
697
946
431
1588
1383
518
1451
1129
1319
511
779
757
1301
733
1471
1281
665
685
1703
307
1731
1529
260
160
1619
909
1746
131
812
66
1084
1144
893
1479
897
1030
1300
354
1235
190
1115
182
11
1756
1271
934
1750
749
65
778
614
186
372
1267
435
830
1658
696
871
555
213
1340
234
1435
56
1102
1264
1440
58
502
153
768
764
251
894
72
1362
1635
63
222
313
566
219
130
1300
1192
657
182
382
24
973
1374
726
27
539
311
1280
1602
938
989
1257
942
40
1042
591
1721
611
1191
1702
1399
294
653
115
339
1773
745
195
146
1456
1222
245
980
1769
786
1526
847
500
379
781
1622
888
518
3
1172
339
831
274
18
1667
1403
518
287
1561
1463
1345
1160
52
1344
111
1501
1685
1070
188
1189
1012
341
541
524
406
1171
857
35
1196
982
656
267
244
470
1430
1768
551
926
1175
1599
893
501
1405
939
1381
458
1019
1378
1037
34
940
311
1726
1272
823
1324
1491
366
937
1123
1530
198
1380
257
198
1625
285
360
341
770
1615
1704
1577
1095
622
365
1356
782
517
17
1089
842
337
182
1068
154
1325
1139
718
855
1535
503
350
931
1517
248
443
793
1499
1405
1001
229
298
963
1522
1720
109
1104
1500
1521
978
602
76
898
238
399
1388
1041
1387
324
1463
12
21
508
1603
1324
74
647
179
269
1748
62
218
366
535
444
1168
1622
1466
75
697
515
216
1703
241
1718
941
1328
13
484
1693
1333
71
853
329
165
1702
1279
45
371
757
1346
1119
1246
1219
219
1578
878
1770
832
1379
67
133
218
1474
1183
54
665
146
1163
911
516
160
473
512
791
80
826
481
911
168
316
665
102
607
1411
1515
1499
537
482
1220
714
1536
1385
371
1338
1609
13
1522
1682
668
94
1196
498
245
1166
702
1746
540
417
589
662
531
595
948
584
229
1253
602
1146
259
600
632
1767
1686
1274
192
336
381
848
1597
78
74
281
80
677
944
1221
315
821
1686
1356
880
940
1304
520
440
1716
818
474
205
842
800
1190
234
869
358
1060
488
776
1244
1484
393
1553
1685
213
14
205
406
1049
1719
1031
325
883
1151
1723
1501
726
339
209
507
70
556
1080
530
990
536
1266
1185
1339
1713
520
915
781
1053
1776
1673
1500
1376
511
1448
1593
394
1372
507
920
1335
746
736
443
1584
1284
862
481
1327
1126
996
629
1406
126
1344
718
345
1392
1384
1227
1366
675
1279
1375
1347
157
753
999
995
116
837
916
1666
431
919
394
130
13
504
308
897
1183
805
940
18
683
260
453
116
245
342
1520
1610
1110
1698
1728
1388
24
247
1266
94
1607
1419
512
336
1731
1462
1125
275
426
1634
736
1416
600
1083
1569
733
1222
368
839
439
286
1603
523
1653
67
1294
337
554
1459
732
1071
719
177
1359
819
260
219
181
459
562
548
248
1649
1311
120
689
1617
549
574
1328
915
831
1108
603
1627
1758
92
191
1674
708
928
1347
808
1630
379
1480
1289
880
1709
721
915
566
1335
1273
1763
1213
1068
358
1505
750
7
1489
1274
1601
190
131
1325
882
683
943
26
1173
858
696
328
1060
948
1712
548
926
562
795
591
334
1381
1021
1514
222
850
11
1170
194
1190
1064
573
16
333
1371
478
11
1483
1020
1752
105
1748
1313
500
1351
623
749
1123
675
350
496
494
1214
777
1619
622
288
1311
146
282
1122
118
788
95
1609
1136
1405
1774
1356
257
263
1403
90
1371
326
907
656
643
938
576
383
870
1177
1186
1256
302
840
713
304
966
560
170
1404
1560
1559
368
1742
1040
1035
1619
1357
1685
452
1476
1347
655
1304
1010
821
502
1662
1333
1267
61
1668
1089
243
422
73
786
1283
1110
921
161
1087
6
1071
124
1000
1377
63
1701
1351
157
85
1513
1233
883
354
1292
238
1079
199
1151
903
1619
1445
1049
1750
1503
1333
457
1184
983
1324
564
1748
5
56
504
189
215
1257
1606
1163
777
427
1522
1374
1220
722
238
879
645
243
895
975
1218
1452
54
432
96
338
164
91
1281
1691
1517
77
1423
414
1226
1525
741
575
575
1674
1142
1664
1068
333
1260
1636
424
476
989
1724
302
490
1391
1663
536
564
1635
460
271
1282
1597
1313
1771
1725
843
1417
157
1072
1132
1437
696
718
144
1669
1436
552
808
660
198
825
883
1497
1141
63
139
93
322
47
1532
1318
1706
1646
195
1280
882
1428
313
551
344
441
1108
538
401
1242
187
1311
421
775
822
1135
383
729
365
76
587
1378
1664
105
1394
1663
1339
678
851
1300
1669
1325
1531
1553
1645
816
1499
1756
45
1666
582
1218
1182
1625
311
1373
1691
822
458
173
1037
1504
1485
1525
1148
140
113
49
1018
947
178
1096
1615
1676
17
1408
53
442
235
346
413
1260
98
1078
101
1324
245
774
1511
1543
1412
243
198
1605
305
861
1691
1331
918
314
266
860
1429
1399
450
787
846
611
148
1311
752
1367
1462
586
1213
899
883
1010
1555
613
781
685
976
1640
908
499
726
1051
1221
1737
789
1007
1089
87
213
949
510
679
243
449
267
1280
359
624
1133
73
1475
1544
1740
667
1287
114
299
1711
1057
546
903
1483
471
157
49
741
1588
1629
1410
948
1554
1775
403
1074
824
151
1032
49
540
1527
752
414
430
1046
1722
665
613
51
579
267
65
555
605
726
693
406
1393
883
641
1197
1317
648
1016
1623
695
330
528
17
175
1016
1570
1165
1714
394
1372
440
1759
200
870
386
483
1289
100
101
1303
459
1526
73
96
1499
796
1226
1592
398
807
90
1482
1383
337
933
1525
843
1139
1262
1606
837
1039
1665
818
423
1282
746
288
972
599
1155
916
347
463
726
1588
1622
123
13
1351
60
782
1499
1375
679
1300
1073
390
1573
792
1040
1228
1121
1620
1138
786
1759
626
1655
1261
387
1501
1014
799
471
438
558
1254
653
99
760
1729
399
354
1182
819
576
222
384
670
311
728
325
438
701
125
1065
604
868
1641
990
112
818
1555
700
1032
803
439
1771
646
439
683
1666
1447
1677
539
621
523
1365
1542
1084
392
1249
586
1043
1747
937
1758
460
863
1008
732
974
334
316
328
1083
350
198
366
363
267
1704
757
573
607
1070
1492
1137
1496
1388
734
1445
1270
1182
1265
1706
277
266
1603
1147
1416
1311
26
1749
703
1374
126
766
1534
832
300
1749
1149
986
177
1588
1619
57
1481
1174
1660
553
822
1304
1632
1145
390
151
278
147
249
1596
1038
218
1150
815
1448
1183
66
279
1146
276
872
832
943
6
827
937
1196
867
1038
1776
179
909
102
1022
20
1044
1138
1285
808
773
469
878
678
442
616
1120
1320
926
1215
1243
654
843
577
863
604
1035
991
1274
1377
1304
1059
473
1690
471
930
203
1502
1389
55
925
668
1744
254
12
1088
177
269
824
56
4
330
204
568
1450
218
527
924
475
328
1369
681
787
692
1565
959
952
1350
263
866
37
1255
948
316
582
1748
726
753
1759
211
259
1356
1092
1316
434
956
1433
926
422
225
146
1523
912
1038
55
1099
120
923
40
454
473
1764
557
1736
235
912
1258
1512
29
647
1149
136
1501
1432
311
41
206
48
135
470
976
744
578
850
949
189
1017
1081
1464
369
802
1074
537
153
238
44
1278
895
48
328
768
298
828
16
352
1272
1446
221
1284
1261
1187
1585
1078
12
1745
271
1020
640
1456
1239
1180
1173
728
714
838
215
626
283
1009
194
1139
376
1072
1110
1550
148
81
923
212
1620
996
411
646
1144
1577
44
466
1271
1211
1525
465
565
188
1152
347
62
1052
815
1118
1296
797
1481
964
850
612
1028
1148
845
835
1764
1121
455
172
568
536
91
208
762
1577
735
197
1404
530
1265
60
1626
251
448
517
189
767
415
604
1455
649
449
1692
1462
1663
1261
1328
1379
296
149
392
998
155
630
1653
1175
1339
1704
1473
1521
410
547
1511
1053
1500
951
1521
622
1015
792
432
1398
1690
741
1235
174
1090
1332
1629
767
1332
1361
1031
154
307
769
1157
319
433
713
959
476
931
1584
806
1136
705
471
744
1591
1454
770
13
354
1294
503
837
1061
126
910
565
1688
1151
888
1470
1324
1633
1164
1055
1519
1196
168
968
852
1024
263
222
393
1098
201
105
784
1159
1383
1103
748
897
93
705
1205
820
79
999
1492
1087
1216
1641
1288
52
294
368
859
580
72
1752
702
167
1451
1176
992
528
294
1423
309
1356
286
1657
817
1394
807
1010
749
1520
1775
671
1149
797
598
1559
347
1408
749
1764
119
946
1509
1525
1016
1438
1299
128
176
966
151
1733
379
766
100
1436
1199
955
1187
354
230
1113
290
912
238
1215
310
739
1563
1208
1318
801
949
1625
133
1367
1070
1758
811
364
1197
1562
343
734
1141
511
1163
1733
1263
1026
1330
1624
732
307
1543
1267
353
404
1431
494
81
133
848
1340
31
957
348
394
1388
697
1172
1557
78
741
443
991
922
547
857
336
1768
697
15
264
1706
284
626
1139
1134
1684
1012
1109
1006
313
1114
1697
296
1108
42
1477
66
1452
1294
83
671
1759
635
1387
1231
347
1249
17
1534
986
1500
803
1445
294
1285
202
728
88
1110
960
1313
1407
429
908
1493
286
1382
1029
1137
727
1304
1543
549
330
174
93
966
473
1344
821
1568
580
1030
967
1326
1373
229
991
1174
1268
303
203
319
121
1192
1046
720
542
142
1243
429
928
411
1275
633
1705
1471
810
1710
783
72
849
1108
573
1581
973
398
1455
792
277
1376
1009
1306
258
1247
74
629
1104
1770
905
900
561
648
914
140
437
1267
776
957
131
462
439
1662
341
640
1412
822
886
728
1171
37
831
362
1259
516
1763
212
1190
1714
511
1425
101
1678
487
1670
250
876
279
1530
800
1063
1717
1301
161
574
25
688
75
120
786
254
1430
1381
419
929
348
867
887
629
696
710
1627
983
1698
705
463
1092
1736
1370
1720
360
208
329
387
341
382
724
1136
1650
760
1691
1297
1004
1195
6
30
62
1324
196
996
1390
433
957
1435
760
1268
1066
185
1459
825
1112
1542
297
1599
699
103
452
1434
952
458
50
1201
1754
587
1177
276
1656
830
1028
420
679
1728
35
676
1547
489
1282
1519
1568
254
395
938
1402
1544
249
1107
458
983
616
413
203
1517
1660
293
509
526
314
859
330
677
1255
973
1251
1051
1219
1218
731
193
825
1156
395
1382
1332
1640
172
271
1720
775
1661
1567
369
1587
1313
321
283
600
1193
98
1720
641
181
1112
189
1611
362
647
293
55
468
85
91
451
1518
1081
774
428
733
832
1028
942
94
435
765
1280
752
254
1053
1028
388
1372
1305
1060
240
13
1603
80
247
927
416
1016
20
1773
1718
1237
1095
272
458
1328
951
1275
679
114
429
1654
1352
1670
1388
656
1092
1517
1058
1597
578
564
112
1682
370
180
1565
367
1168
1288
973
573
333
94
183
557
619
125
1120
435
966
351
1448
534
201
1684
351
437
976
731
637
98
638
889
1577
1721
324
973
793
608
944
275
501
900
4
264
532
1305
440
451
1362
944
1560
508
1253
1108
1318
1337
408
543
557
944
1483
174
934
406
89
1612
636
361
1492
91
957
64
165
1668
918
855
1190
1168
572
1013
520
1041
585
145
526
1315
739
38
1713
261
203
558
1433
99
262
874
1207
1054
200
1570
1616
1446
1516
1359
797
759
236
1632
296
153
726
1456
1275
1418
1286
145
475
1008
1220
118
385
1282
1404
1548
970
1687
1153
1336
593
483
1206
1202
897
818
444
320
1108
815
412
140
1731
1044
1085
1668
1051
1374
823
1039
1132
152
314
1695
1589
1368
262
598
778
958
375
288
1349
84
1445
958
151
941
869
1148
992
1132
430
1568
229
1418
181
850
439
1629
458
742
367
1354
1297
9
858
344
946
459
335
1281
333
1479
995
189
1227
824
324
1491
1273
496
1110
1131
274
380
214
866
302
949
640
1314
1439
1350
1639
801
685
25
38
431
1770
1460
571
1004
1228
1169
755
1446
1407
186
339
1570
1412
1271
1023
188
1273
801
519
67
211
808
238
621
362
1358
935
222
1373
29
272
1058
246
280
256
667
1745
1042
1057
225
220
1391
596
934
933
489
154
1687
322
1465
1123
1095
388
592
1240
176
1149
429
825
276
645
1427
1064
966
1027
146
307
1118
1519
1561
201
1095
1485
220
341
741
1278
1588
328
256
417
877
897
950
1561
21
1282
780
293
131
322
1084
1312
54
190
1484
237
1708
651
944
293
1458
189
1064
360
1321
644
311
480
1338
1057
1115
1728
97
1620
1132
1692
1650
1086
1037
284
1582
597
44
220
470
1118
215
566
1281
408
795
59
920
1575
218
729
123
1128
1475
1469
393
735
1772
1286
1344
810
181
269
1281
1503
106
863
1424
1510
1100
157
644
1402
505
1152
523
1385
1187
831
1201
1132
57
15
706
859
980
1138
1058
1742
335
1660
315
1551
545
1469
1119
260
19
164
963
470
1365
1042
51
119
1700
411
1608
577
1358
1153
849
1507
1122
287
1346
534
1037
973
1387
97
1300
778
1345
614
917
607
1664
524
1060
509
1582
1625
1582
1254
961
1216
1050
745
545
1717
1764
1242
1040
1749
183
926
73
636
336
1246
48
751
621
966
1374
926
1245
312
779
1495
616
885
503
1557
455
22
1596
1376
107
1324
850
450
369
324
1556
1284
1521
835
1066
886
822
1281
1584
85
28
990
587
1573
661
132
1488
1110
1569
997
487
66
496
55
1703
1314
876
1487
1257
235
1331
1407
1114
1483
892
1359
1056
434
430
1759
768
845
416
4
1606
759
89
313
709
1245
1104
70
535
1589
1705
1716
87
273
1671
928
1556
824
22
1100
1701
1747
977
573
1681
1400
775
1436
848
682
1128
348
1402
486
925
1619
1294
165
1415
866
1252
968
459
1752
750
1107
1103
432
1032
1178
1344
1641
887
933
1255
16
207
1357
1152
1230
143
442
1746
475
1740
1344
1497
1513
1008
1159
348
594
357
795
1328
1544
1668
617
1561
65
1179
1049
547
1584
1660
226
854
1330
677
102
334
134
638
76
895
47
776
1623
374
1746
533
274
292
760
1449
1099
1547
1359
184
959
860
1650
1398
1185
523
427
313
373
701
1358
1059
121
1608
1156
609
1413
1671
56
457
1521
766
1613
244
1627
303
825
1346
1535
953
861
1442
597
1493
1412
122
979
1004
917
37
1726
501
242
1753
671
891
1551
1550
1362
1583
617
1677
1245
341
395
132
1493
1688
1761
1306
988
552
972
412
1750
853
609
1431
539
1642
1644
1036
104
844
746
1613
1078
1485
445
1472
486
1111
1568
150
126
128
728
1618
328
304
904
960
644
254
1370
986
1025
1671
102
1347
508
1765
841
752
1177
1410
546
1631
694
583
1494
769
1693
510
149
161
1458
694
99
945
615
1697
1166
1343
1622
422
631
519
256
490
536
1255
1739
62
378
713
292
1278
428
1598
1126
1230
1067
755
381
600
1542
1229
987
42
842
1251
1234
1571
1538
1198
150
1765
632
274
272
897
1679
78
1611
1473
1291
1015
534
1415
1026
1700
329
704
1500
804
1300
560
1708
555
1326
150
679
652
315
1198
1062
1006
76
914
42
1755
1763
1252
401
951
1382
415
1765
293
1390
719
1432
321
1223
832
537
316
1578
357
20
1590
170
223
1064
1258
1059
1377
1317
324
679
981
380
1335
1104
758
1272
157
247
432
1083
428
1662
1690
1392
614
1748
1587
1535
548
784
1741
1765
1096
1420
1527
969
951
1090
1760
724
1195
630
152
1126
937
105
1773
999
1705
1628
719
1124
1449
933
1327
1500
1631
338
370
1468
1400
1374
854
951
1491
378
321
1144
1181
1652
174
528
974
1765
1725
142
1229
1077
206
911
555
195
1437
1550
919
1358
194
908
1299
140
766
1483
1695
449
983
517
164
1127
929
1561
1354
1083
546
418
862
1448
1564
1552
229
1427
814
799
216
1229
239
839
174
162
719
642
297
576
1760
1469
1186
467
1441
356
220
475
492
444
1584
591
867
459
1112
395
1009
232
351
1322
246
1304
1655
129
312
550
766
1287
781
1110
1646
586
209
1118
810
970
1325
70
223
1595
688
274
661
1616
550
410
79
653
435
83
803
747
1586
1508
570
309
639
846
1075
165
730
1276
311
100
1437
422
1273
1280
224
1023
705
832
1096
789
1570
905
690
1103
1176
455
1017
1411
335
105
1083
1236
1664
1384
151
1086
630
1371
634
287
1478
609
472
1407
1567
1564
147
445
1618
124
468
1254
344
771
301
549
650
274
309
5
1053
1485
1223
708
278
991
696
1637
1637
981
1604
585
1749
1422
1517
475
104
1053
304
1643
1248
1492
1719
1078
1769
545
665
972
1634
1346
1673
691
1532
354
1303
1134
1753
596
66
1032
1333
642
634
120
1357
202
747
387
1617
105
1274
765
920
855
940
669
528
1101
1387
417
184
731
867
424
1002
34
693
1024
353
1720
811
1406
590
1722
784
1266
438
1510
867
281
145
1096
353
1351
73
382
1402
911
1049
83
338
830
1558
523
685
116
621
1307
518
1039
1366
1215
330
1571
523
1037
680
771
465
1527
1291
1165
308
1443
284
1381
746
1098
24
559
1219
1302
405
1569
21
1219
1466
1149
1707
1627
179
1295
858
1672
643
1431
347
290
1615
1254
984
151
1347
62
1455
986
926
1704
609
1232
1229
1512
286
149
1505
409
626
36
632
1076
1681
539
814
1336
1189
402
1697
1170
307
1472
1104
1199
625
992
1396
48
633
1
800
286
1594
118
440
75
1148
751
311
169
601
1528
651
1718
813
805
42
715
1322
990
1373
342
1069
1745
449
1616
759
567
179
1042
1243
1112
451
577
943
696
836
95
255
50
1069
1123
1508
507
439
993
489
733
268
1322
984
913
1078
733
1618
448
1715
841
1765
213
321
95
1458
1412
856
1005
969
983
157
1367
66
782
910
1584
1516
1527
567
592
400
189
1668
562
718
192
802
1095
470
346
1138
440
1607
444
1512
1347
547
1298
1530
167
379
1659
385
75
462
100
291
921
1408
672
1203
105
1591
279
763
1513
1540
1641
341
1093
954
1541
1028
1126
754
969
533
764
467
891
725
1685
1431
1095
189
876
1080
1109
1035
555
900
1280
1607
649
450
82
1695
787
1338
215
606
630
73
1522
908
1560
1467
1212
1324
1468
1422
1509
1725
420
1235
1100
1024
921
1415
214
1666
873
1230
639
995
1670
1035
912
619
1220
938
183
73
1481
904
759
254
1422
432
840
650
1197
1055
104
1003
1732
712
392
998
1526
762
1094
1031
1332
958
1410
207
1321
300
876
1465
449
1200
988
28
1208
1377
1427
952
209
1417
252
776
1703
1607
325
1332
301
263
104
333
1111
1278
1301
876
1369
617
321
1069
126
1065
51
1018
34
1627
345
545
963
569
1409
752
351
706
1580
1049
803
493
1694
449
750
1039
962
1254
1605
1035
580
1162
845
915
915
1523
379
149
956
1203
115
1021
801
1167
1029
879
760
487
1397
18
798
1321
449
1298
771
328
1252
1150
557
1719
1504
1757
1754
1230
1483
443
1694
1153
1687
1251
605
198
316
1487
642
1098
131
1284
1363
562
136
743
394
1193
1457
36
1609
498
306
254
621
726
871
1468
401
1152
1278
156
874
289
534
1697
386
1223
1132
1371
1721
1743
399
735
927
231
1379
1031
343
1387
920
1103
1342
299
15
145
981
1517
165
557
1483
700
1087
1123
821
1533
430
262
1343
1347
175
1460
1034
1176
972
1594
1250
1366
408
1474
808
790
269
45
1406
192
803
1554
907
962
1320
1372
816
484
1571
169
665
1660
1454
1312
398
1341
1202
441
60
1742
748
1415
1447
363
1467
543
1129
56
540
1015
1273
1585
373
1282
1311
1680
1271
53
796
1696
785
676
1176
343
1432
867
1184
562
1430
463
346
286
442
1097
1565
1124
670
462
1342
972
987
4
1372
878
1150
1624
687
1230
790
1248
565
46
815
1046
481
1614
175
172
865
1193
458
374
316
1595
1392
353
1406
1089
1003
954
1101
587
1281
559
1473
272
1532
542
1526
710
1319
1402
1078
398
335
173
1501
1480
501
1732
203
315
1642
1691
779
516
622
1598
144
530
446
949
267
425
1096
684
949
571
1015
69
1479
742
148
407
118
384
1272
1354
1335
573
147
1222
1523
279
1650
1621
1651
1303
1689
186
246
641
1018
631
341
1647
1210
289
1636
339
1267
819
1257
1623
298
1744
219
1376
1289
1030
1698
959
52
888
14
227
513
1332
575
876
311
721
893
734
1624
675
1221
1270
1235
366
1203
565
1411
1342
304
107
58
1001
476
1022
372
910
1610
1126
1094
362
197
946
663
959
962
668
673
1148
494
1390
212
878
791
1639
104
1205
1565
1303
90
55
1618
87
1312
1425
648
903
1533
611
791
1047
146
313
811
340
1337
1044
304
1569
1635
290
1362
458
1100
1252
968
1574
175
206
1232
1240
779
735
1637
404
273
1727
425
1638
997
353
329
822
859
1086
1294
1241
806
321
1658
592
1116
1114
1427
76
230
1054
1493
198
29
905
94
1708
1480
506
189
1362
124
480
1376
491
1167
910
1188
1478
627
1568
159
1481
261
1753
1520
1272
1076
182
695
344
30
800
853
1337
962
309
366
1331
1409
489
131
908
1148
1401
1094
1497
354
982
904
782
1676
845
292
1769
1509
231
1056
1525
113
387
1004
52
524
696
1210
471
1359
1163
320
139
1694
200
625
245
717
1718
359
1050
104
1417
1002
66
1618
221
1166
880
1277
930
92
31
1464
1001
469
1715
76
940
1565
515
428
1181
841
1569
1
1355
82
655
721
1015
1525
577
110
706
1405
1166
1385
1628
921
1396
1391
304
1057
1499
328
917
397
1534
1191
970
395
92
1560
919
116
962
1097
1247
79
100
632
1586
188
147
990
287
886
1573
409
1492
733
606
286
1170
241
1275
845
1451
634
1158
998
1147
61
883
1457
1703
1115
407
680
500
1333
1580
364
54
1260
732
1426
975
127
1554
1391
1109
1427
1196
1502
1438
333
982
1586
1327
803
743
1132
920
887
283
1164
1529
872
258
1454
1081
1607
605
1122
1621
1519
1143
928
128
1060
837
679
834
636
933
1077
1234
183
1611
1483
922
428
221
379
39
900
894
1172
421
774
172
1452
564
437
1590
1181
1447
1072
112
973
1412
1430
958
1329
418
236
620
1537
286
1113
1733
1131
1591
1436
1254
585
423
1213
691
310
1378
1323
754
287
321
176
756
1071
554
1545
1315
753
1011
536
1127
770
1251
1599
880
109
736
520
629
1153
835
234
699
1304
1564
719
408
1699
1735
433
221
257
1737
1360
306
1234
1452
560
980
1093
146
1697
263
402
1412
360
869
582
924
1395
1493
1363
1735
371
142
1343
1031
1301
834
1189
281
508
626
682
23
411
694
758
1180
432
168
629
512
893
681
689
1264
440
769
1442
209
1451
1382
1685
198
1675
127
835
248
799
1736
744
37
438
1260
7
607
836
1108
840
504
813
1572
1286
1572
78
419
200
157
1705
484
955
1611
1537
419
884
324
439
1582
1688
1385
995
125
326
501
1236
139
593
1129
947
1097
76
1574
278
814
749
1559
900
412
735
1087
744
179
548
1238
149
753
1402
409
549
1677
249
814
1643
1485
1511
1594
1289
1766
798
315
1281
174
1608
171
1309
396
1527
491
778
553
467
1421
213
805
978
1160
49
1576
582
348
1249
1375
232
419
1749
1387
1292
977
1688
352
116
1173
1131
1183
995
738
618
1316
546
1500
399
140
1373
63
941
926
1473
1626
3
1758
985
1362
1631
1622
675
176
1
733
751
231
1597
1511
57
222
1051
1060
973
579
1391
1589
826
549
489
1443
1134
1158
1479
1161
313
286
1035
785
948
659
91
374
369
274
246
682
587
1100
1147
108
696
445
1707
697
621
1773
1258
569
1174
1501
683
919
1514
326
1715
91
110
555
1072
173
1376
989
722
1315
799
201
496
1722
526
19
1120
1041
949
850
989
243
1515
184
231
704
1426
1581
582
697
697
326
625
708
821
231
221
1486
924
186
891
1015
1223
1525
756
566
212
547
40
1392
1285
832
28
46
873
1607
608
168
615
1086
1729
1129
318
271
310
373
1097
137
1689
1400
1124
1663
709
141
415
468
802
1610
692
1648
1343
270
1625
1320
1490
336
1145
287
1585
314
606
1544
551
1673
1035
400
1424
580
788
904
1022
635
544
530
344
6
1632
1717
1136
1463
1508
385
1690
655
78
1000
89
210
1768
1330
239
1438
10
1224
791
201
831
1302
1053
1381
708
1438
811
1575
846
1663
789
823
1447
453
80
172
1105
216
291
1513
301
1497
931
1259
963
468
1421
1668
383
705
313
1010
1420
1070
619
407
1627
776
1
59
1037
1248
301
268
959
132
1113
947
342
1471
1455
545
1227
537
1118
1449
1394
1209
640
1183
896
713
959
339
520
1688
1534
1393
1670
1212
1036
617
1148
249
979
485
303
1037
1256
1537
1728
1698
1395
852
1549
1476
1330
1084
568
1099
262
757
634
1681
318
360
1378
521
1700
373
498
1316
549
281
378
406
1749
24
1698
1694
985
496
1132
779
1628
1604
296
1608
896
1452
433
1025
345
802
782
790
1625
199
26
856
474
512
267
625
977
1196
556
1012
1281
687
707
1072
1452
1025
1333
111
959
91
1619
186
1228
1044
1478
1560
218
461
96
660
367
998
379
822
460
522
443
764
991
971
1432
182
801
1002
957
1069
1103
994
726
926
1770
29
1078
209
565
709
969
932
69
346
757
1651
661
629
1300
851
360
928
28
1175
225
749
147
1489
379
161
858
1200
1151
998
686
480
668
1219
1412
1321
123
625
370
608
90
362
1191
229
1212
1039
1150
416
111
483
632
757
1284
928
1039
773
979
1242
58
1380
314
429
1451
1163
1106
581
1088
339
642
218
1472
60
206
992
828
205
1362
1188
1444
777
689
17
651
215
1540
372
1755
192
1464
819
1352
558
1672
78
1639
1043
1556
1100
1239
1314
1622
652
1679
1513
40
1664
539
900
1206
738
1547
248
1257
1157
130
575
1377
100
1034
1174
406
1717
672
824
1282
282
122
1025
515
8
526
1191
379
1210
488
940
1739
1150
244
748
832
1391
382
1232
532
1606
1677
3
1570
101
30
58
395
883
1017
1427
319
511
1440
1479
1033
1313
755
1156
1253
1748
902
1040
1000
1145
1343
645
446
1200
556
857
8
168
122
436
1203
602
1541
1701
1531
661
921
523
1485
1326
441
1197
16
1395
255
1630
401
189
686
930
1258
1745
646
1163
1649
249
949
608
1444
968
659
1194
988
145
1045
1091
1239
482
517
356
462
132
941
603
1679
706
1179
318
667
741
1717
318
1687
1449
202
1409
1038
1285
230
1195
801
960
114
746
717
1261
343
51
806
1605
1019
394
1177
1010
1551
1226
1031
849
783
81
1732
786
946
1401
1667
490
1664
1699
1700
794
1562
18
1711
313
1256
184
857
745
1421
82
782
1362
796
1205
150
1712
52
755
1048
954
1487
846
1104
1708
812
571
1015
1637
75
788
1080
1189
743
218
758
1374
1595
570
1746
1362
448
68
1006
1702
1501
351
1584
1418
697
87
1343
615
942
190
987
779
515
1730
487
474
217
630
97
1632
1695
725
1686
935
1640
202
558
986
834
200
74
501
1769
274
543
1765
470
1290
1688
929
1334
686
1087
760
1101
1090
234
404
1212
930
1154
1408
800
865
653
1257
887
631
1108
772
428
524
259
797
1263
1684
708
1268
1100
1246
235
1263
736
1367
1164
1150
413
872
619
1292
1070
912
1220
1477
214
1676
423
642
1039
1025
1190
1101
959
703
150
528
702
1012
1525
31
546
625
650
1574
917
259
1443
1142
1041
1258
1350
1038
1192
1721
1158
1672
1391
1682
955
262
260
303
394
964
1749
1081
1285
1568
809
1018
1731
828
1680
1463
408
1060
965
1597
593
304
137
712
171
806
391
397
1205
1610
1065
552
1227
276
640
1153
752
1348
766
138
537
438
528
965
1182
1683
1056
442
767
1558
779
112
1365
539
1134
366
148
611
1098
1259
484
815
1399
205
1201
1534
1440
626
932
1213
1207
689
634
933
679
1511
1023
1680
451
332
1607
1075
452
603
680
840
1238
482
85
1666
1127
1639
1725
1126
14
1144
894
608
1320
1643
214
908
986
88
1093
70
1350
1580
1748
1155
1473
473
1030
1669
4
1717
1220
1241
1000
875
1708
614
1284
414
214
1124
1181
1236
788
1473
175
1207
1049
1414
35
1530
1211
896
455
1471
841
392
1187
376
256
939
808
877
508
298
167
618
1630
1658
1699
1095
1315
662
1467
511
958
329
1500
1393
752
1013
1324
579
227
780
1635
921
41
138
1276
1726
329
1546
244
573
322
1036
1744
705
517
395
1123
41
1677
492
985
1258
231
369
240
1535
549
416
1516
92
963
326
843
497
816
774
63
628
611
1400
232
223
6
931
924
464
926
1587
572
1643
790
506
271
733
649
398
341
293
773
487
1177
617
172
1240
1234
1727
1263
1099
1058
6
929
870
1021
1696
350
1421
1185
1287
179
452
1271
1189
1704
596
1615
1441
1557
427
697
1429
777
1126
567
329
1403
407
743
612
1170
84
1749
341
1187
1728
1148
1549
1283
748
1356
720
396
53
957
1542
328
1479
1502
1612
767
243
553
1360
1554
1569
235
1423
1490
1714
1598
270
1062
532
539
807
990
930
1518
304
588
1089
1221
1163
53
1664
98
1395
511
229
162
536
695
1739
215
1582
1588
915
1397
393
712
57
2
393
1073
835
1389
1524
27
790
1546
427
754
1143
1519
87
158
555
1630
1711
1410
730
1664
840
1066
585
1443
1424
507
1177
1684
1659
230
61
1217
333
1637
925
1657
1476
158
1650
1419
532
811
1213
1102
738
1553
879
1127
1378
1280
750
772
1373
1076
426
1235
816
674
372
1519
345
1329
92
1639
167
696
600
1120
669
1513
6
197
1059
575
1015
1107
611
714
1142
1183
350
1235
60
1070
477
1662
1038
228
997
1396
583
1484
288
1619
1745
295
1059
1163
1720
1010
1640
746
1227
94
846
616
74
1391
1773
1198
298
1181
248
939
74
1180
1665
1266
1184
359
278
148
1385
86
1489
465
819
373
991
206
729
47
662
65
1768
732
1634
409
1225
695
774
1366
396
1114
626
1039
379
1235
1361
170
682
1122
692
861
1350
225
570
1655
17
369
180
319
53
293
367
1287
920
358
734
1376
1139
464
654
890
619
951
999
813
1065
249
1663
634
578
1124
777
1099
259
1173
1301
1449
577
182
348
1365
946
259
625
1631
1
1710
42
56
26
1073
431
1393
228
593
1
846
1685
326
468
858
1194
164
662
60
1263
976
1638
1760
811
845
1237
1571
1063
1399
1144
551
1073
197
1370
1499
587
1057
1191
418
1381
1224
232
1239
442
849
1758
793
375
783
1189
1023
835
817
1342
1107
1716
969
1092
1409
300
973
1699
529
295
765
650
282
640
719
1175
1215
1303
7
1135
356
1465
1144
951
1504
168
343
470
233
623
1602
1333
1518
1358
568
539
960
332
664
889
450
234
1467
347
296
1626
25
955
1098
521
300
247
532
131
398
522
60
1736
859
1221
866
1617
1566
538
683
617
62
1595
501
972
171
1600
171
1428
645
37
1455
1596
1221
1230
119
1280
1319
1554
84
504
1775
563
1746
1767
1252
1594
44
27
1094
1683
535
1505
946
98
381
477
1158
1564
1285
1567
143
1389
254
1726
1693
1708
16
288
476
1462
368
1580
670
640
673
505
1398
954
1701
67
2
919
345
602
1489
1517
1684
1529
609
40
715
322
494
711
668
1580
550
712
458
1038
991
1671
921
1227
1703
1569
763
1756
993
1766
780
663
1661
1683
457
1549
1119
1639
1074
235
72
1408
826
1096
1498
177
288
1482
490
1096
892
58
564
1132
1178
448
850
49
110
1382
556
1305
93
54
424
1583
42
1729
815
293
969
1739
1186
80
1384
436
1553
1402
1592
829
926
308
706
1374
994
1039
494
1641
198
1311
381
133
1434
1182
971
1326
1467
756
1757
1111
67
183
573
1562
639
1126
67
1484
861
1509
1098
1382
1190
1500
1469
637
1464
1444
671
1073
910
38
1365
1393
473
30
575
1339
1436
208
1141
620
637
1423
63
140
448
1289
1561
493
1585
707
911
227
665
515
975
1395
952
1434
1641
1080
290
1745
480
1557
932
1231
1055
53
1648
262
1491
264
904
724
381
1025
593
1460
1698
1473
122
303
382
662
1426
1730
1593
340
1678
406
1613
1310
319
1574
341
417
1314
269
1583
1439
583
1674
1036
1580
494
1216
627
1416
739
296
1221
252
446
1117
1336
493
546
907
397
622
759
1019
1354
1365
667
1437
315
326
77
77
1529
146
118
1714
300
149
1033
1425
1143
943
127
1425
609
696
1111
1263
1147
1641
125
649
1160
1598
1290
1316
721
920
1707
1345
500
630
1567
351
573
1173
201
692
1523
1408
1278
1398
416
1416
38
563
1548
256
1715
281
1604
1193
1406
1166
1214
1565
617
858
1481
1018
1775
250
1272
726
1545
1671
475
1719
1185
367
627
1582
1290
1334
812
733
1116
1352
946
40
1162
912
575
957
423
253
1636
467
1223
324
1616
1601
1218
111
1638
430
527
554
1312
135
819
660
719
967
1123
114
271
771
733
376
1677
1520
517
569
1168
1240
965
817
1172
676
1562
1596
536
149
517
1505
736
223
1424
714
1366
1046
90
1690
94
1328
1377
675
715
1031
248
1281
1621
1008
1491
1758
1038
1260
996
1626
610
1714
1118
1550
1050
768
139
1354
1618
1206
1269
1636
1692
295
1637
1550
259
1442
1260
582
1457
809
793
650
136
356
775
1388
518
453
1055
1325
1718
399
750
974
1036
1521
977
661
1066
1098
164
686
1170
113
1183
1047
914
1321
864
342
1116
777
975
280
345
1657
451
225
598
1153
1242
1028
816
1650
951
115
1091
821
686
451
1491
136
1230
478
236
767
429
856
423
1135
1510
1716
264
868
1509
791
363
987
486
849
426
286
94
255
396
1233
1159
22
739
298
330
1092
73
804
542
940
669
788
167
84
1334
34
765
1139
243
1559
1078
613
511
1499
497
139
305
1256
1640
1741
171
1165
387
1436
1271
506
91
337
1098
334
1192
851
487
357
452
1751
1163
267
448
660
440
109
864
1226
90
1183
1253
630
1163
337
631
1682
79
1171
973
1523
1055
951
1445
1417
1
328
160
701
32
352
78
499
642
538
775
1313
24
428
1718
1117
858
1627
464
81
30
246
997
502
1271
1131
430
351
999
819
760
252
394
855
522
1040
1214
1470
1570
204
531
1330
907
1156
1233
200
515
465
156
1086
734
27
38
163
47
1459
556
1206
1732
828
635
1093
538
479
1588
1360
821
165
863
805
1231
1255
5
88
1579
780
941
1505
1166
11
1136
1047
454
1580
1031
1444
1193
429
1131
886
378
120
1696
1759
1351
1657
354
57
1069
1595
699
1409
12
575
1025
1003
800
1451
450
70
585
425
950
32
546
633
997
965
107
1314
895
1674
649
1421
1167
1270
296
891
1673
867
1363
1098
277
691
168
1237
911
371
1679
258
1226
112
441
1214
1454
461
210
1574
581
515
279
918
1755
465
832
208
885
1618
1541
1006
158
236
612
1323
776
870
905
950
857
696
216
661
656
178
192
714
1247
1615
1256
1115
88
92
696
46
597
935
404
1241
1088
1562
845
1611
165
779
440
909
107
1604
1022
198
1411
450
52
1019
670
1212
760
1528
1167
1433
12
1420
1114
52
1269
1076
796
305
52
734
266
991
499
191
1417
1192
380
1711
1161
1512
225
341
738
560
1495
74
617
1109
754
1449
724
223
600
1325
1443
1536
1330
519
1620
1012
455
1218
1124
951
711
1380
1558
525
1043
35
1553
1461
605
611
129
1166
372
912
1562
1404
72
777
990
530
221
913
272
79
434
846
1089
984
1334
628
655
1110
1462
182
474
1311
660
468
128
104
613
604
136
1284
1433
810
205
536
502
1027
1277
1673
1539
1630
1528
1746
1127
438
512
1385
480
346
439
1016
544
1425
701
1287
404
122
1272
702
871
363
1273
1450
1650
953
805
1327
15
507
1283
552
1717
1300
1314
470
1037
490
1372
479
1507
224
1636
910
1085
1776
1594
1140
432
1732
1396
957
376
645
281
1503
381
1440
945
1449
784
338
411
908
521
1652
1223
1430
714
270
646
1296
1259
136
1384
717
1656
604
232
740
1489
1457
1275
1004
1063
1752
1008
1022
1577
1364
235
358
979
935
138
763
288
99
1585
31
1681
222
1751
528
1567
1500
271
1116
1626
82
1581
86
103
1720
35
1007
948
211
1314
738
246
470
254
1046
604
403
222
1547
199
528
1303
375
61
60
1744
750
85
739
1170
814
752
411
600
1618
342
1190
1744
877
190
804
343
1237
1134
395
1700
54
519
1632
1105
1098
904
842
1596
1594
880
1538
748
150
1525
778
328
491
45
319
976
1425
567
868
786
667
1234
1248
713
1494
1210
1691
705
162
177
1070
1616
1024
423
1469
195
221
825
1230
441
1306
1002
1638
1356
623
660
1237
1543
1096
1169
699
499
1672
1472
13
1403
962
1028
1542
153
1766
892
590
1017
564
649
332
1563
713
1152
1034
922
324
862
1763
694
222
783
1343
1345
1338
743
794
1121
608
1419
842
1688
1257
289
449
255
1716
1047
646
764
137
1091
686
1410
403
742
1608
1647
23
1757
82
1311
729
442
1355
514
335
414
37
1443
1127
736
1696
176
1061
681
1516
602
217
1760
414
647
1101
1665
934
1624
1224
360
396
764
958
650
1722
2
1132
1253
1493
183
1692
502
1331
761
527
50
1289
811
1235
4
897
11
1735
820
1517
638
545
743
1571
857
211
564
691
485
595
606
292
752
1237
788
1592
90
528
208
524
1012
520
410
940
1463
343
1573
1289
1051
1016
1523
587
1412
296
573
1142
568
530
757
1538
742
646
1366
1394
1599
803
1226
1667
1234
335
1551
647
1243
897
889
38
1532
670
1263
977
1516
377
627
1090
8
835
1673
876
515
86
1379
1324
30
903
1652
1545
6
56
645
1657
803
1469
520
104
380
1381
1428
225
196
1679
39
829
1736
834
138
145
212
838
166
854
831
386
970
1132
1238
544
1651
1281
145
1302
53
1019
714
1038
1516
435
683
819
884
1311
760
279
1150
1623
1745
302
1470
1720
1718
1532
838
1175
1584
1484
579
1470
5
1520
270
3
825
97
1679
920
1276
237
1731
1550
1064
1429
1471
865
284
950
1207
634
1308
1393
1043
1684
329
115
948
1320
99
1377
961
1186
1458
193
1376
1751
1772
1717
1341
771
1231
344
1628
1553
1634
179
1743
1336
811
1721
384
168
562
439
1147
1112
1507
1273
815
247
693
997
420
276
1437
244
1399
68
1425
378
1744
1671
1328
247
969
836
461
1516
1279
1465
400
577
402
473
1533
61
177
296
773
1564
1517
930
1334
467
818
87
550
452
816
892
208
1405
1437
483
379
444
501
1280
1033
271
1612
315
1010
253
1288
905
1015
619
1703
1693
1535
645
1470
895
925
1395
1235
733
590
449
770
1147
1452
1019
47
1042
1707
431
346
822
845
533
867
1086
1567
908
1302
354
154
279
1237
935
1497
108
1176
599
1345
422
1044
1723
663
375
280
1470
1750
1434
1616
285
437
1473
162
924
1151
1497
279
691
1237
265
936
38
1293
628
926
1270
369
1528
630
1767
1082
167
1270
1059
448
110
155
112
1253
1578
467
250
1464
1469
989
1342
538
1164
1262
1536
745
556
225
1323
1045
783
63
168
777
268
1412
710
318
1176
1370
1669
689
1067
1767
1633
1311
920
636
644
725
540
505
1649
746
170
1169
1158
1363
568
1540
1232
660
417
81
1750
390
862
709
845
8
1321
1103
474
1269
1477
1390
960
649
770
201
383
1229
163
1539
759
1716
1048
210
1699
767
357
879
1072
1684
919
1398
136
908
1009
32
1257
1220
1469
1132
969
941
555
1270
427
1068
961
860
56
952
1517
1265
92
224
315
923
1538
1513
675
600
661
584
184
1745
1752
187
1267
1297
154
310
114
325
231
386
783
279
1714
1058
1676
232
302
1653
38
252
794
1675
681
164
815
441
269
955
1322
1622
221
41
1281
1403
1727
806
873
1236
1502
569
402
1729
711
1258
786
788
183
1758
413
1400
174
1028
101
771
1420
194
214
927
167
285
1204
766
451
1674
1336
488
419
766
1606
1758
37
989
1279
171
1746
943
233
345
858
1282
1708
339
1142
1067
1668
740
1171
548
739
725
1415
857
1226
374
1190
663
103
886
78
1153
1546
1293
1285
520
1140
766
1246
1129
1464
279
378
1357
270
1514
1422
297
908
1377
247
1406
295
916
475
1734
175
1577
1009
1077
1259
359
1543
383
1697
1173
1596
1360
891
1334
439
507
939
1386
1665
79
522
1471
1530
292
28
521
1015
363
315
834
154
306
227
637
1049
903
52
72
1570
577
1480
504
1031
432
42
140
462
1311
494
738
1557
734
1071
355
142
1758
1400
1087
1488
586
540
799
595
1406
945
920
582
354
76
78
671
1270
870
1355
1185
134
381
1279
1533
1741
886
684
1134
1413
452
1613
882
1524
1172
355
1418
448
1105
1548
431
433
763
196
161
1596
109
740
1149
338
1428
433
1346
342
1631
1610
252
859
674
433
259
823
545
710
29
582
1437
1396
176
1054
1193
1681
1095
503
1016
410
263
1698
182
853
1302
1222
300
1383
262
1766
1548
1569
1658
1145
1672
194
451
1017
827
639
991
665
1314
1633
236
1709
396
1505
1184
733
821
1646
1714
1
497
1122
184
215
1604
1143
122
732
1355
790
147
65
1052
921
1564
1236
1144
1543
960
1607
1544
1063
1259
289
93
858
1520
1160
77
56
289
118
1621
542
1101
511
917
491
28
1069
1683
230
1473
505
1439
1715
1707
459
874
1184
927
1117
1248
1690
1497
1319
310
495
1062
1028
1136
1002
1496
518
596
1328
415
212
946
133
853
702
123
936
943
1675
618
723
698
1016
14
978
217
1521
1551
1571
116
1548
1068
213
666
44
724
427
1419
1204
938
1350
392
167
249
1036
708
834
244
672
285
970
535
935
163
151
1717
1026
75
1368
366
232
493
1474
391
1694
795
1512
606
353
132
987
589
248
32
485
1414
826
1699
804
516
258
388
746
981
1631
389
1617
386
1075
1490
1053
758
301
1771
1412
1187
792
275
122
625
258
541
325
438
1772
480
38
423
1165
393
39
578
1729
305
1594
1028
1713
1470
406
1360
730
682
780
1382
1415
435
1719
1016
1056
855
870
1655
620
408
1192
621
1125
4
875
1649
991
228
667
1601
1733
1086
25
547
1696
424
1758
1451
848
1303
369
959
1393
329
518
466
1279
46
1029
1262
479
423
1498
1190
1245
436
1030
767
184
876
882
1615
387
437
1774
1632
1584
761
1599
376
509
1222
55
917
808
966
1139
707
427
482
861
1471
1223
1021
1400
350
685
499
627
670
625
264
1075
1612
72
1369
468
307
733
1640
1153
1140
560
1717
1106
806
511
430
941
