4138832
166031
1263858
3936275
316836
3443803
4546207
5048257
4020539
2119312
3612869
2911024
5103371
3071521
328029
611264
4041736
4839366
2971560
4075614
2105287
1255979
3639031
4091461
1584442
5040616
4709008
1978475
2658159
3395007
134638
1853539
2130222
1825399
735216
3708650
1028240
4624688
3624679
4208289
796970
146137
3375206
4688740
1765348
2396012
161529
472628
1388559
744066
4325412
2874333
1280086
5140462
477983
2599565
349452
4734118
907363
2576525
4218296
1303598
4370229
195252
3554297
3796879
1781998
1594123
123252
3689949
2191755
1441840
1047831
3994605
966959
1116239
4432637
1250252
3594978
3918589
4352058
1302073
1607549
1044472
3065260
1845154
3491412
2611880
835447
3054187
3585942
568018
4284191
377136
3940447
4926255
3593440
1155966
845151
3028647
3781166
2651830
4381540
1095017
2992808
3115868
3880606
2466482
3912850
2408239
358958
4055103
157394
918264
4255495
1833248
2521598
659559
2500640
3036110
824550
1359558
338866
5058492
750017
3527899
69780
4142345
770382
4945992
618972
410842
2684397
1532912
4179637
2952323
3210834
2628322
2855282
4806562
4445067
1608338
2831867
1119280
5097900
2001867
3625827
3914624
815273
600238
820177
128181
3406038
3211015
701802
2204411
78173
4842886
2772063
3433755
2484090
4735043
707745
2679135
1011719
1594928
3935528
2414018
1466570
1927382
5113426
4974459
2242984
2655013
2235595
5376039
4759263
650521
3151255
5230731
4477480
2068769
1586241
4333868
2545733
2170779
3284924
1441186
4364023
1467193
2802009
3716490
2034201
863295
4197524
561888
1758421
3136664
208690
4271513
33607
53105
2906144
196444
1784853
771127
754944
2970426
989587
3899080
3753809
4727762
1121110
760893
3641713
4094241
5032099
2170133
2829297
551815
2526357
4660629
3033593
2988233
3281744
3103149
2097366
4050535
4763679
4082416
876850
1167247
4398185
3181928
1308691
4124600
2356949
1520062
3444048
4311909
3507092
2150758
2494992
695521
437511
4741490
184332
3991784
3416501
4085098
4246698
108805
4838258
5112475
2187325
4040708
2507103
3628181
1876041
899874
4293888
2215419
889154
113063
4724513
1795700
2990222
1587103
291826
3106341
1363702
785035
1257247
4627827
3712055
3359406
4039270
120106
2175072
3789756
2236189
2009192
2706457
3103547
2498701
3472374
132605
3293506
4015814
2535923
218633
5104156
3666814
1054285
728949
1484989
4601754
4215437
203842
1531650
1786932
4936308
3843781
2316686
2551252
3758354
4734922
4910288
3209134
2484734
5376623
3074798
12458
5147429
5039350
4631803
3747503
648455
3015740
3475897
5203246
21592
5129849
535067
3418822
3898336
3590520
2660341
3605981
4229309
376623
143195
4033617
751276
735637
5272870
3567542
4048897
5109815
1292179
3301236
4741751
348643
1574932
1000288
3269939
1428652
787858
3833750
2682224
1951964
1873785
4922990
4205534
1270954
3390876
993928
1448767
4731673
394039
1350871
1970467
3248632
1876576
131414
734036
4484749
2708107
5042936
730196
1335470
3098865
905882
1085459
4404095
957535
3499991
2004431
2245855
273558
2166660
2573207
3550777
1505329
721441
4729780
791991
3069585
2272190
4037776
2652734
3316024
668535
4863278
3915839
1198938
1957830
3587480
2584260
1946797
4683180
3803465
3921173
4680905
5381487
1465172
4976345
3314495
3589128
2038184
2849912
793301
60120
4113182
932164
5324877
2338142
5051142
4831962
4811198
3735929
2699159
167508
2280165
5102469
1975624
1120216
1583956
5100495
260716
457043
2943615
3171362
302195
2946656
3433505
323453
4341501
2411276
2665191
2874565
3393583
5232474
1411789
4334218
2061709
2907132
163298
2022788
3688211
2807348
3743776
1346649
4951485
3785531
4549078
1169193
267507
4467262
2704887
4078165
2631555
942672
4928411
3855772
1273900
1506879
4457504
2978364
1957969
1803660
3888316
1358670
3548163
3781244
759899
840351
4784054
3350024
5244300
1261917
4663730
477635
3111100
3204497
1394575
819013
5353494
2930051
2498531
1648719
93688
2819305
547646
3739379
946771
76161
4288840
2884684
643186
4179119
2651143
5062827
4874049
1036919
677148
3167306
179627
1503058
1084211
3786489
3861254
4763275
198216
3805454
4132777
1673148
5275469
4026335
792915
4608137
3872818
1293819
4129601
1444429
1317966
4220528
415702
4304064
1825861
2639985
124791
1881603
4184362
850893
5397633
330799
4433318
1867228
744686
5213844
2010647
3044221
1823821
2644482
3677486
4917706
3454280
5240278
1373245
2771118
2492576
874876
4657320
2333387
2561534
2677611
876513
1591466
412908
2117592
5356767
4872829
807330
3230986
3336013
504326
3554284
3000569
299362
2004091
3220605
3947010
3137048
4154170
4946397
4004281
3757741
4741478
956789
4983263
749323
2679823
592953
3101235
4368632
224459
1159340
768420
674069
4564052
2038880
4587586
3183524
317356
2719734
2344551
4526057
1504516
3530043
4439466
3524941
3580346
3287144
2765016
2753545
674437
3545647
666295
2791086
3104961
1658796
2834136
2275999
4423322
1750680
3734663
4937959
4044782
2336880
1194708
1257064
2518635
3761955
1814318
2653591
1239076
2978546
2060275
3663154
4153209
4712664
458264
531
2246934
1865006
2435583
449957
4267432
3051699
4087295
4880989
4134998
4491131
4590207
1190403
4629143
240524
1576110
940642
1605910
1223413
2980634
2112354
1160019
761048
2340164
2915645
2471252
3328756
2149506
5292906
4212555
5136366
2192282
363680
2440850
1761980
4908837
5278232
1735648
2380252
2397848
4983607
2009075
3273240
1340595
1277108
2017023
4710431
2733328
1002008
2199620
5390280
3732380
4635424
2589222
4375845
5098713
3225994
5394508
382436
1306263
3696777
552416
3136585
2939247
3506608
4620434
1341518
4990408
3460240
2356034
2207177
1087184
5163734
2436045
2383075
1470266
5177522
4836864
80234
942114
4601137
4826903
2728469
201338
5245323
4864313
4447020
995428
2178661
5240014
3260908
20847
791801
1622770
2601690
3830633
4683907
1998422
172421
3791367
2061678
1259466
1677783
1281370
2654313
4139540
1700146
521041
3007604
1515685
4780333
4663866
2359144
3791068
4589312
3573183
4823605
1635827
5294438
4427809
2606075
498967
2629279
4229380
1079286
2672726
2737589
2203235
1486028
1548654
2567868
4234952
2434123
2106177
787775
3537771
155718
4314303
4755088
3855200
1149569
1660578
1389197
4621339
1809438
1707704
2101332
3862514
955003
3939764
5095089
3593451
262580
2723663
659996
4830271
240631
5016482
2716540
3618647
1180749
1392969
517139
1902288
1262005
1353327
4555591
1897071
358908
3465318
3633539
1939105
2408930
4418412
5277673
659961
2457030
3117549
4271554
532071
238933
1371708
1243281
1373633
2124731
2867792
4489561
1005129
240040
1574611
5024216
3389964
671268
5125456
2487976
350266
4729068
5277528
148848
2070162
4816822
3885896
5360032
904832
2071434
4892182
150152
3365050
969190
3280968
4984550
1401231
1717865
3873280
2772720
4947247
1818624
2586975
733867
2638028
1357973
3913192
2525908
4579352
2652044
2891
3128622
3154516
153975
2181934
1820388
3704962
5402890
2115480
1840238
2314400
261278
2761105
2178729
4173798
2836768
5089662
1099624
728373
1518506
3473015
2690262
1982097
3119033
1260533
2955158
4146849
4475423
1187415
898620
803990
407567
2308811
4970155
80477
2310803
1735908
4468962
3224078
1546323
1274090
4513798
1409274
5051216
3582351
3851570
4992569
1436036
2561114
3016770
3213902
280495
166918
3592704
785654
4189560
104405
4026138
1890618
540811
770650
2009068
2296435
758103
2607526
2310434
3317650
656224
3648559
1367237
1820775
1169669
2400436
3528072
4190166
2656781
3956396
2900142
2303995
4964095
4527002
2381832
1754406
204825
2078329
2784193
2201172
2473504
145097
2063099
3313076
762332
3371395
3754263
3535413
3457587
2208090
3599266
3941797
4171712
2178251
4108804
3260575
4150173
1425377
4461136
696103
4051563
3291894
3061113
2757637
978468
1499639
5394987
2814121
3529553
2895847
4619774
3648669
3348484
1438882
4909464
2001516
791734
505402
5119129
403889
3647363
4680878
285194
1869405
1466867
961750
5219374
2979515
499726
2587335
1357677
3672066
2770674
2608844
2188359
2299599
2820435
3218795
463294
3421167
2672699
5022241
1747636
282335
285354
3848758
1620453
30573
4470299
3976009
5360370
530209
2191385
29652
3297300
793482
248625
2457735
3577083
1491769
1521451
4376257
3845953
5032442
2140487
4411268
4038887
1333712
5370873
148132
2082723
2293861
622520
4212988
5103607
1614625
1401774
1427363
649085
4247376
4624583
5151576
1168023
3756386
3912378
4009150
794171
4404413
458221
3448661
4387334
4647196
2194826
1263696
3204601
4918596
1164226
1637556
2323136
5272579
3014039
2805378
2325693
2305800
3202303
1739700
4084583
1111665
5044792
3464196
2650919
920654
816622
3494837
3921145
5002057
4079660
5007675
3890369
3106663
1793944
3093667
5042850
5353071
2918275
3870007
1107677
3367062
4722510
2089474
32036
4093444
2368833
2610772
4464925
4846422
562251
152166
981530
2866740
3537054
2923076
3800480
5260302
4815286
4530186
3752526
4640301
1081866
1971824
1564138
236919
2902950
5249637
1629799
5303043
3488142
1129402
4353385
3632853
3045480
1708104
3800786
620615
5403010
2392371
4779261
2807055
5323477
5064616
1534409
3666913
5164630
2392615
4729176
1994164
215407
853228
1696455
605816
3337546
702840
664192
2634569
1186038
602359
4324025
1561856
4740234
856801
4737443
1852694
1807605
4821674
65782
2943754
4609455
1419291
403685
2113238
4476579
4895751
653366
2938370
1149924
882811
4289411
1067858
1651686
1921193
4179997
2854645
4560688
2879629
717328
5175760
1123446
4662724
4385060
4117906
5326162
5011370
4354517
895789
261117
4373722
1421662
1869613
2807723
287614
113059
1125100
4650748
4476182
2276980
4588124
4371629
4064309
1365543
88079
1070319
3491896
635610
2775952
3214096
969069
4741685
79208
2236763
3851814
3705834
852929
4733763
448406
3021100
1184312
518143
2889088
4734795
3379970
623248
2696862
941057
256326
316327
2232395
4179323
943160
4793351
92192
4423398
3730046
636680
4978518
1197203
687717
1196180
3773921
1386275
4789414
4203932
4193799
2096077
3499304
4344933
3889563
4410261
4093836
1804214
3489746
3598277
2249059
4899902
661313
2477292
5005867
3303117
108556
3226480
1364087
4862390
209088
4048325
2616101
2129521
3392764
2796272
5245767
4532008
1844556
4619431
920723
4485514
2139358
2359453
4608182
779044
664439
663095
3266317
1669162
5140010
4005493
2188761
383066
2566874
1981514
2089882
5383905
1316670
4301277
3468317
5077345
2743221
4305095
2972297
1644865
4391067
3441281
3895540
2880064
3943139
1590432
4237878
2938502
3213602
3888486
1971588
3667240
1886033
4741089
2476357
2493567
2807600
2822409
834349
4901114
910861
3022415
4121865
3296795
1640862
1692032
3129962
4375681
3195372
4885936
270410
910577
3472115
4151468
1064351
4235391
3031671
212521
3803302
1196488
743656
177748
2575279
191691
634670
3508816
1358167
243072
4473769
3007977
2539649
2487065
2612049
1972720
4786079
5196489
859027
1234320
4263638
1632092
1196563
4158051
4808690
4126592
4225297
572423
4415865
4457487
1400130
5335998
696533
3063202
3823291
2142510
2318120
2520174
3834125
4845788
1097023
899605
3319021
5330570
3992395
626992
1463805
4908134
4233738
1580375
4959634
5194927
2647714
2060362
2106809
2628122
2833237
3508542
2373271
425203
2763896
30345
3741684
1854034
2131528
2025783
3035016
1787392
3467447
1686651
230908
548181
1649690
4543982
4882644
1830020
291842
183789
3555875
1560331
3892254
431084
1941097
4064392
3605852
3853050
1209033
5148337
2481883
2878981
4199007
467567
5168871
1878571
1410023
2533091
3441278
5116639
4608458
3637811
2077520
3313380
4525871
2522587
3513085
2454316
3644585
1652193
308962
3583257
4794737
3591513
2751042
4539684
5085691
3519678
3904191
3978120
1541896
3603564
4757465
2417349
1631540
4002259
3148864
1075970
1073205
941561
2762792
1843382
4176273
4717171
5208669
514538
1106471
92651
3485050
3180348
3322859
4539789
4960686
1917210
2116502
3463172
2832831
675540
2583493
4920510
3542612
1458449
5031654
2914920
403195
2817336
5093744
5155083
2895034
4611789
2582426
3061099
5265388
3097085
2542445
1308800
4878639
5093720
1056596
3420147
3439682
462219
978689
4664702
1042162
184948
1408804
2959774
3707853
5341041
791133
2076863
4543623
2768569
4771634
3134245
1457676
3391606
423954
1433042
670040
4343316
2828046
4038815
3390840
4577114
1504484
3939504
2269839
2552642
1896808
5360069
829562
779724
1426674
4863753
4853959
3097069
1648956
3107231
2391989
4698025
530714
4851424
5311930
2000833
3160979
3641743
2651373
2907507
2359907
1208589
4380979
40881
621819
4383275
5110412
4770316
2713692
3461572
1688012
990543
5116066
3976342
1204392
3420564
3846838
555602
4620982
1186726
3822954
2569168
1866574
5329259
4747452
1010886
3313897
1743707
3681459
2714934
3300256
4671085
2778077
1468898
4348272
4919369
127902
1431435
1412619
2582850
1665650
1164575
677254
4845405
2574264
4346360
4987803
4976950
1564771
4759178
3466350
1647697
824
3595737
3986324
3454417
3478706
408629
5277777
3814548
4154868
4289701
4886102
107979
1096131
5393232
5188311
335187
2590213
617282
2489915
2875922
1989928
3157313
5359216
2290285
1145786
2453863
1585136
5230577
3761401
339489
4021589
143676
2454971
3469505
4311792
3835371
3707492
3124860
1866484
3496844
2593812
266285
1792007
4616814
4417423
1930172
5234635
1022320
1670270
3168701
1823369
3124267
5226383
2443621
1786029
924298
2885833
1909557
3592011
4814600
1891571
4189489
946518
2790083
4209305
4827467
5150760
495015
738105
3523155
3324979
691039
4383945
2817160
740820
1218046
2922880
1384333
1298568
289615
5015531
1720482
3289690
3661786
1735787
4432344
2249861
3638332
2379992
4335316
3780449
2864565
4835268
4126657
1573059
404687
701987
2088684
3956672
3545719
2679114
3455499
3152345
3423071
5178569
5319573
3896451
2322886
2606075
3835202
1201784
1090740
2025182
5104449
2487441
1441247
2556086
4026149
2675920
2251213
2586645
2091366
1953036
3354668
111113
5242350
5035432
5125153
1237786
208605
1272056
217919
4944254
3621360
4263217
3854130
2876575
1909738
1589823
1521295
3345173
5269859
227332
2361957
736939
3306745
4462640
1013452
1167530
2374961
4498225
5295851
5268214
4051757
1227182
2896307
2873903
3419511
826469
2344482
1092807
961990
851698
3488490
5155797
1850356
1400112
5070397
1720983
4721425
4436917
497478
1832421
138468
4179683
4342240
1876736
4838225
1101397
800310
4086801
2205726
1809336
3128757
1701854
2909359
3864277
4465123
4367728
799264
2433115
1648421
4620288
2208252
3043939
3956698
4658032
275043
3595345
3937728
2711960
4959076
3144609
1378931
5159518
345039
2640414
3558737
2162021
3121472
522436
2630703
3595272
4708961
3396925
669773
288472
3941280
3787843
4664528
3546876
4738742
3290609
1700246
2690603
1776706
1048296
1138454
654596
3753230
4277151
4355921
4194302
666033
4025009
3282944
4616757
4012411
4496180
1299563
1054389
3543228
1061883
5256395
293706
1404273
3885984
2340132
2753130
5067247
221885
3975195
2153904
1607453
951532
144319
1503742
1349357
4654325
1108821
3646843
395098
3938943
611621
3929399
3463759
11378
1330234
5045851
609166
2872845
2235647
600437
1658161
3007570
859517
2015801
585256
1671870
1774458
2347521
166778
734373
3637880
4277334
919746
4415611
2033413
3057852
3993210
1925614
1137573
1752998
3324655
555280
5269883
177075
4369486
871276
3457190
2357872
2360791
3732479
4549912
3264878
184584
3567366
3191845
4796554
4134846
2588519
2543741
4421606
4792596
957753
2954044
5117179
1650847
290056
2149388
5321114
2563260
1428739
1825496
3298932
5092771
5015051
1023518
2260493
1011702
3946994
3176526
652034
1317576
1292787
3998260
652837
777473
1977547
4494094
2620654
2757468
2111956
5026046
2689972
806220
1174479
4658227
3463439
72536
1875551
1411523
2600813
1406415
945621
1878234
428704
1143799
4031110
4383673
273218
2731306
537930
2318937
4554357
2633042
1650454
1420278
1408817
1211284
1702189
358643
1710178
5198297
3805775
2566089
3015126
2725279
2407900
145974
2068909
1002330
928879
1890874
2467699
4298952
441747
4805682
3024640
3705157
841770
2582047
2593836
5254316
2457924
2556405
4782937
4754785
4215190
973785
605838
4446882
5247828
3245182
2279982
2934510
1581872
4383941
2429907
1102835
2621222
1348544
1964116
1900364
1311858
2635734
1033255
3890357
2450397
1389828
1015969
4752174
2583468
3874281
425621
3695380
5107099
2503869
603415
2136504
2839093
5311056
3305074
2712895
1244031
2087479
2560915
4818345
2476777
892898
480155
3392970
2707565
4722129
3255456
3186914
1138683
1283609
534851
2309121
5236386
315071
2338647
1590580
1399867
4025790
4007226
3588136
4801681
4275757
5233927
3622255
1829947
3739280
2976526
3133977
2781537
4896960
726922
5188711
3247471
4966438
1828989
4604177
1483540
201971
4549693
1099344
1584723
2744918
5192077
3049406
1668917
3057551
1310509
2552755
4132875
2346929
3633645
1810411
1934357
3585343
4514547
4467564
1679049
536844
3293033
2614026
1343139
182984
232583
3605159
611477
5259383
4677878
3594125
1636557
3218868
3477765
2867829
2115036
5178632
188672
4457753
668865
2095877
3024469
1217656
2719842
2845847
2310826
4226792
439320
417964
2950478
1029437
307350
4696295
1875125
2747592
2386369
2240455
3771243
1192704
4659923
3905151
3847981
3430302
777012
3067596
5413024
3739261
555833
1918859
4568323
3545983
1084402
4945949
5007778
3312708
3482609
4023927
1871573
2983300
483510
3128103
4774891
2508538
2032611
1246078
2263321
3938061
3941505
1861720
2392667
2921227
714769
2312039
4597220
4138838
3892847
3571952
2813444
68225
1619278
5151739
2873666
4257129
5361564
128703
1320278
2006724
5345929
190404
4350888
1449689
3008739
5399391
5047112
4261797
4929981
1322234
4312857
4727804
993109
4079473
2549558
2424028
1058832
3017851
4522270
348905
4477394
4888028
3896094
2102882
3358168
4846070
486640
1861552
4160168
3982346
769837
5120962
1321374
2158830
4023395
3905617
2957426
1104037
3388436
1138414
1681981
1518616
507418
4265638
68704
3586806
3979604
985241
4627216
3236950
1213167
3605747
4186173
5027160
1109281
4649355
1256322
1632001
2035247
3427770
4244309
4917908
2347010
2922006
584486
4892755
3391016
111534
4589174
3463216
3080391
3461051
384072
3317727
909590
1822491
5401899
360058
4716501
677470
4357717
2190108
4824539
4391044
2404182
584144
2661794
1893920
1254370
1174699
2858958
4567007
4325773
4991583
3469739
3607705
1484988
1650353
10920
2147818
4979164
5073333
2010730
5264750
3576391
1951815
5203099
4222653
698471
2025028
2619891
165424
4175128
4940754
1815891
5253214
4455328
124535
1071643
2327786
2607713
2868351
1116909
3919130
982833
669383
5135549
4849503
997886
780180
1032952
4900508
5221928
3980725
2894022
2010595
2852143
1193122
1096211
4898899
295289
3837550
4273889
3783192
672769
3649551
3163461
1415179
5082713
4300643
639687
2498884
1385901
1718322
4364278
4033030
4303266
424891
642759
405236
503321
2212377
1161866
155843
88575
2005833
1242689
1718514
309845
5092525
4329296
1128037
794381
707939
3229101
2062160
1899982
3002298
266821
2267058
2124014
1894461
4841175
4646393
2452202
257347
482267
4638380
589596
5136371
2959284
3245614
2157081
4572463
4867985
2335952
3925863
1947858
28923
3122057
182074
5197103
2577101
209906
1200127
1992223
1892013
510681
5302222
4729136
3036648
774982
4319341
3676939
1945477
178887
2559199
1926975
4943910
3010658
2111013
4209342
3828826
2987363
1739706
657103
4262407
1515136
3550287
4382807
3306041
4176965
890608
1596552
4866350
2666068
2582410
4044172
649790
4295176
3984143
4320986
2403418
4874693
3040177
4619039
3728638
4477165
3672967
373592
3160830
2807253
634859
3529816
4963994
5188997
2927380
2693296
3628640
3846951
4385325
1011848
2821304
85592
4400844
1720143
229075
810154
4403954
3224490
1302999
1074298
5223567
2567565
3278431
4504006
3895814
4324826
1604694
4513657
4143526
2356858
5169384
799729
1591537
1297526
419991
2735636
3732642
3587238
4964222
339634
2011598
5359950
5222541
4462717
840988
5318072
532499
3768541
2613806
2109395
1069987
4601983
4998570
3521755
4476830
4715889
723812
3645055
2063259
2104162
3171080
2523915
3796558
1783491
2831129
3629621
2140290
2823953
1216390
310701
3581851
3496743
5117346
1611937
3152238
2823181
3539965
5331327
4753329
4000564
2253389
4326860
3043471
4766058
3764590
1279306
4415564
4005849
3480682
4179382
4928664
1311990
2332989
1908642
1588734
4965383
1657622
3069153
447769
2676203
3662356
517362
97725
1394594
5089419
2154456
256074
1834132
5093470
4719474
2425434
3041963
1280864
956745
922385
4320496
3109897
4873079
4849290
3072657
5212036
1793111
3726145
3804323
5147453
1045182
4341808
2720144
1963813
3734896
1210357
5139815
4553193
3538411
2432571
68043
3743612
384390
3439191
1676460
2462815
3987606
1550244
2359029
1599081
966216
2212645
645376
246941
329603
2627368
1440103
5138310
4400578
2938807
375225
1754083
1473579
1796874
2174479
5275554
4486861
264587
4752571
5102337
162448
1346532
3866227
3670889
1085587
2272521
29046
4742447
2344904
2654268
385395
1455192
2112780
319725
2266393
2672092
2691841
2140781
420159
1028839
673040
2890133
5310526
1711405
27376
4014297
2311157
1809415
2780224
1024198
1664987
4218478
1894169
3216626
436535
4752346
2458985
1732047
314623
4274728
4853606
4414432
816643
5323796
204345
389990
118353
5026285
2624266
4872028
2742643
5385112
2893347
778115
3261827
4808629
1413968
1691092
5263792
297958
1544209
3110198
2667440
4080555
2150111
1717902
811468
3078541
4826829
1265159
4750080
5032804
2502317
4974018
541236
4568777
179579
3892779
1784062
729881
905541
3903382
1682066
2106023
2904904
4293212
4855507
3430335
4556568
4438526
4221635
4188116
5146506
4186237
3810887
4110418
1187050
1962202
4633160
4332843
4050726
3703888
1510375
2994833
4437912
2101426
417013
2145421
1454131
1507779
661117
4985373
820692
3862112
4636213
4249450
4003799
2608714
2982577
607945
722107
1245165
2305990
5371370
1255065
2525718
3100009
5114205
4823227
331072
3702956
2550566
3517173
5263287
179589
497304
1521807
5244138
2203304
500131
5183358
3861572
5157554
1322606
4373352
106108
4436285
1330417
140142
140565
4935487
1784693
5110179
4190016
925730
1706438
4516637
1658329
3866233
4882620
341446
25548
1278303
4977530
2126628
4236412
2948636
1047049
4105637
3760640
3555261
6816
4057919
373385
3146434
405171
4420422
1907295
133980
3201530
4150932
2860803
3421463
1040022
2722796
3289673
4585175
3806416
4856700
2392732
3310506
3385890
1185429
4337193
123549
2871476
1319206
948566
578036
1600590
4440802
1107921
1836703
1036057
3192147
1447984
5350863
2892263
5153158
1502203
3779918
829283
1315673
5306772
3192326
3518388
3049405
4195735
3714952
4516453
2299344
3124136
3989709
4561041
4124621
4351366
2345997
4482131
4116078
4957479
958406
2939358
958125
543225
4506897
90769
3817658
3826647
4559451
3364648
1450894
3216229
4356436
149641
2559199
1501209
4752674
4609287
440852
123892
2869794
3928593
4913168
2265623
2916488
1650471
4370237
3996985
121223
978640
3230660
4094016
1070358
2581434
3500574
2441364
4564991
1524930
140314
892885
606631
4408048
1792121
1524208
1090768
1166724
3432173
1573903
1235111
2750296
1832321
4861025
5130086
353978
2316646
1142140
2959154
4426680
3485410
993482
4020690
3465172
820941
4270199
479802
1081950
2062604
2602193
3404940
4784293
3672751
3601306
3668241
1791840
805222
10538
3374200
4758475
552442
3873665
293763
442071
4764053
4903453
4344502
4755139
1514367
475068
3518220
4235672
4371054
3676867
840854
133876
3669683
2043629
5240495
878166
3567723
503115
5313641
2394802
609398
3998480
3581366
1492758
2664249
4637831
1426175
710809
779805
2616550
246870
805974
4891403
5258434
4299876
4954465
3141333
4823317
4157499
1954565
3158828
4072243
4712349
1014621
2524588
4921252
1789415
2193223
3739522
5016116
4229983
4073399
2371841
1669984
794474
4462311
428510
1443863
1995148
5386625
5164133
2862413
251976
5004965
499405
781076
2763012
426737
2485389
3436438
1931842
3187594
4912134
70121
3118072
3095102
487648
1686123
4051753
681446
4566863
4048617
2808393
3610597
608309
642015
515329
60090
3340149
3922383
937427
783029
506099
5146471
4577719
5185781
1722831
2544993
3581934
998371
5170197
3518096
3739195
847171
1610390
1820310
2047253
2101164
3612590
2450061
5323708
2518011
68840
4744733
3231916
4140646
2236983
4471141
4718086
3066205
4441127
2624929
4179755
162482
4225936
4218447
2769332
846337
625079
1939414
2776986
3946789
2231150
3031290
1900550
789880
5033772
1649980
4475629
1269533
2167735
76550
1059139
4054143
2426302
4906292
1893461
4274764
3449233
4979021
659908
437695
1348960
2981475
3036692
1567960
2016657
4188494
2265507
4269877
4315021
2258295
3108209
4503619
2785245
537072
5393217
2912594
3821250
339848
149925
4721378
3525200
2020498
4700402
3377092
1518234
4982382
2435721
4879344
805615
4040043
3562380
1436202
1666555
469119
1562540
3988396
3974476
5052
1818104
1445991
2640275
3304864
821469
4789230
104249
464565
4957184
1683538
2195955
2542765
4330459
2967285
2677647
4556849
140809
1125987
2057827
5179355
4240005
242953
928640
1753432
2337002
1878634
5159455
4530211
4015081
682255
2728123
2731812
61970
4074636
776776
1300450
11146
2975610
885944
837255
1614951
2804160
4508336
659654
4017433
4472034
562985
2960180
3900206
2211290
4659317
5080696
415251
5228022
2366312
2057767
4356042
2997344
4370388
2902883
879095
3094680
2891284
550145
2595962
4099025
2290616
5117468
2689501
3412592
1528966
1893569
2080655
1650547
758212
5393311
1610866
339285
1343664
1314972
5078802
4749352
888096
447364
4822749
4580577
1638337
1710441
4736709
5099740
670297
2906039
586592
101186
4460351
1695207
3294303
846753
370365
2133673
1205965
3820481
2849644
2114057
5319037
5116318
571375
1057890
1976834
2973430
1490792
1302415
746155
4040824
1114224
1220532
4976087
3874058
4220255
1926026
1648671
2497052
5412460
5326944
2848453
5023924
885717
2637117
3404074
3135856
1506128
2171093
1020614
848135
4807053
4242306
2137070
2501237
313087
5388681
3211211
4047059
4756378
5233959
4154394
2076056
1653343
2000506
1315231
7106
3103765
3104068
157316
55522
3390660
2002749
4273292
132667
4471588
3311574
827461
254206
265065
4698822
444207
4277930
2840572
2816827
193018
1114727
1746861
4164420
4789680
3847520
2807005
1291807
4229908
1341020
1691711
3008980
3123577
3610968
4806055
4957759
970325
338050
2344044
2380019
1213293
4073319
4254878
1060655
2709187
2491411
2387665
1541363
1037109
5082833
4944429
3340764
3343182
4742532
1146861
1433086
3131142
3489395
4582118
1559300
814391
3846332
1217971
4669004
5333899
2206993
2725879
4513418
1975645
4353940
4621457
5216724
2733471
2714988
4784948
2264767
2408696
106309
2436679
3273819
357039
4097323
2668564
1148445
3617247
1639210
4405906
4139258
431510
2012762
3836356
4837497
4533707
3094233
1564406
3545430
4157627
1694803
5329974
383702
1420161
186246
3371278
4149140
3286998
626781
1922799
4406492
3784800
5050433
4074695
3613059
3533128
5130662
1460838
3463648
5105716
4807623
4627910
3387065
4500750
3120050
3442463
2746758
3849516
2126574
52060
2161300
1752921
3464361
29226
2045211
1579770
194898
1911398
2691934
4984254
693744
3764443
3404634
5123926
482419
5387999
2373281
463018
2852125
207781
1797168
2599122
1598534
2416081
432929
2156377
1132471
4652109
439745
4072644
3702928
2660331
1725082
2846226
3212021
912249
2779021
4586945
761674
3473394
4809108
4425227
5272931
4901907
1877877
2830716
1385355
2654443
1301401
2647725
2251130
3807713
1677936
3664644
518986
3478637
3728600
2260849
804545
1245980
1498102
4180328
1870556
821226
849570
5329797
4447853
1552255
4988569
3311197
3680296
3512947
2245687
2653251
2596250
4345308
4783518
166684
2566889
2954620
4838300
899254
2454276
4372017
5367056
1760827
3738855
709562
2816601
976931
4168710
4280844
4226753
4335432
1461966
2089808
4459194
1371971
3986566
1624110
1405337
5214384
1280962
1859539
599903
4602137
4952923
1859065
2613310
1956813
3777431
3395987
630511
2106211
4900910
198253
3896292
4633749
221359
3823099
4550289
4676332
5178958
1042958
1095274
4104953
5126310
1020008
4932450
2061592
1391538
2018376
1239137
1601743
656616
624729
4199587
4342725
5079101
5316793
4512825
1167210
5271624
1102841
1190287
2832784
3715355
1798788
1444519
3423781
2104542
1612049
3197886
3583608
1224645
1542736
4368350
4067144
4570737
1819760
1401377
747225
2560988
4186992
5310117
362334
2914595
3395063
1667699
2750470
228974
4738844
813289
2316048
182243
1704583
3988649
2828069
4550357
4354092
745745
3329528
3232905
4017710
2410677
1982070
4054361
1722954
5203068
3518893
1429465
3075420
4398790
5251797
3534583
870443
3687300
283877
4337396
3298141
3281955
5011120
4455235
4949761
1883937
2587627
3751221
2219256
2786829
1904560
205908
1522268
1589161
232437
5364806
1798596
2697923
1363263
676473
875265
1783993
1589906
5054604
5408778
4924895
3306406
2406904
1832731
1369509
4786391
5326191
2066466
2117109
4431203
1952940
2940750
4045609
673337
3031817
1909836
4550197
3055390
1182173
3546125
670321
3289801
2035381
397472
209998
3980003
2514390
1164519
3365828
1580912
5361693
1674749
1705781
4219519
4684554
778061
4370348
59330
3394540
5047929
3738499
1384183
2711959
4594504
4276472
4461104
5204418
1215453
2030251
1589548
4271097
4845421
3449493
4235040
3145655
3186796
2897747
4950203
5070634
4554646
1945404
2150892
1254376
4130190
1864177
476986
1122198
3731824
1311016
351249
1455000
4361380
90364
2802357
1656891
2635109
1181246
3674865
761704
472421
3849745
4767558
200620
2059367
4291029
3717671
5255424
1454104
2505140
4867657
4701319
3048073
476806
4520040
186778
350870
4287289
4360005
2883552
3580670
328252
3828200
3033135
2347775
5300340
131104
4921317
1888
2729345
436050
3405786
1578150
834799
5295693
1081011
5112993
2517812
3761806
4537180
2658582
360011
3579800
4608780
1947705
3315382
4092815
2961305
1873521
2368855
4775108
5282118
2030890
2103644
364151
4414635
3111526
443703
5203610
2204003
1915842
815955
2186936
2714163
4850718
3984251
381746
696913
1705502
3429035
1015125
4457884
1829973
3729161
3721540
5178066
5253118
4228143
2038555
1734501
1928623
2324933
4772060
1046949
4798807
4615917
4794045
1370899
2106117
265702
5107344
4468796
2521181
117705
5087036
3235331
1725092
5211351
5272636
4611269
3786912
4656152
4272294
2535812
2367873
3859605
3574114
178692
2419075
3757895
4569862
5405906
4886975
2777061
543424
4010750
4001077
3222940
5227644
3838862
3901131
4827392
2209162
2331125
15296
884996
3408497
3228275
1961594
2235217
3290674
5342069
4459496
39460
5135331
5259121
5276505
5052903
2566239
2283546
3151018
580037
5178099
3420541
4913588
188612
3417245
4398901
3699578
212881
3998352
2424349
4886184
3786900
5119916
4979623
1415021
1142251
5282107
3691509
1529758
1372007
4747732
3693071
2100962
1686346
3934929
4057917
1801676
866813
6653
247639
4675496
2500476
136308
3659566
4238744
4840087
3245690
703583
868709
4171551
1635153
4371013
3137979
2084097
4494472
4463895
5479
1277533
2395015
781588
446314
1419055
1774649
135974
1032334
4045149
1024507
2173788
838334
5249900
5240451
2924737
240141
2257693
1498944
1912367
276955
1832085
1173618
4565215
3190615
3202905
670107
3270508
946901
2786543
699487
4471624
4108177
2877817
5197299
665174
4484781
98743
1958090
3689146
2114918
1204945
3496127
4881294
752928
4393819
2920901
38447
1273777
3619702
5176642
2917923
3035556
3439559
4696542
1685481
2527159
1537277
816401
4529848
4866525
3305741
4411804
2418268
761302
3065917
4348394
2100019
118787
2050406
2077997
2883280
3470440
1101339
2106257
4849541
1695905
983231
2325669
4806330
1241773
4819660
3591795
1743329
5207003
399646
3440512
3024817
2315554
5399013
2428658
1399538
2111484
1722467
2990210
2596184
5292989
4600564
4997003
5211766
782252
4940680
3884338
2849490
2662603
5059050
4338937
4574732
779950
2702651
838903
5242019
4890735
4905307
4087720
4155385
3699447
4564676
2899063
4380613
1348935
1349176
1291402
4719799
1025511
3377559
2436962
5401520
3101584
4719644
4496346
4735921
1377999
4442381
1956035
2596001
2872258
3288376
4704301
337341
2023413
2698652
3361693
5344545
4790631
1933980
1315672
1941374
60933
4883756
1568074
768900
836524
5406998
5343778
4180052
4974850
1472742
318278
5212512
5246492
4538663
3489206
873263
5314692
147106
4512307
4216858
1771401
4271102
3434358
5188097
972525
3982774
627005
1759262
5313883
3045505
4311741
3221193
1864680
4172453
3178936
408698
4860859
1243717
1747344
1972101
3681894
4814399
889569
2864992
1345488
2290580
3142935
454032
2136524
2426616
2678470
3006680
4871460
4667440
1142602
3695044
2487984
3493727
2946718
2146327
2957972
1506562
4076141
3460910
4157887
2380814
5203512
805913
2179314
1975670
5106384
1848087
2344240
2915926
3669241
4900844
540461
637704
684343
2346830
3543605
5144188
4920630
2798723
123533
2946394
1471087
660656
1065653
86828
1950628
3857360
3877011
312082
111696
2394804
4874669
4832653
1110887
2697567
1434019
3346235
453934
3902904
4465813
717371
4609234
1235166
911572
5115087
3440878
5135034
2095506
3262630
2295630
1454069
5100695
734995
1081953
4215695
4244185
688360
1201386
1755461
1211780
1624922
1742752
730530
3901718
1319995
3377160
1172437
640840
4084809
1255484
4884434
501297
3741144
2328918
3649753
3747409
750697
992775
1899888
5154090
4847985
2131215
2289174
5224554
410515
2384124
2309095
436336
5086663
4342488
4191656
3582982
1794754
1012550
4725588
400607
3934490
2582020
5251514
2907361
314551
2409249
870218
2675742
3790904
348270
3888086
4506466
4561474
2848325
4323354
3744255
1814931
5087574
4144474
2180118
3807129
1904865
567453
1434566
3827940
4438386
4903263
1118097
4468030
3441193
3719743
4374824
1197673
2585757
4714348
3584802
5261348
2758185
1401780
555099
4223573
5139237
5059282
1483287
387572
5391703
3810748
3594210
5361789
1057707
2813946
1150757
1466190
3173168
4839685
3409518
1445177
2671449
608195
3765434
5078638
3244441
4926780
4940563
4573771
2026296
2594420
4272087
1699811
1636193
4884445
1665018
5045924
4536166
15464
897201
5258235
1354924
2936552
1426772
143770
385444
1516411
1338348
3328196
3571965
2138088
2211028
2810048
628666
1036886
3071841
4395412
5353691
4015210
1328474
1628600
3990944
4726552
605674
1861228
3657433
332138
4922910
3061094
795337
346056
67443
2700466
2864516
1308446
4432062
235541
3054418
179274
1755395
4939418
506288
5316079
60207
2076876
5274998
3900986
5107158
3316696
4686686
2949323
3000374
2376164
2774460
3874120
2172369
429792
1672434
4389415
1489082
3404059
1488676
3265153
4942360
1919239
1138350
3490266
1644665
3286276
164274
881890
1560276
4040697
3884405
1651372
3008428
1022450
1501094
4771595
769577
1196204
1846175
2228819
3081911
3859362
343714
29608
1444549
4010948
2269656
2873817
3291409
1978651
2413614
1502652
4272920
3233157
4856737
3175337
2274523
4306578
5350174
719138
1149289
4189725
1152061
4498635
1233102
2259722
4801069
2855860
4077172
1689689
2568808
2006373
3997399
639819
2638566
3328596
1358645
768552
2436136
3806403
2785470
1781749
4390324
2673761
1140975
359211
3774489
3277347
1604218
250438
4346695
376366
3227284
3093423
5404312
974283
1704267
1791424
4994222
1536212
46078
5301723
299512
5101156
2533043
3498053
1351237
416174
2093271
2511532
496751
1557981
1551391
1175213
496765
2492722
882885
618967
3589453
1595977
4432026
3592257
4638963
650922
4208480
1333712
3690468
1101168
3310677
4397467
201841
2495070
4835160
4305097
360271
668905
2050668
868547
883862
4555038
4279778
5161907
3865472
3712938
3532180
1175519
2287055
4006152
1908761
316215
4506259
2555581
345013
4131571
1814064
4702956
1865259
1186897
2307999
2295518
3351650
1537185
2695382
3582822
2551753
44450
3273083
2713462
4716009
3939346
1982375
3150114
4315655
4838365
1357405
5157533
4952833
1588466
4522159
3211950
5094940
4925402
21717
1854853
3407903
3238142
2117670
705423
173718
1834315
1083664
773276
3376678
565279
736459
2308552
161963
509342
4670837
717511
923693
3017371
2434889
1119546
2877361
1741828
4195484
3618009
3915524
3206614
2755194
5088919
599067
4768561
2067892
3083561
1927786
3876471
2345690
4949473
1681484
4331496
2442381
754709
4941538
3071710
484092
4342265
2381409
161662
575425
3303211
4372894
3387320
3579072
343628
2817306
2291517
5376361
3438152
2965447
1651785
5052786
2099834
1425843
84928
2333114
1662950
2601067
3603939
2895294
2452076
3565113
968506
461137
2477535
3452193
4895626
3547657
254730
3322853
3248824
3527326
2673650
4042731
3032681
944092
4983594
2375935
1575413
898343
1416294
1234744
2955667
183396
1387413
3114635
3087643
1367939
2864732
4670248
5200277
3191529
1039801
679766
4613215
3892758
301946
741949
2549913
4468903
3034282
1673161
4984437
934818
5049421
4428867
1216622
3838799
2504177
789819
1082165
558302
3187625
3089580
1611166
3554725
3120912
2634477
1547507
72120
1425517
2501595
991626
4151733
1975743
741889
585438
1009405
701401
1580679
792686
459916
1019375
1282117
840238
2127355
715328
726591
2328171
2064627
1158111
1112204
2956601
3534376
4111169
1939512
3500411
4240458
3716558
2791432
168933
3230050
1401490
2691332
1822508
4101026
558400
2041438
85799
1256160
2168037
5206438
1803150
2200332
2480527
359119
282824
4972374
1528438
4734269
3749363
973834
3050995
1291103
3525083
4893368
3643839
3144106
4693616
2280184
2231409
5386720
3561032
343802
1918315
4083153
1902103
719139
2399034
4710233
1098805
4701761
4338904
4247920
2294413
5088246
1971005
336599
4959018
4159244
5379190
669640
3035152
1889927
116105
5265647
4534728
4898815
1727228
3937969
526853
4760144
1538489
2143526
4167882
4849578
2908919
5153588
4882715
3734582
3103110
3159339
2312611
51107
2780313
5388342
825403
4033317
2548246
4594804
986634
975764
4195701
1619294
4345659
1290514
1174308
899448
5018212
3204901
3891216
543174
88235
4072511
4473897
1171157
503586
2382060
4224975
3666384
3647109
682723
4510821
3332243
3947852
2726303
1496438
613196
1420420
1229900
835526
1326613
1260357
3669235
4168763
1887905
2345036
4027750
976433
3877934
4940823
3991017
3735874
275711
747683
4291794
4722259
5375963
1670505
845739
5169845
2388405
4060673
4549023
2103889
2573687
4024998
3888838
559818
2617186
502609
2967694
2097871
4064845
1617166
1767483
3217373
1203158
2810285
5159641
1025306
5376314
3704576
2957858
3705547
4032002
4568838
4071904
1265704
2970954
1567326
485492
357653
4632666
4314746
1620220
738700
4779981
4925467
3915098
434468
4006912
3132065
557398
3596923
4926109
3513714
5303250
1074186
3416511
3422344
4489930
4363973
1614862
145638
788954
426078
4340771
3417062
4004977
277801
85956
4138734
302060
5177505
3490195
2470430
2923264
1427863
2965232
1659185
1044529
530777
2481481
2768143
5060123
3567595
735477
3723970
3772839
4727797
2551471
1424385
1846301
4398026
2343008
3190017
3557790
2804542
2013263
3472356
3058122
4488930
2446839
1716264
224904
316165
1397086
2448915
4510009
2752935
3020590
462924
4700797
3465721
3739577
5093142
1282
4180348
2910352
5161416
3184637
2330393
2666860
5178910
3555797
947809
2775686
2319300
4984034
771181
2381274
1702094
776231
5146219
4471979
405148
4968416
4990018
124348
4189537
4289873
1107290
4706145
4365442
294444
2800586
3439495
2645868
1724880
5299864
232376
4837673
4436869
4966619
4526362
2701334
3358708
948665
297018
4722694
315041
2986462
2582593
850612
4023403
3138306
5088916
4327100
4869250
744659
1353217
1091420
2591260
4936870
1194001
101799
4266535
3142592
4948872
4303225
2000134
4219769
3746910
3149073
1818990
5069557
1195516
3650928
555668
1207349
1440841
3141845
5063197
2035291
3237193
1101663
1746857
2466603
1847326
3381948
5225035
3369787
3609114
3446152
3252766
3542554
2078229
2122383
4112585
2436153
155759
981257
4412631
3610312
3431286
46464
1829433
2393291
6747
4942301
3910142
2881522
3045559
1658829
2584960
2676159
250957
2720379
4223597
4603027
3150047
1998077
2238638
636702
356337
5252517
4016060
2626696
1171010
126962
1751015
1564490
3622645
318822
5059164
200970
1108744
1061306
1145079
1034559
4303778
4706569
3234525
1823033
4976310
338021
656564
656795
667265
2829013
389042
1690551
4636053
3710287
2743646
1726233
805811
1406123
4813108
3286752
144297
2143604
357183
1485295
4611750
97625
763293
290400
4036571
2607698
2895989
276466
4023304
4390532
2468953
2262461
923885
4962073
1939272
1090694
1259147
4879068
3232353
3602267
1011573
2751125
2636126
5210881
4193513
4096442
5224907
2201735
1809147
3028078
3497089
4851234
1375687
2419073
4373305
1258643
2461397
851308
201350
596738
3780176
160772
4195911
855076
735451
2481528
2892700
2642173
2926799
4892027
3601452
1070522
2121374
1526915
2761892
233637
600081
4069526
1631667
3880291
34675
4876464
1693080
4061372
4855798
5352846
4774881
1553998
175187
4715531
165900
2894284
427836
4648641
1826513
4846259
4287749
3796219
1588827
4548542
3097306
2047484
4128596
3600909
4346942
596556
933169
2318751
5395027
4968
3179376
4053001
498335
1516810
598940
1393397
4343021
4981612
4505542
1828030
3338499
5388158
3188888
3681449
3775913
784259
215929
1638567
2529889
1367241
4693851
3338827
2748732
4715570
5233593
325505
4835060
3767414
4971657
2977324
4083859
3028966
4149636
493279
2501188
2231357
1194058
3255560
2993654
1017858
4080936
3069123
5120408
1584199
642546
5025363
3722409
4286426
431036
1849624
67798
4677271
863099
5224537
4597601
3730708
5273697
3824759
2456291
1708791
2632427
2670137
712397
3554793
1028806
4332456
231179
1781792
5189558
1030148
4713135
812667
4660375
3845126
5079300
5355942
4204219
1529973
4121453
173453
798557
4009544
3133842
2199538
4920772
5347185
4004662
3056313
3599844
949474
3977248
966286
2328645
1167479
3002011
1272840
3000843
3833842
3968775
1298773
2475177
2897588
944258
4795682
3506297
590283
4885297
832260
181395
495419
2946278
551873
109897
3538335
2667384
5036389
2369715
4221692
4651377
370730
4993998
3495358
1591400
645646
1037108
2763496
938109
1293042
482090
4399965
186974
4972695
1260704
3063711
1175280
3630718
4334755
1421818
627691
2508879
4001536
3405613
85076
709203
4810592
2675078
3000072
4051114
5211778
3856792
3625581
2640787
3617200
4636399
313142
931084
949327
1765369
4113400
1360693
1174277
1700610
5086352
4260787
412203
3684249
2510483
3813449
4187890
3236873
775228
1301170
5379414
2637283
3532237
1372697
2443920
1843123
2180635
2634435
4975782
2325058
92676
46242
1257170
2327826
4525565
5361319
311037
2118998
4911641
838232
1777055
4318052
5055991
1113363
3674232
1603032
5311778
3168207
3807523
608664
2991877
2106328
2599335
972084
3284302
2942540
1072097
767852
3848591
4364618
3101701
3322873
3819337
1846764
201823
4966156
3591305
1165751
3136541
3929069
2748764
811119
1244540
223900
2142554
2508725
683301
4148923
2482450
1038484
5372612
4374847
622733
1486755
4691830
434083
227484
1242847
616341
3759306
4155677
2308409
5017168
176867
3487695
3161194
1773999
1417018
1655836
231040
1346652
2801136
1961648
2112641
163647
304437
3040815
5152356
1949693
5215719
21835
4891975
4923692
4424630
3962721
5009865
5088561
1006699
3929124
1579031
1659761
4362709
2696142
2533459
5032911
1842709
1333123
3168364
3714641
4215525
3858594
1734691
2708563
334618
3420611
812435
155085
5229166
4796150
1113390
3670453
5258225
4719601
3101893
1372805
5387885
3279944
705234
5309984
1322234
1057654
4235821
3356327
1866787
1271263
5289873
4471709
2989547
4910693
966731
1169002
1268185
681843
5004154
1187457
712926
5387246
541744
1271305
1436085
3790044
3454403
2309405
1745638
1702154
4974208
4640790
507117
1641746
887763
2438662
3592148
3012804
3816239
2082968
2997410
2233245
5016192
3342461
2633195
2050151
1141885
2338793
29774
3448031
5129734
3660394
5141848
4749512
869719
4214797
3200549
1057260
3188731
3685807
5354848
613047
701079
4854877
3170831
173739
1266260
903750
4435540
932053
5188244
2600238
3190936
3929441
4594181
3331570
5205863
2403824
3650690
909367
4023246
3533087
4794102
222507
4351078
5108715
2304202
468608
149783
2280849
2576219
4344860
2888229
2675214
3186642
2022601
854529
1020652
4828822
3460672
1312204
3493232
3330605
434514
214817
1140866
1784223
284044
340248
5288863
1280098
3541875
2103076
1640006
2031850
1609418
4125210
782823
1531774
2861752
5311894
2867279
4415840
5243315
1776744
5164526
1487669
5284343
2352941
1570545
1679860
2084179
3630256
3719384
4404674
4285873
4766817
2862200
2292067
842533
4311851
2946725
4488970
650254
3992660
193861
4178638
2365233
1913619
4328169
1341588
2107035
2277106
5260565
4128723
2729940
3397444
4878829
3216690
760423
1921932
5293877
3356444
2286651
4829095
1988109
1991385
3429846
3772619
4854042
405664
2665632
5410505
2736867
3026812
4764437
4234675
3218439
2579289
3915384
3715788
3341156
886351
1050913
1361374
1435710
2083249
326795
4606640
406526
1118494
3193922
1761639
1394426
3482136
3382856
4504050
138285
5056715
36041
2975066
3690630
5233354
3433744
2844215
3164279
1946753
1475858
4326816
4866559
126339
523579
3656820
942838
2335342
898292
1604623
4060475
903083
1026801
3118935
2322890
1423640
4450227
1920772
5513
1051700
4984338
2998075
1362440
2585947
924015
3028965
3893602
1977969
476547
2699100
2340374
3721957
9162
4640756
1218047
3561137
3949207
4612719
3381073
819364
3297213
4614895
5253800
1757965
1653081
263583
138921
362313
4937389
4919869
1406800
4947057
2249968
1574120
3377522
4639463
4546246
1977102
4978587
290833
43813
5172819
427552
4948090
1753643
2461384
262165
2699413
1705929
788706
2645058
2923503
1490160
2551925
4086159
5191200
1077957
225869
1632742
4390159
4576790
2971567
1333012
2452561
4017416
197194
577583
2849304
4347853
1804630
3894540
4716490
5400958
4633429
482867
3231073
969931
1189116
2415498
4661139
4155221
2125099
2069672
3117408
2576074
4587780
4911094
3023791
5012946
2718699
2804769
2707728
5286890
2231699
2213377
1195667
3345480
1659433
3769643
3421098
4172226
1438184
4901402
3758821
1708861
1607472
4128057
4468570
2175629
4067257
4529645
4091823
3357944
2291462
2422342
5123360
578541
1957773
1587843
40055
1208821
4690486
1262559
2683836
4494502
5261537
2900197
5322932
4763794
3344169
4248291
1299997
522342
3559690
1179998
3250959
3030517
4428744
3886685
3334487
696634
1175845
5284878
1571963
3172193
689611
4415663
2630385
1484422
1521597
4372681
2988847
3253256
5068993
4981185
2992060
4409064
5043079
2257655
1010803
2149800
4442406
3467144
4758394
3472183
4433389
342256
1203774
896972
3010473
4225791
5366598
1547841
2471555
4509070
4879263
3682573
4114413
1142873
830579
540250
646632
4043933
897145
5216242
4685684
3867025
987107
5374199
2732592
1541845
3793907
3628401
1757271
5252247
2090914
3063138
1342337
1916779
2562454
3783790
2507847
1310985
2467992
3037429
2565010
1702687
2125502
695120
1640527
30494
1637845
2990019
3361545
4190792
2280862
1128409
945156
2607539
1403790
3020454
1843576
3668285
4750396
4020681
3962660
828155
1254112
2128722
1657811
4782247
683733
2826736
4554026
2460021
269476
638323
4210091
2231642
2650398
1410365
668996
4447774
1869114
3454411
2029977
3330043
4090693
3213943
1664244
1606244
4984958
3793622
3745622
1268088
2158162
1780074
3289629
1836052
419767
965424
354691
4954613
4882993
54004
4237848
749487
5217227
2122009
542462
3194160
4481830
2214085
1461344
548015
2195838
3641771
2209119
1247084
3626796
1134757
3963709
4889051
508482
372104
1211161
3803749
4924069
918567
4740483
2395259
4913676
1779926
1348853
4347689
5078524
5376068
1964507
3178672
558663
377869
3605725
4047164
1936694
4031367
2507048
4377900
1576082
1138887
1007027
1715054
2462145
3910346
2593161
3607079
1470411
4929893
1417345
2338168
2502801
1399311
4580955
1269382
375502
2753461
1239195
3351254
4447683
4856545
1204618
5272591
1711948
985734
5395070
5298456
3614657
754094
879631
3943574
4947899
954148
3323806
564070
2818296
2787650
2948714
3250874
4658727
4460343
5400714
1640989
2892203
2016878
3637821
5310734
2092806
2238304
1238187
1677259
1560593
3227660
4574390
1986644
2288314
3187766
3610692
792305
4460984
741243
941571
287023
641175
3018794
2260178
841913
4500153
736413
4910816
2109447
4591005
3198217
1784987
5263971
3759235
3001079
3332012
5380403
4143084
1206606
209202
2979720
5211454
2985831
475710
5118464
370288
2875422
3405836
2998392
4885331
3390647
3691442
490146
4812049
4861980
1209829
2263467
4873946
2820687
2477987
5071688
2152767
3533672
4194040
2598617
4353924
2711401
3663635
4815389
1699189
4956230
1056569
4112915
4254699
2258932
3250627
195960
978563
275814
1393054
3913293
2796989
3672800
2176875
881454
1032529
1554167
3690516
2408055
1397617
3951307
5287984
4616765
323501
3032041
2517239
2144312
3428762
1412424
3652210
1307991
3953082
4023497
8870
3134706
4262151
464353
3237057
1331001
1103681
1565323
678602
970769
2376067
3676637
5389060
666162
1501
565884
788931
3914184
5179750
2701415
4271749
2889785
4548912
5200534
422821
1013251
1859355
4473632
3477860
5385543
2945323
815600
5315614
3852120
2275096
997212
921477
60892
2945515
1594516
1860507
396315
3274931
1891252
4326907
4533234
4401196
5244209
4582792
2958211
1285427
4729332
4315574
2783726
3807565
4180949
2151542
3057971
980172
2672858
3307522
5211309
1484165
2903304
1434607
230699
1330744
173466
3111255
5413235
4159469
3697990
4536876
982196
3029940
5001716
4540892
951719
5059913
3808495
512871
1080658
3291565
184970
3144710
5061825
1928686
1195541
4942181
3798299
4700944
1156624
3248399
809167
2827945
3774085
1172633
2773091
5071903
1283148
1136926
3939246
3892792
5032382
1149432
2962426
5252792
674242
3947569
4361147
3527095
4332879
927155
2556359
3688648
2733207
923157
2047815
3381903
3718456
1811547
68530
3068678
4447374
577634
906309
4210978
3984577
4901290
2547033
3028175
1431555
64127
3915132
2850327
782642
724539
2928178
2871280
2242243
1547090
3919743
1351443
4127482
43062
458201
763190
3318932
708002
1311556
620881
437933
3109211
5093559
2763813
3242266
3612813
4313447
290092
1424107
5363704
2552759
2990196
3461923
3268210
2687934
4332114
203322
3593811
2504856
877706
2246531
2496172
753677
4429594
3432191
4610854
4787430
5124303
2977406
721661
2063981
4716360
1018422
822361
5044715
3383149
4877463
1545857
1294412
1252415
2403648
4525089
3832701
1507014
2367562
3712806
2607172
4386294
48492
4216394
2184964
1063453
3803222
681155
1454402
464847
28798
1066354
110292
5294510
492514
1228985
4491115
2450627
1530316
2459114
2944559
4381109
3038522
4940350
1459577
355345
1917634
4718143
4802379
4512319
1681594
744172
2557593
3414116
3913050
2045838
1434494
1907883
2704351
3729893
3323787
1516922
2716006
4910043
2160413
3262285
4025418
211080
2641019
273483
571130
442610
2984906
4936711
333264
2356755
691915
208470
1989658
4609240
1899845
2500468
1228465
4077799
2285409
1138746
673505
516341
4785877
231603
4724669
4500830
1910647
5348166
3286844
4099699
4400761
3225899
2833154
1936303
154761
4515153
4769355
3136316
1540982
3226103
3466826
1269837
153655
4707359
4404443
1588105
5388328
3707782
62729
2728654
2786504
85214
4492316
2390049
2340780
1402422
4791379
5080837
1094077
1303879
1306189
3678477
1018634
4644643
1723589
4621616
4223096
4373571
4934327
2658717
5269757
2536866
1708692
4237112
5344213
2496366
558522
4798253
3549034
5213520
1788144
512594
4736762
5341830
4052038
1626729
1096408
4355853
1683665
109925
1651724
2611840
1477044
783087
3548089
4782746
1263540
1773874
4832816
3157467
3437884
3761173
2845603
4601446
3099535
335840
803128
3585189
4146843
3815398
790413
82176
1672951
4450535
2985286
4858328
207225
1293943
577141
2087204
23124
2799419
4136305
1043945
1379201
4376727
736114
4755185
4141111
5081810
3503365
2855193
108688
4098926
1272621
888535
4768216
16678
4330486
1088178
4008776
2941922
5103566
2966838
674140
3558645
67756
3211706
146688
510013
5036613
4617844
3472623
1338290
208338
4454400
4759645
3672668
4777460
371310
969755
2183282
1580855
4458501
2256414
3147815
1369389
2864194
1565459
49854
1406350
3093768
5353520
239520
3901902
5294155
1955328
5189287
3101154
3215397
1106577
3927417
4194016
2768778
4007724
4629602
792648
2285661
4726549
4903011
2143697
1492148
2376636
4387970
638270
1022354
3631259
4607366
5292622
4986875
3360473
1029395
3174362
1282256
1672365
3045542
3100082
2043846
3341261
731277
760626
3026753
1984606
2264415
1478362
3082487
2071046
257171
464906
299624
3030945
2838889
2285670
5222707
2640170
3993986
163079
2090102
853875
2210577
2921144
1165400
216348
3536344
1648406
4753631
1553921
2849376
4385766
3929249
4054999
2894223
5235889
1626820
1796582
4824398
5203496
3526519
5216476
5337831
2680057
5124939
3279532
4472189
742116
534350
4857788
1055886
3365702
1526826
3236160
5362631
4250063
3361865
3314239
2570743
172891
5199184
2340351
383035
2883325
4070455
3033929
4929053
3676379
2693231
3266084
877881
1079941
66845
233261
2128633
2261934
3851616
2039174
2650436
3892855
2002753
4305284
2702189
3968491
1043609
2560745
790181
3938319
4182877
4040001
3778626
3954093
3890722
3729809
345701
2335573
2650279
1886048
2787292
556548
1603857
4543772
4709566
993097
3856613
3633536
2316210
1011273
5343925
289747
326241
1734174
278703
4277320
2253403
1252615
434667
206564
1714375
1450578
4562260
3030067
872535
4350433
2890941
4437139
3961507
3494765
5364572
1904557
5025117
1604809
2713693
3086351
4852727
4941092
4602227
3065888
4651333
5172948
3500419
1308984
5246373
1616840
2603924
2704575
1551302
5033902
4958327
2301414
3031810
4667137
3176170
2750219
1282911
4876793
3129126
3149249
4918959
3160638
3161831
1463244
4259848
1438967
2662328
2505481
4830511
2692829
2266891
1491962
3329029
1478243
314858
2089355
2447268
4034466
3355321
21140
4803995
1638487
1496619
3331055
5409884
2815468
2232438
3797866
1355823
1793822
169221
578656
3887896
1781211
203250
904349
1477411
1494927
211646
5215458
3226010
2522238
2085276
1792276
258561
4270970
3494133
9585
3792046
338439
4544150
5010367
4739497
4237059
4005792
3165733
1839181
768449
4343962
3699785
3951710
3192913
4204115
3325550
3884175
1912562
4826012
4588687
3113462
3480320
1470420
2829765
3627635
703615
1778199
1447018
4611160
4599882
2355487
4765873
1445081
3890267
3480654
3955082
3745840
940983
5262938
1959490
2831819
2639171
1535048
3099902
1284199
1422890
5118127
1315568
4941818
83150
2856420
4867692
1349038
2142978
1149496
3324904
3067761
2481906
4096938
271495
4793478
4770392
4970043
3560109
832824
3786049
1391760
2341858
1312377
1595440
4425226
4562554
5039715
276518
3947100
2664275
133488
4648269
600600
4450178
3353196
362953
4672481
1847003
3623093
5374108
42111
2101614
1446476
4519821
2550612
1407346
3054710
1514030
1048514
4014952
3720855
3659981
4463121
5034643
4616260
2926328
4926817
2565112
3105973
2521964
4700148
2100056
2975058
1974548
2576119
1753739
2728818
3214678
3458862
103681
3182566
45908
1250210
2736990
1862327
4080315
4124178
585071
726536
3353819
2740016
3069544
215427
3302445
5030385
363513
1533571
3326067
1582962
1608931
1355606
2447000
1823448
2897194
1139397
4939961
3045315
1602470
1719207
3130166
3807371
5229391
370148
2664388
1114557
125979
1317636
2494770
470961
1549262
4073986
2122036
4610564
1317118
1466300
677313
351373
4957655
4483926
1865225
5224808
4524009
3198731
1980035
4368015
2557263
75457
4644865
2579078
1643225
2399471
4427933
5244949
5178038
2440947
4923397
2184319
5200199
895532
2650137
914404
4494735
4834957
2112135
5244848
3143402
4143849
2103379
5205439
2060184
1411038
2826543
1416403
174213
1715404
1918169
4667649
1205859
1390655
4082433
4275147
4763150
4502687
3180705
3326641
636804
4084535
2824100
923059
4468228
4114913
3095270
2688934
3302264
3610865
4617201
4534462
1719865
4357951
1770549
2957577
3062549
3686965
4208189
1894755
2770338
1860140
582060
1635357
1234550
737099
1500688
4412138
199778
63630
1957433
1022845
2015700
141562
499477
3486959
1877613
586223
3339341
5386356
4076834
1160603
4674685
3287729
2332555
2790557
841060
3024114
4963597
157596
1230330
1134
3784944
859105
1940277
328084
4296478
5221113
4132903
1589621
2534847
3950849
1265556
3690715
4811059
5139385
3158315
3692915
3835850
101091
2303754
3782083
4327185
5008293
525876
1027928
939999
1949160
3171858
8110
2299476
5234242
4966083
544511
2980221
4889996
1793754
4553614
3177028
1214780
2163899
3836666
1550119
3498129
2290618
429266
3491055
3117786
374488
1615285
4737433
4197617
1251412
5192824
4412809
1495045
3795018
1763383
3822156
2728633
1712546
3866282
4294280
2122248
148767
1331758
3548699
2224231
1742194
1798089
1913148
1146105
460573
1525813
2055163
5116469
5128427
259091
2775141
3872198
4200966
2908106
2983585
2954036
3669384
1592376
1917190
283191
2457964
1068323
3232327
2150749
3183266
289400
556973
2851388
124133
4384974
604588
651585
4572681
919632
73290
3468921
3525674
1692374
3573986
444695
3707540
1906464
4844679
2615547
2946284
4708140
965445
896242
3077086
1337278
1768701
2272010
3383131
778904
1683373
2181850
2239791
5253693
3584452
2747859
4083235
3789754
3610346
1065268
1105469
4167060
350943
4588847
3923782
3928289
2473966
1397818
1548749
4381212
467722
2610898
2267321
4566980
2558407
4781893
658211
3969700
2735850
1708676
4984876
2249524
580432
174328
1228625
1796404
1536262
5183141
530231
2109398
356735
4793923
2273409
5217092
69745
4684806
1135150
4484959
4116287
2257041
4826140
3421243
1576047
228111
4267844
522111
4378326
1795257
4268120
1593366
1324329
3031548
4483876
270931
682851
984228
3156246
991747
5101271
2081616
4874815
1015511
1762725
3241880
2097845
2990354
38176
5359656
70895
4514715
1964573
1903618
2606024
515260
1103855
1183052
4613043
2245843
91843
2469338
5035975
1811669
620914
1831222
5078552
3538122
4198091
5214079
3045983
1047358
2899426
1338762
4119709
4568850
1799367
1186814
2210732
3869977
3519874
3920072
4688786
4037519
3181180
1269410
3809159
2987106
3204540
1004134
2670613
2433268
3586378
2588600
240570
1240738
4819732
5168599
2343807
2767720
3988040
936749
4781428
1001729
5301859
311590
247784
3160427
5015249
5038814
1210406
4775884
1954497
3285317
2477494
908589
4176442
2386150
2019190
1625803
1542792
512727
251663
226732
340261
8014
474293
1700718
485279
2745013
613879
1527908
478209
1680957
1684492
4398223
916205
1286449
4340094
5325035
727021
414314
4208792
2405798
4951103
2046392
579263
1040034
388262
1350835
3344769
1710025
5096984
1364094
1702206
742113
2377430
5207389
1504804
2093641
4130392
2839560
1129576
4833104
1681543
3422939
1706041
5256173
3644193
3711353
5286487
3748621
5375701
1116953
3498662
2622543
5350913
3406173
5031787
2760903
4513903
4535511
1890052
1136637
1155611
1108559
1859798
3538468
1961152
2486973
4392190
341339
3398952
3300178
1307201
4420012
5248673
1290301
948293
5329567
39160
4802550
147398
2008905
2749838
3946052
1847562
4858670
3711667
319692
1958882
3816806
3373461
5278775
4941387
728998
1853735
4253198
2602636
246501
2507936
4330707
3421171
209795
1040384
723180
3006312
492842
2570280
858916
3253168
4529266
3588068
4151391
3155876
338577
1220308
839948
4910643
362525
90139
3202700
4855690
4781857
1287400
682256
1286435
3695717
2213029
4101822
3712175
4323010
442383
2410863
3413864
485264
4514839
300989
4009240
453237
5380340
4200261
862195
3969103
1154152
5033468
3306145
2076751
2527682
184077
756467
5358510
5342347
4087051
4863360
2857164
1454845
4356334
1508198
4606519
3976200
1028011
2425961
3389029
1863781
3348096
5280898
2511807
1733221
3625112
138792
3887586
2305102
4451875
413038
4933646
4681233
3524322
2143197
28162
5129995
930220
1598607
372580
4117604
4968945
1309760
5124687
849953
2364453
3572799
3753505
4352579
2578780
3320973
3345632
1149182
1587133
5043614
807908
761032
1803363
2103180
909938
2058337
93983
165660
4880048
3241947
4461646
5091483
3935794
943632
29333
138318
4964839
422944
685591
988018
1450794
2763529
2196061
1009109
2565543
6984
1459617
1320725
4416040
4409355
4762677
4339611
1508980
2157000
3024309
4992930
1164118
3132112
1723324
1776729
4237688
3116241
932073
4447733
4034846
1346661
5109813
2976327
2838366
5397759
1755442
946434
645445
4501377
4535147
4831915
1068151
1260127
4483543
746849
4323910
4878069
1968007
4078941
5327141
4332181
3120772
1285627
5053695
223541
4454999
2418892
2786326
876131
1713773
1501072
5112345
3177771
1936247
4800479
386276
594114
348749
649332
2223391
5274011
1589040
3224580
5315697
3473165
5353244
384533
377854
1199666
1401924
4290267
3450378
3401233
2220883
3005743
3151214
4158128
1270161
996662
4111983
2807965
2999225
187326
2244927
4226815
4284273
1162565
4856373
2130400
601764
3874100
1272347
1589077
4270160
4279783
4642462
2693972
2297953
3814900
2703145
4809987
2949950
302672
1214843
2941071
4416804
4113156
3519840
1976027
5233756
3492321
2943206
5062475
395023
4125679
1035254
4221080
2618460
2716199
4539953
4177189
1527249
4216229
246530
1104480
2435182
1291499
4997504
5322448
2621964
4103098
597706
931261
3106593
3922623
3981152
1434344
3827049
4707132
1916620
1525044
959971
2177649
5324435
2294929
3669340
3868074
5233553
1082376
3822623
1842145
1728354
2933812
2505522
4955559
162840
4528092
4909640
1797979
1267361
3299953
2441981
3369036
108083
3940010
4098292
2590447
2930858
748603
2737501
4231423
4477660
1627560
2374391
5182862
4559842
3645181
3978858
3032602
4463289
3257095
1274169
1549465
2961843
3841044
3533722
3665999
1114833
4349476
261345
1117918
2482093
5045598
2995159
3532778
4212212
1897327
153736
3692888
4225771
4588242
480371
1146201
3310316
876452
4029025
2271212
2773767
3656419
3312607
1163977
3196820
1034181
1829238
5302708
1094552
3929731
712160
2561377
1092419
1773612
4706221
4278240
3116625
4184983
3467223
2636885
3978910
1456233
3605800
298995
3713264
1346787
5098659
1348959
1977276
5071915
55425
5411102
3709032
2141793
3336007
4600763
3497257
5013479
873604
3514431
2929350
628957
1826870
1668775
1775361
5050866
1456428
4985574
2271631
4113739
1209376
3918387
1568909
3650397
4636671
4469818
477925
2272620
4581452
2048214
2276021
109283
2302214
1709158
1503090
1129392
3576122
4951462
3584318
4401381
748640
5067250
236660
4741148
1694668
4879394
3501560
3494538
4991885
694987
5101394
2286862
1496200
3951399
27704
1314728
663821
952703
531345
4958447
1811813
2317981
4925156
1316802
1076456
847459
410442
1423579
2736727
3229428
3217228
3871092
3420269
5298521
1918205
4478705
2200221
5025630
917612
4026866
1426074
1926288
3759647
3802734
4918508
3199111
4794105
1398273
1204873
3731426
3429915
1047183
482809
1649654
3854204
4672000
1734101
1017193
1622766
3089326
642164
2032852
4367362
4142135
733475
706379
3960122
4023006
882801
2978162
1762027
2875408
3583684
4188818
1649188
2119056
4207965
3580905
2906147
2243615
4829561
1032851
3473416
3395822
933798
1916630
1414614
3178056
4749856
5002072
1854236
3351277
66192
1244094
1503721
1499821
466680
8578
1783606
2541569
4821969
5258096
4445726
522704
4257523
4857170
1294600
177520
3862323
3264637
4385056
2742532
796520
2811226
1733806
1045485
1113449
2630505
5106346
2071492
697111
1396865
4859675
5052085
736026
3502634
5087549
5149826
3670745
3545289
3518974
2250890
4241240
3823394
279669
2368259
1647793
1619640
4215940
4250505
3979387
3486912
447391
1278394
2905870
3873747
2923426
1459814
4288792
2554074
3475106
94188
393378
4536162
3901761
5380823
3844392
788473
1066892
248718
481731
2667928
2969646
2181354
4396335
1435338
3697867
53005
2904272
1630356
1280559
4892907
3402087
3828255
989763
1448764
1775219
4230059
4949163
5076110
4212857
3076112
2682614
878542
1466356
216760
3133551
4542035
3478625
2510252
2532981
2826386
1836943
1109489
3817268
1382134
3085052
2606476
3070842
4018726
2286991
362695
307424
1333439
924151
1218331
2553653
1327277
164327
3409577
658742
2051408
1614414
3944845
565239
4181390
4382109
5168191
4295027
119378
3011107
2291985
2485650
4584447
3278516
5372215
3753669
4532464
360880
3374229
2704848
602507
1892392
3600172
5120081
1450860
219929
91780
4608298
1113210
298886
4187442
3302216
3372606
426075
3528901
725023
4111904
57150
1996794
1244569
5361004
934461
3321477
4699145
3678614
3401893
1607122
4998900
402597
761165
2677973
4695176
247192
1087127
1431515
3979721
2481713
1864426
2031777
1886310
2727930
3299638
1661017
2966788
5305879
5338625
1454817
926723
2887837
4816935
1423823
5183192
3437660
1775171
4583174
275131
492709
3694730
94442
4719655
2543623
3698863
3217384
631021
3690580
3936013
5221404
4149417
504159
1148272
3467994
1227210
507743
865737
5289366
3214400
1699099
2132850
1005261
1974505
2931539
2904280
94914
3397985
3927475
382925
3607513
1252750
3539194
2049041
5105810
2685381
2421328
713289
1684490
1910694
3607357
676147
1174369
4530593
932088
4854186
4517565
3418327
1928488
4763923
2627453
3232256
1533462
4446800
127665
4647149
1496813
3774949
3725460
2344387
4189207
3911214
3531542
2992439
4279094
4543585
2440143
525618
2359724
718369
2360888
488662
4987726
1565323
4507712
1300518
583254
4408077
3803798
4588767
4937586
3307871
81800
5070602
566532
1747729
3206279
5082568
609935
2024768
254632
807441
160931
3374909
3118788
3745819
1448303
5276742
4795596
3065875
646853
1037761
3149934
829201
4002442
1942219
4171322
1735779
2667387
127088
2798714
2855869
3974154
3972775
3473870
3544108
1122396
4399842
4460874
4566390
4014311
2691549
1230054
547148
83976
3637454
1713567
4246749
283712
3548741
3102095
2411301
1859449
4991309
2192545
3165942
3298831
13901
2670287
1884792
3301070
1407911
252008
4644243
4857750
4971733
1861339
5226483
376513
1277509
2108736
902849
1757256
1484776
3886642
2092406
2141957
1427130
3341401
4584662
5026528
3006593
1274791
2388392
1623029
3545730
1471780
330037
1203426
1710542
5021598
1242270
1088924
1842038
3610582
2835891
2663822
314689
4035718
1094954
4482220
2709498
2701534
4885318
775987
3662148
4624465
5256042
4959633
510917
2076961
2017489
346620
2004117
3765740
2571861
2848448
997660
2732231
511705
3638931
1080739
1694910
4212604
2350180
1857985
4770363
4857564
2679822
2957291
2980106
1127681
2487443
2226211
934578
3707492
1553109
3663346
2142547
4004692
1108440
1788848
191816
5121490
3733285
3188917
1895213
4894353
4135843
808867
2962390
4146688
2001587
3431316
1267021
4796466
818316
4167645
3375729
1443625
5058715
3715907
4706179
2049953
126451
3941863
836062
1041966
4902178
4880552
2724714
289078
2761029
2026107
4542942
5163699
2763736
1160122
3204833
4090865
127535
1524568
18901
802937
1136249
5320138
3632035
3443592
294320
1262839
1242197
4049518
771624
1103904
1540776
774658
2425220
3677961
517453
2638438
5095770
3565222
3400429
3651825
2933873
2169041
1334714
1531298
2714772
4944106
5058131
440781
1471830
3912738
1176291
964293
1265204
4638638
4671176
80039
1228588
3645159
5158391
902931
3712707
4136204
5158704
435158
4229558
4274771
5358086
4708676
2088909
3727460
870679
53614
2701485
2785575
1138607
3185527
968708
762684
2098235
2719804
5357988
1462530
2518958
4024862
2604325
1416656
1759015
3239369
2358297
5102896
4770624
1895274
2264933
3198792
1774328
4821858
2117559
3012226
1916430
2538518
4253623
3245311
3862835
4850904
4070196
3774605
2692364
2353566
5258761
3028698
897396
3404466
4706840
5347667
3201529
1202962
2584768
358319
5285901
1885090
671515
1066897
5317736
4576553
2689168
438820
1735083
2603604
2498386
2535125
2889926
1475636
5048820
4173776
5131773
3287558
845874
1211488
3199592
3209224
1455812
2753429
4905638
4467358
4035604
4350651
4879407
722688
5056825
4541963
4778288
438968
2854720
1018573
1830739
1036958
5053814
3824608
4835104
4233797
4498773
1275194
2976683
5089669
996411
1975983
3233490
2741179
3690989
2302215
2771907
4644034
2852510
3238867
1259506
2924747
943037
5071495
2333012
203295
2383838
835894
2731266
4853663
1364082
4858260
5087859
2022036
5075267
2247507
3291086
2519312
4168817
843361
2857504
1676487
4881046
87357
1908110
822792
4901706
3097894
3582308
2756334
622255
3397624
680427
1481125
2372023
2965173
4233820
1465181
4285095
2392906
2607125
1223609
2717430
1055212
3369414
1497480
2673150
643560
3959610
4341035
639549
652802
2236303
1249296
4767852
2931713
1083567
1545580
3300790
4438412
2243833
3531053
3542410
1400645
4643238
638822
107027
2538484
772668
5182961
1770593
3710007
2747396
2470662
745189
1354687
4705904
5031757
1000397
2250727
1019021
3902669
2841646
1152849
1854869
4477381
5203140
4771546
1950297
3876374
4115630
2387549
5353945
1735316
4110976
3151018
2302764
1758988
1529255
3231721
3184613
2444484
1881063
4052327
4509822
4297063
2106881
2468447
139052
4530861
2842021
3267278
809742
4236696
3513630
3478309
2436611
23592
5223144
4369448
3085040
1996136
5280926
3324296
4824357
1322210
4657511
755569
3141886
727563
2265287
26766
4091857
800800
2684845
4222770
3250128
5263696
5235937
1673428
985370
2004550
2956579
1370703
2026008
988214
1052041
4199250
1641497
1194643
3670076
4432634
5106160
4905239
5108482
4413523
4568605
4564353
4729377
2944949
521633
3436237
3018749
3853963
1520177
3224780
4076316
83931
2191589
2320811
1036286
4548296
1327474
2590203
2517683
1363183
4313211
5193365
180228
298134
784903
948336
4318964
2920380
768001
1409245
2651236
5239191
1073695
990424
2311636
301676
2424978
1268210
563142
905506
5196808
4533078
2746644
1598729
482034
4993524
4089429
3012666
1342647
1869947
4955226
3221586
4911958
4619163
2936974
462452
2838876
4421973
3802515
1414612
166121
5294783
3062004
4228628
1609711
1672937
2552023
3311027
2838351
1011117
2005813
5167856
4636884
3574473
2633255
1214134
3646494
2777471
2653178
3956439
1561234
1131637
2549411
4524298
3836456
417237
4947928
17919
998813
3116245
665140
4591621
1799404
2259420
37314
3440219
4011597
1164715
3347334
1579841
4418671
453600
1869238
2897624
5250802
2851389
4618140
1885091
1901430
5109140
4770859
4048170
517418
2047282
2992030
2789916
2689346
4698307
4942863
4156250
4525550
2577486
4052573
4317734
515217
4292652
1087955
2828285
5009165
2374765
4967511
4371163
146043
986615
512976
881385
3549666
3813298
2099442
2548559
1958103
2524848
3731414
3421371
3287786
1701326
1079590
4353825
1388146
2267387
3444735
4912014
3840815
5150793
1094114
4551744
5047861
1832015
565969
2191961
5162422
2039352
3504029
5011253
2962944
4964917
3895798
3144087
1707974
2256277
622687
2821661
3256204
2093484
4836047
3566976
2037793
558828
941410
1953782
5069912
281995
3442664
1100298
28722
152839
3907289
2571530
4860683
3579649
2329018
4007953
1997219
240488
4479670
4422109
318456
3974631
3299651
1779920
2951185
3265923
4401416
2441259
1438207
1434932
3370031
2239568
933212
2621431
1567110
3899481
1882782
2369927
4239247
5325918
2186424
4963050
2036030
1953958
704912
2015540
5179130
245282
4923473
5231041
2266053
5316202
4160200
292674
1576568
3997864
3674298
670738
1866493
1706009
5345552
3118749
357887
4309338
5043366
767472
4317839
2201062
420951
1144114
3819354
2680413
4596651
5208417
3872374
1113583
4415885
2069568
2243228
2448426
4445189
4031288
801825
2775581
335939
2295785
3134596
904781
4896482
3950579
1126455
3752268
844438
4764140
1367006
2101945
4995914
1295396
1354448
3222849
1713647
327548
448823
2851328
3965510
2653106
3573560
470076
1845773
739143
729786
2116483
4672406
2068970
4824979
2729552
4515744
164263
2302241
610806
1243273
133416
4080082
3459027
3669292
4698726
1296960
2482150
265571
4729931
1894748
2435732
4525425
524351
2640178
1605741
3670148
1472336
1540177
1147095
838532
752842
3680039
2889414
2665864
5101331
3682736
4922994
5161083
294158
2100971
5043194
2478398
3044631
1001448
3131323
4387552
163192
1897045
1984069
2686920
2615675
4877889
117381
4205220
1500481
5312169
4778387
4573555
1856730
2992456
4734956
3809041
3736836
314623
3769245
760048
1539869
3460263
1011169
3454830
4367130
292992
3631350
2996513
2000209
612292
1405236
4066367
2780218
1309697
562867
2212362
3883240
408450
4857502
1576663
4219166
1972576
3269592
2958754
605794
1697204
1166672
4930425
3131125
2685000
4981836
68680
2037349
3034731
3015406
524279
4868898
1099504
2070120
984250
1645190
1667666
2792012
1922440
2996651
1547657
95010
4978341
3434212
490967
718782
703433
2705123
912373
115863
784119
987575
2048037
965810
2046143
1476828
1172840
5200494
2403526
3239602
2506229
3443115
5401569
1036338
3870983
498253
5132242
749985
5221739
4560882
600155
3971631
1154678
4578531
5371151
1386546
227828
2330276
1492132
4335929
5043002
693141
571585
103052
4926983
3980780
3781635
3738226
1109727
4985457
4175945
2848504
4854667
3144080
2537511
2704047
4234752
1179922
2244363
2638800
1546437
4927695
176874
2539352
2600527
4077432
2435279
3028461
2356525
1730848
4123409
2642720
1818955
3474674
667611
601188
2141708
2533623
2191647
1403270
1459558
441183
3105587
3797654
4742674
1952591
4310413
252321
130992
856323
4239587
1452674
2647605
2773204
2605694
5178529
3488963
1184813
1880449
2309096
927944
383818
1604946
3826248
2344754
14470
3352931
3698144
2790403
1728704
2057483
658571
1335783
1667086
16786
1862122
4349922
188369
1519869
3463817
4255746
5069736
2583438
1645992
1552841
2487431
2274011
1305746
3551429
3285401
821725
4264685
5214838
641864
2579201
1073480
2468296
4133076
3734977
2724078
101713
1152124
3884006
1913857
722026
4091151
2832136
3510014
4622645
3674564
1635710
5200894
4064915
729402
1890175
3600986
1859325
4356481
4652208
2984460
2617750
1802969
2413160
3983498
2327604
2361267
4943142
578076
2536756
4748305
4438231
3368954
2221789
1108314
1510862
999876
3198178
2200589
1051522
4927124
3541901
1447767
5295155
1441595
1731168
3071700
4409562
2373008
755116
249941
5042896
3647725
1385509
4635760
4891688
3189578
4851768
530544
2356619
2024427
2600330
5255919
3120575
3595066
5117466
1624989
4786603
4497907
4335213
576939
1012031
3576634
3400692
895514
1997748
2723200
1655908
1428762
4154949
2016445
3926279
1352281
1193225
2731129
1189453
1276252
4304921
4936761
1899419
260325
4011541
570320
4351624
3265347
868804
3922491
4246841
3906331
4643050
1111467
2180136
1890814
1222741
1503880
3333392
2394480
2022534
4215738
2333461
113071
2603220
1452485
1441988
3564531
4321413
656914
1589093
885812
2580048
258448
3138850
231104
2432097
2929817
3105058
2285613
4679940
3699514
3754215
4011680
1433057
1841379
707273
3043905
4350346
555047
3511234
2505234
22993
2688124
2341567
499586
2636352
1440607
4372116
2959076
596760
1267103
724142
3924186
3612415
4765176
474437
4378640
5222481
2080768
3046890
721634
2788381
1212015
1409605
2066368
597831
1222508
4778240
1776430
3050628
335892
3942457
3125279
3497807
3501904
1868381
3528285
971191
4212752
1195693
1185597
3979909
1778942
837381
4946925
3666836
4608153
3623754
1661748
4417961
4123884
242059
1415187
4140693
3149194
4789413
5027700
4505326
2234047
3634536
1106989
1408741
4134693
546325
4396748
1763998
3702396
3926752
4242542
2175697
4461291
3119685
4358944
3612735
3617795
158091
1664013
513934
1446753
802216
2552736
4508534
3277406
3666650
3852230
4536698
874762
365643
1934964
91496
1467255
1876348
5197719
5071225
1304680
4323680
986806
4766186
4218856
2175106
1019086
2536717
2512071
5183366
2286425
2482896
2335241
2965244
818227
1700680
714409
2009290
1852048
616032
2743628
1346820
1660844
1085517
2325843
4570578
1343167
46593
4212594
4744405
3681182
4507584
2214638
3131687
3870333
1476686
2967819
21733
4064657
4417733
2291394
2952149
3942204
4545545
3374309
573333
5299105
4193667
3306982
4603764
858493
4154922
604569
1479151
1733495
4407293
353076
971968
1706667
362885
1855295
3179828
3416294
723130
4722821
1610933
4815276
2040120
2790805
3993060
1978250
2228519
2422991
554346
4330003
5161388
205699
884051
1714498
1271956
69069
1954431
4303470
1075008
2805347
3022605
166492
373299
4614864
2553278
3020806
373373
1500821
4917782
256432
1320861
967947
2877077
2944326
558809
3341488
5337335
5308837
3272113
5076102
1949198
3601252
2692987
71401
2166078
4535914
3172954
2314472
5277849
3035053
1955006
4755641
2325112
2997606
3138793
33098
3430876
401952
3174027
1010351
1913126
4506939
181411
4580859
2873824
1499824
3551961
1878814
5181946
1435527
4946058
3941052
2016768
3127413
4270806
5210651
186979
1391028
331363
1792092
1061264
2290851
1080361
888513
3037322
3673410
4215686
2689728
4943159
1818325
2175889
1410687
2951288
1683485
364205
4808295
4805463
4700230
4930564
513686
4791655
4769500
4771114
94423
5038935
1997787
4490670
2052885
4125983
750405
4714181
5344222
4378225
1462540
931940
2100608
5288520
2891156
2479698
4671078
3431156
3189928
3759197
2426772
3204387
4532817
5062603
405970
4737908
1437079
660251
4176773
1629158
1183204
2535694
3657297
1497999
1995489
3396193
3398414
1702545
2313507
3771672
391451
5364656
1368610
2476667
187179
1098786
1946405
3955877
1597787
2879802
1397072
2490920
3408772
684591
898732
263314
4938052
943491
5021197
961922
574761
384230
2853173
4563478
3980192
1789845
910170
3882324
887428
4814449
1960730
5005911
717452
3905269
3378063
1745810
3608840
3672258
3223975
3115289
3196633
336215
396171
5322359
3104642
313620
4116211
3343943
2680551
676366
1196547
1625597
5220931
2588938
2829997
1711572
1553276
2609011
1821102
1381072
5056977
1843003
2382441
1405773
5349133
1369249
5149041
4022787
5297952
4403395
4679315
269583
4036437
162075
756682
3700393
337000
202876
3050949
5061608
3796080
5154528
639749
3539389
867564
2829903
370270
493285
3560121
2968941
870725
3085283
2253213
3336733
749714
1944940
1472532
4209186
4140766
811077
4758967
3791702
5307989
1599897
4911573
48590
4557864
692887
1967457
3400865
5257138
2181991
4315311
452806
4550533
5381916
797152
4220531
930104
2739011
4382604
965017
2793876
632071
1854205
2648006
5118163
2828884
22542
4339336
2282150
2392671
4341370
5073496
2399265
521021
288005
7002
235541
5391184
5087772
3860714
1383639
4972628
1666118
430550
2358814
3636132
4476707
143877
2720532
2014749
4065137
125760
1955136
702550
4818176
2098819
3258733
1907257
1762606
2428806
3038566
3485070
4660354
5206434
238024
889802
1401320
1098381
3654864
5129213
201705
810371
62417
2531222
3589389
3551572
313938
1366037
1144730
3660829
537836
3715165
5243362
2181554
1615425
3643841
4591036
4966117
3198060
3702632
884855
542934
4523923
592027
511043
2548487
2499015
1287519
1655799
1672473
3908400
4867002
3294065
4050995
1930167
3900430
384116
4583844
2658673
128862
1845908
4032835
2001983
4618431
371504
2592732
2282814
5404639
4987329
1511279
3856299
2459183
3916900
5265926
3917405
1609399
1348028
61363
4358480
4593451
2320028
1629685
2711187
4166308
2941993
3618516
47034
4032088
4563386
2035008
1739255
4885431
2742398
3687541
4560479
91646
160758
1454118
1733311
1665724
2427633
805891
1082236
668189
3830167
2273179
4519497
481530
374874
1225527
1255123
2711649
1583863
4001412
4375942
4824117
679577
4570108
3221292
1959019
1514756
2209337
16377
3061597
2816732
2458073
3084651
4421665
372079
1961876
4297883
3980699
3025863
5211810
4441374
3092674
55708
4372311
3995968
624183
4815764
3248246
2682312
1220468
4299301
4165342
3439466
2390932
4880407
2784865
3562947
3085304
3361045
1589030
1905037
87805
918007
5095781
3727982
894513
1733941
3268111
4822429
1740968
4248283
3061023
1277004
3376560
4180031
1356028
4028197
2552653
2085603
962517
518143
3541926
2816282
1862018
109666
3580829
570804
3913411
1400172
3792583
4936553
3240719
4362745
4852204
1608016
3286805
4666414
5083014
4141858
1606492
1400462
2881767
2908564
4683280
5352742
2279118
392933
2104783
4959868
1062055
4253482
4567254
1362595
4912187
4163607
4434749
1257054
4994464
2964957
145770
