4015964
7860752
3245639
5892687
3827304
6001328
8241931
6271894
1140055
1907682
1491238
5732516
4197847
8265662
5190556
7966617
1471399
604714
4632913
3148118
1823140
2307452
3194648
4749412
3996209
7935363
3128740
3599293
3694734
65858
4187617
4779839
3407956
1947318
4068924
4287251
8088677
8357362
3929023
3961663
5320623
2299418
2314956
6763272
2191345
4759282
7454887
2797036
1462069
8221844
259279
7644226
2144549
3611419
678128
783458
1187354
716370
7392113
5249701
7646114
209263
5843243
7753981
413686
4402620
7212553
4231470
7430562
3817246
8386490
1329395
3794225
1553901
4154861
1322721
2502183
8337148
3107679
214447
280037
4718124
7518335
310283
2663710
7175103
1929705
4744972
1300313
4489448
1812455
2525978
2117906
4917734
8350821
6632981
1818864
5494740
1536821
1055790
98008
1422921
1566392
2763281
7442694
154713
5235490
4603194
1603465
1971142
4636721
8414497
7097586
2606714
2748314
1160414
1256819
2310745
7473555
372424
6482244
866615
8098789
5312134
6853504
4539519
3668826
1793015
1736540
4713636
6660573
6389019
5073786
2237490
482032
3216571
3766661
6713503
7907351
5211062
5131964
4795737
6555609
2450959
3816534
5952187
3082099
5873798
6691150
3041006
8305403
7471316
5194443
4158678
1644860
1986075
6614353
4231389
4952900
5998296
8379838
3953685
2151004
7560026
3276047
4567476
7615570
3462428
4089007
7423821
4103485
6794364
5377888
7375550
1920285
176527
793903
8151231
5808793
4339890
5076675
5277123
8315712
7288417
5141798
7397370
5993223
1053588
944920
5578875
6619026
314814
1247750
4648992
5296875
8201421
5270941
4897984
1575961
3941368
6008926
731106
2606383
4017278
5243848
8430473
1142503
1303200
7032407
3836108
2124522
2753413
822144
5677029
6511494
5450480
5253469
358528
4432209
2412685
8453821
4133403
6072248
4477808
7956427
8090938
4521401
5848749
5388896
6815032
7435599
3951786
5420325
4478425
2566614
1413954
4011977
4552499
829403
2911636
7510530
2664160
5203665
587865
5698205
2924039
6714416
4289027
5106002
5511700
5913679
2827970
1857171
5199678
3792813
3828195
1721516
6882560
3862945
6032877
6387421
736308
2765033
3524690
7366889
7439449
324034
5295720
6299267
4349989
8300797
6718801
4543675
6012619
2595653
7625420
1187890
2157538
1210590
7020744
2035774
7858037
6114174
1242846
957231
6473350
1846624
7899222
6321563
1150941
8338820
6388475
467767
4255027
4306413
3581125
1644503
1167356
902930
6336528
4037278
804688
697743
2161865
6765581
2222565
4140829
7349700
1270420
6243854
2749471
4458266
3200815
8408451
4954202
2032576
448503
3972422
2776145
7978786
2797552
7980206
3259353
2686779
4129711
3141295
4426991
3303772
4188884
1425100
6760446
1981267
3637466
83636
8079936
6843455
4505009
7113904
2953833
4785893
2101588
3419008
4478448
7802455
347578
2332732
6230966
7265143
174329
3861671
7841772
4823493
2967440
1472969
36544
1695968
1539845
319604
1459613
1784012
6135471
5192616
3033661
2855857
3877337
4036374
5858
4474698
2512292
6400906
3125643
3216946
969459
4949429
99207
5896272
6179957
7873149
1787152
6426793
4925252
7292793
1167546
4621205
7959266
5947353
8003592
6150961
3259482
5673759
1743831
7220954
3505650
4057190
7858736
2672413
2721631
5976527
3683250
7689017
2167914
2778948
520167
1778584
2674711
6662043
5662079
7273014
2316662
4104838
5664866
1672755
2506347
1043730
7970687
3734435
5033139
3492444
1094562
7053173
8120541
3318493
1867203
4327776
4809904
6406516
3558412
38196
501804
7997184
4029164
1587191
5856780
6203144
6302483
6368334
2411857
5336070
4094367
1968602
3202804
2186208
7968105
6447812
3790103
3938107
5542215
5429444
5841637
4777028
1851508
6464322
3927509
3765168
5609887
281609
2376235
419115
8410020
8373699
2659659
2278610
4131539
1922212
4918231
5915749
509630
6536266
5988995
1934576
2259908
6745437
156267
4235651
5776022
2398910
8031685
1905684
3878138
2208130
6185939
2333744
7040327
2987284
7749060
2690932
4771379
6568070
8140362
7084598
2376096
4254001
5440934
6923511
2464637
4753303
7813239
65156
3259419
8154591
6891107
6667749
1437520
2950934
4771898
1213100
6481343
1658853
6579517
6232814
1387153
460728
890896
4963685
204736
8269487
5654440
5714968
6761823
6541912
815303
1158493
6930269
4468986
5528159
3206955
821890
921906
4316190
7185748
6422861
2341357
5630875
849628
1209972
203592
5239456
7982950
4270340
3461424
5078707
748970
1226649
6094073
8079144
1806414
292593
4803193
5152306
2077974
8277957
7270027
2915113
2617856
2985475
5243933
7810908
8159952
867047
6117631
3514726
8078258
5784343
1129522
8064013
7562968
5692891
2132349
1017909
4712159
3977162
8485159
502350
7409641
1804168
1917536
521945
6668342
1444162
6877519
4958307
2875134
4799734
3286640
2826060
1451121
249169
2541164
6868515
4131114
7054040
3226119
2635809
4835900
6966648
3529394
3494812
1066088
1013877
724341
4655219
4485080
7261511
4729899
5067406
2400924
2610622
1410431
2965718
519227
6755019
5496639
5480961
5256825
1308693
7722368
2449960
266415
33531
5903961
1257254
5289214
7173595
4080127
3502552
5504849
7903516
7735742
189046
4366217
8187583
1000635
6706194
3956046
6494230
1323538
7185885
7958344
12155
7160910
6340525
7535616
3448672
7931205
1395122
162045
3707526
2984110
1071996
812107
1246489
4081677
5842944
142018
5609408
4200999
4149075
6272604
2980511
6553484
6828698
5300760
7865785
8318231
399833
1954760
3155843
1826914
6300597
5682199
250884
6945835
3058599
1187716
6867235
3084660
456500
5941378
8274857
2347441
8356322
5945681
2225959
1756009
7806409
8416769
6799971
1612252
4260921
8414244
1758331
8231459
7293525
5559739
99066
6187211
525702
6404612
7701555
551951
6012952
2948712
698158
3571478
7080647
6321860
3442200
1182154
4742844
6345092
5587011
6713906
3260787
4236574
7116880
3521507
872275
7658395
4926264
2199026
3846868
1969189
5846060
5664316
4850116
5488295
6416496
6041873
5806832
6099169
5291332
3339614
6888980
4556202
4923399
161150
3059101
2395926
7602441
2331634
4906850
5368458
6870715
711717
2908875
2073378
1412883
4772066
7452118
1337746
452683
7133497
2909223
4659313
6551758
7101842
7969293
459715
4099630
2163104
4845384
3216835
4241698
7746321
6028862
5505655
4358813
806948
1834981
7794116
3562037
2103879
7887679
539553
7430333
7544411
1184314
625278
6393125
3129549
7781680
6257146
2516746
8306863
6645849
6345030
1722578
1014178
620516
2164137
7632957
4784035
5824004
6350104
3980506
4268298
716504
7087710
2629842
4570638
2292091
4135112
5749810
1236060
5959970
2151443
7235005
1997912
3505342
5057926
6661444
4707723
7423411
7033163
7617334
4455578
3115964
499648
7167944
3020115
7271355
5066646
4919478
4171267
5648734
6785717
5902001
1880097
6841360
119322
5193971
1667435
5519903
1699084
778468
6579999
95662
1911569
4580094
6762900
3587534
2356863
659715
5003189
5746622
5347221
1433828
508332
1077206
4978001
902434
5961007
7279067
2285615
6613130
3829132
7327762
894811
2004071
2265224
5823859
5796383
2690507
1385422
2896220
2413849
630111
3607456
1957629
2455182
5667366
4776314
5431179
4393806
2994778
6759092
3609000
4536168
5884631
1819843
6093568
5991449
756242
351201
6677715
1778405
4119490
4228819
8042806
5595887
7563754
2195894
5098871
6140299
1755008
6835270
8195088
4355413
6975925
2513651
1306565
2096477
8350410
6521564
4127887
4246698
487927
748763
6576064
6921806
6132414
261630
3937575
7944869
4898688
4906494
6738972
1090608
5911107
3043403
1600043
5220088
87654
2846414
8371309
1739015
3271385
4769636
1781902
5222318
4570447
7848322
5808936
3604261
712876
6444627
3282749
6258396
4454232
4924300
5599207
7815358
690357
1165017
6639460
4820059
6788451
5903220
7071783
7105662
5806404
8045372
7091779
4245958
3483068
576511
5282714
2995895
1992535
7662302
5053130
2349173
5617440
290708
515690
5990783
7869459
7206302
4632399
1839377
5437892
1274731
8251183
7201406
4726598
3217779
5339103
5670990
3170413
1118336
7152817
2026904
3065293
3525019
8024093
6846683
2900831
6978614
7286548
3182203
5976451
4080787
5009543
7494492
1837323
1414771
3898249
2284575
7526425
1737247
288271
4075140
7976225
4060854
3306828
4739909
7372006
7498800
1545055
2618398
383847
1612669
4261936
3965065
6135467
6940342
5055230
7591668
3359708
282184
8420661
3857461
2483993
7732720
7769675
2532803
3701267
5140464
6237704
5469213
8071498
8379776
6454884
2411498
671058
3063671
475307
7187336
763312
740992
2051724
4712776
7209100
5333174
2552745
5176483
3155242
5576287
847181
323533
7566664
7629981
7192678
3623084
1579628
7057535
4953550
892052
115318
2203622
3012415
5025702
3038487
6965103
7169947
3063969
489899
7238693
7315515
5305059
262053
6264608
2992590
4880395
5910356
2127919
3128737
3548981
6600042
7968222
580192
815423
956785
2821153
748161
389103
6228392
539801
5302143
4937903
4357568
2087010
5541495
3197036
767686
5948389
5899661
5302912
4174362
7224882
172320
5995481
3105807
5776901
7544998
1010060
5183828
5044189
2948828
4997635
2976477
5312900
4376591
7745170
1208102
7459492
2680681
7809460
5198221
397820
4578038
7455890
4047343
5705114
1883298
2223664
91663
726299
5932917
1435886
7440991
1135221
7242816
5629055
3851613
685446
3768799
5797951
2673938
515415
5660068
7017149
2796865
8187987
4030214
3813630
7695756
8059304
2781071
7670875
5258450
4563011
109509
7440118
5751572
5439034
3742469
1398964
2765072
199402
4343271
1809755
2597395
5047381
1501531
6119769
6004867
5181673
3096957
5738088
7252082
2025135
5570306
6489068
2690730
4954559
6193436
5660702
2324565
909298
2610827
3363210
3246792
8044084
3831813
4120352
4855544
292383
1885975
8244451
1688186
7308439
3570395
1678789
3744642
5157890
2685324
54482
6361629
8035527
1703457
772727
6171074
1239940
3195424
4241366
4459108
1518361
3510
4654250
6536962
3984389
977094
2127445
6496843
1091575
7706487
7141493
5246091
7487209
2268464
7236101
4165893
2982408
3739364
3125275
5679638
6792932
3215469
1655934
7877631
6734487
2238803
5751400
5232538
5365951
852315
2047583
4580705
4792345
6720184
3356236
6806003
1328296
7543778
5750653
6662110
6581660
3080737
8203485
8235736
3325912
7182636
7742420
4298828
44189
4418944
7496807
845704
713001
5659434
4502970
552035
130191
6429307
993708
5835455
8191500
4888944
2742940
6055920
1240626
5502005
5792501
1377835
6795677
1028404
8252328
33148
1782466
943158
7126434
6781327
7551397
1429935
73290
7735804
2449612
4544356
6071932
1090405
8079154
8277396
5743454
7466136
1590559
5737060
6659501
5787384
5418560
2241426
3119812
4440226
8080014
979038
1811187
7107278
3935262
3982340
6582308
2146810
6771478
473903
3856413
452629
5327301
2022502
165580
4877844
1768647
3732151
7717849
8239811
3513798
5614837
7104520
6120024
1138307
5475245
1125198
2599380
8000975
7072143
106385
3761798
6463423
6384882
5592362
2475497
6275769
4961976
5894349
759949
3181639
6718568
1786744
8172102
7752495
858263
6637208
5140540
7763784
3358630
1440206
3629375
1870155
4372132
1614707
6769040
5797044
8310315
2925696
3023584
6298725
6292860
1750866
1663015
4196706
4886383
6555106
5856079
5747535
5247036
1713990
3987953
4319748
95338
1025577
4669687
2957736
4065499
6314660
2767753
4667436
7690266
6115220
3139399
950848
581322
240706
6701351
3483929
2519076
4760962
6906844
620904
3851234
4435943
7308192
7573212
5765535
8206636
3792725
4095965
7169788
6211958
6846341
4833221
4097539
7536499
3065235
5109892
8067173
1107344
6682560
3648569
2595824
2349361
3976503
6329856
3622871
7122476
1162847
8283819
4772125
2568312
6911215
5937485
3228282
2264630
6060200
7048209
3488426
3192601
2344245
3932126
1416979
6747018
3875331
5844086
2322605
5786307
252470
7746959
1366590
870394
6961432
8310806
4423883
5161364
4237347
2500421
1168664
7315850
399723
3593298
5379842
2288003
7607004
1218096
65160
3681275
2155001
2822586
8086844
3982158
1373854
4770323
1391896
7961853
5739002
1870313
6657430
861592
288502
683793
5943013
7621540
5176988
2322232
3077879
7353664
2231944
8404443
4819094
6022227
854050
1027213
2843630
6351586
3693149
550602
6722785
3475838
5938221
1459032
2147152
5531369
3267903
3322238
2745021
2494539
4955012
2025035
3064972
8004912
5755375
3007228
7831372
5557577
5794591
3614115
7018777
1787102
1994359
3387874
1285684
4398486
377599
7878447
7815906
4171652
4251421
4996821
629677
779679
871736
5112519
4564756
2306178
6866274
1607199
6663701
5301343
2050559
5824608
4608471
8403946
5064865
5800756
890698
1302884
4169817
6665479
1838388
1157216
1272479
5590201
4867733
4488243
6691139
6908542
81704
7204162
6270178
5511749
4181307
4841055
7488527
972721
1875480
3287558
7315122
1533304
2077924
5796927
2717403
3077616
7551176
2622447
4224557
1142163
5001499
6280942
3655139
2043240
4383571
4001124
2298223
777232
6823870
7373471
1567001
2911832
4094493
3605511
6774849
3277258
4729514
1093057
2723179
2023430
774926
1263349
7004535
5552204
7192616
4587972
7127273
2068628
7549314
6894011
1788888
3201820
6668203
2135595
6438486
1263176
4080682
4010347
3850267
6272385
4720775
2574842
2317110
1560171
19885
6086916
3894989
680684
3060587
7527804
4410419
3919968
6519345
8297825
288310
5779147
3882219
6435626
4087492
3596875
2813319
2768167
8424571
3466884
2780288
7864995
2940313
1896140
6779957
5744303
8339678
4910966
7774465
4476332
5479576
1808540
6572202
706129
3685015
1146309
7628170
2231865
5090103
3388550
8431509
1391251
2363267
4398884
7464861
2241569
2624320
812283
4769945
2440691
7219698
4020882
3413237
5390601
1729380
5491295
8065623
8109679
1858696
1389609
6695282
6127146
3199453
8107609
652913
6344643
4032394
5672037
7282131
282009
4523482
7328249
8443336
7506929
5914553
6234795
649201
2956688
3987748
5967752
332280
6330123
1218564
7934157
5603531
5434909
926196
325409
448419
3176362
7670306
2449504
8142310
3483037
3581966
4818453
4045263
661321
4500341
6556448
4706338
1718073
1697649
7472562
3825738
2502384
7593646
7359375
86755
3750190
6171819
4479926
8012991
5978577
8408168
1195104
6173660
6374936
5218446
2412329
7004281
7676654
4957191
185483
741321
5777424
5011423
2878894
5702496
7849448
3122470
2065243
5207636
5077769
6037562
1356509
994590
6873770
2624439
6088301
6514969
6272311
6192780
5514704
6276133
1266596
5312468
4720884
1298773
2408201
3348746
691099
3851797
2074100
2920482
5078483
3962978
4323906
1348806
2143510
8162102
1114739
6543725
3743044
384613
2551394
4730457
6928268
4711648
882204
4547892
574417
3943446
2342884
4931812
1284128
6853248
8059598
4424056
6425246
6607560
7525093
7337255
7185573
3786948
2513390
6209121
1036334
7362673
5691799
936500
6954626
5977557
4127893
6943528
6273100
7144206
4558855
64723
5386935
2315700
3285136
6793228
1232914
6892882
3164948
6173784
5273156
4413100
6847505
7473147
8220016
3003142
6239516
5519678
7758469
2591436
2958933
663020
3828347
6766222
6022466
6069600
3858115
3159808
7964347
2356025
2894109
6086457
3937560
856043
2124231
5222210
7140708
38631
1526963
1463119
7275629
6728392
4922027
1308683
8153049
5088459
3367152
6643972
1690698
2902665
5303685
7514588
4306950
614297
1254367
2719855
6212340
4282838
2041979
7263703
2869843
5330057
8245339
897539
2090232
192937
3154551
5000276
2579541
6245331
6060217
1127085
8436637
5009641
1362018
1188160
869042
3523367
2847607
3396853
3514504
568230
6793217
1779328
3171441
8209089
3032922
410011
3141906
5123411
6077291
5918147
7715664
3158664
6382598
7306225
6199613
6549800
1373776
1305553
297839
6210683
5295438
5178445
6620714
6543210
7059265
4790195
8454414
2279552
8055009
3847885
6660861
3913663
1798821
3309390
1207427
5941085
4829340
4550057
341726
2747973
5104808
3958772
7790197
7708397
8438049
1531257
3046014
7752293
1797737
4172789
2625016
1838121
377019
3343241
2481453
4420422
127043
5033493
5449637
7908090
4072681
1153110
1520795
3719382
5004584
952691
1705965
7167282
6165658
8028369
5396858
7199494
5713702
5881403
3333781
841022
3820406
5060987
2535864
857405
3511952
7994236
4818543
1652645
5509024
6924629
7301635
7823197
1463526
6171512
6136944
581824
5960001
848266
263749
6370079
6608167
6971561
1388799
2259728
5364342
4552762
4151660
6189471
3757255
1526779
6659157
1300681
7719454
4730703
2556559
1035637
6476594
2749938
4053592
7160628
6900924
5370647
4221152
7167652
6660513
7290297
4426222
943394
4638356
3385664
3048471
8354372
4524677
2610462
3064830
4903551
5463468
435781
4027985
8269045
1899945
791048
8241857
8066154
4531290
7841884
1960107
6196804
1933239
7025561
6631276
4821723
1960524
1789670
6484927
1592354
1046416
5492152
5153191
1071082
5574964
6881261
7455663
4926908
4479642
3594815
6291902
5880807
6365444
1450882
3909348
646387
5914228
4694649
1489873
1980001
7871361
4796799
348824
658354
5477283
1207044
1730850
2152894
628022
6655779
1297222
8326952
2944314
6432553
4957282
5354274
5817039
5167366
2681689
6416692
8446217
5573950
5343714
5977989
3616889
3826520
8091194
1129511
3108324
6523840
7262663
6663877
7488644
978166
6235010
4745214
4704864
553600
7441046
6250941
3874880
3214061
1508418
5813314
6412617
6548541
4227963
3154040
5620302
1507689
6542879
5464086
3284966
7408220
2878577
116082
8269290
3054294
830299
2892667
2495677
3834897
7729677
7239418
1647383
5677177
6089052
1321566
1999001
1553514
1606345
2500052
5534876
139798
781464
7741088
5472391
7260236
5880240
2626991
3490218
1932440
4868408
5693936
238179
6302387
125119
7830592
4916497
5585126
7581322
5672222
2500
4702989
8361443
4082160
784675
6321765
2503214
2724016
6321719
2678535
3031841
4471027
3922844
3202960
7473567
4305017
1743656
6249004
5848601
3940197
2949207
8421464
8049580
6299421
6663434
4077804
59565
692037
635184
7131875
5822765
6590427
5868267
8476850
406250
7896814
8246567
7334684
3133668
8468994
4163782
75474
1201936
723155
3135671
3123640
5980541
275828
7572920
8208486
1748823
6384662
5718803
8177757
1524782
3369059
2436186
420690
2936035
8123983
2381523
3055945
7198020
3038575
1768292
1981357
7135131
2289588
7348665
4443917
5165204
5180424
3077078
2477220
2997544
8430037
2969472
6275241
7227099
3133045
7880709
254887
158475
7156946
5392989
3310678
3431479
4810928
7740896
2404425
552359
4703071
6485262
3511486
1185902
3366341
3134513
313287
7157651
2475618
6884708
1111455
3360793
7497868
3364482
7498658
4942066
5079312
1518850
7385596
8268766
5415412
7646127
3547566
2528618
7050162
7802934
833122
6382540
654365
5950973
7440165
6148383
4111831
6442503
552284
6585112
762205
8148921
1863889
7127132
7643784
2040118
5144857
7433635
3092242
6959651
5186490
650359
5684552
7577720
6915919
4279536
5697872
997353
7531428
2322209
4622618
4616464
1253030
4205575
134328
1694119
3926349
7594270
5871907
2370330
5649824
7747839
474943
6355589
1956953
6011592
7551744
2548480
1393702
1567622
6321185
7440360
4804693
6625094
50361
2622608
1858234
6976593
553652
888895
310479
7196239
8286990
8374378
3255433
53452
6509131
2281467
4529313
1663789
545264
3021311
3475132
541323
4710069
2976186
544306
6518854
5153962
2239026
4433330
6656280
4239930
4467224
3583742
2615658
293027
7251395
7839704
4836228
8071656
4572995
3222555
4923720
336223
5528834
6887687
7550219
1958669
8118257
376149
4027647
6630769
6636544
5769492
17657
5711309
8379857
277700
487792
8035206
8084556
7652403
7474149
8241578
841873
5781568
2005787
3189710
1267604
6665209
4567647
5693431
3010764
1638749
2222588
4716437
4878455
6250676
6089506
5651532
4000062
3535007
8426009
2641680
5091679
143786
6970032
1856364
8168329
6115482
2819292
7554347
237256
6962301
8345660
1316835
3711720
6929732
4723721
8436851
1112603
4988868
2266652
5366011
4522204
727621
8080874
3624635
5705806
7208667
4199757
2548134
1421583
2082824
5907881
2457805
798099
7445404
6574016
144310
5590369
6314015
1487643
1199802
976952
3967097
3875053
3196003
3578593
5326751
5174167
173512
9167
6496551
2042182
2053289
3958275
5517150
7850274
5296032
7761180
2135732
4327026
234749
5662114
368172
297155
3452845
3484439
6262172
7172652
1661035
7454617
5319965
3283583
2673379
6232514
6969872
4838823
4312112
675772
3945533
2559637
2672139
1529845
5830026
6313810
470102
6142580
4762014
7348878
5072843
32866
4432242
4797563
2181542
854527
294934
3508122
6370008
495717
6168299
7440312
4463879
7724579
6174641
134326
2971338
3139466
2213288
487737
6691146
5544213
5853559
4312162
1851925
1468660
4173390
5422257
539057
3543094
744154
3130517
2284814
5740567
7987269
4515835
4734308
1627501
3542163
4890153
5659271
497274
1307702
4264671
6525959
2269985
974611
3061835
3596089
6818626
7876428
1964048
1137152
827050
337606
6039249
2535909
6166384
3150013
5521864
7154798
1422534
7923016
3266291
8279696
2790975
3056164
4576324
4943709
3810579
2557440
301432
4496610
6358110
3363505
5290793
1934783
7687935
2485290
6048348
3465477
2941157
2528290
422463
831713
6928706
1281737
2171438
3575360
6872594
4885011
980306
6412793
184913
3767112
579566
7026937
4743828
3695915
3805966
5612698
2944641
2438072
4546316
6551837
1870907
7476947
6927013
1117918
1276315
575172
5922637
3147845
4044865
6445184
1953426
91651
371390
3078724
3664616
3477593
3022501
1838012
6299725
6493682
7570589
223609
7936626
5059917
4538472
3946539
4037068
3873255
4330328
2167762
1406181
2115608
7553766
3973831
4146404
2108139
665426
880577
5859605
6351386
3614658
7651394
3455399
5302832
1571451
5973991
7710645
6600235
3459555
6184187
8099460
206159
3134221
4976845
7501105
8014701
210642
7185612
5349804
6388338
4807245
1943630
6138460
6538944
5231917
2556774
3784540
8195102
3910420
194405
7598753
7706692
2785665
8146703
6390695
305170
7587818
5071333
5317550
1872175
8004667
5365373
8157082
4433725
2923402
6507655
5590255
38024
6269303
7341559
4634858
6213624
4001033
417845
6749978
1963091
8117805
2682199
4171877
3580107
5757405
7009557
749819
1377052
620737
4789506
6162166
7621058
7454594
3200680
675147
8370500
6454245
275438
1125609
2166099
8484425
3013137
1739773
6237597
1372352
5792397
814798
889226
5208085
85069
4870170
7871402
8464596
2552411
494419
3712922
1188635
1423686
7493044
7270723
4582876
5589553
5541220
5823595
6335034
4549006
5736990
3054433
371762
4991426
2851450
2785254
2283228
8005017
5821106
3533272
2604967
6125990
2467668
4067869
419660
4108492
1279765
5272606
5650949
633702
7213113
3349142
6868426
2841006
5006193
814339
4166278
8417351
5083819
7130532
4355581
524065
3633406
2323260
8251778
6854130
6704838
5951889
7734711
7390119
2500797
4299198
3041300
6118222
6573489
68736
7156779
1291087
6341618
3339088
779056
4273182
244053
2079292
3053596
3262115
7755763
6571768
2669727
7243835
2519643
1982337
5945561
2372064
7480191
7198598
6074387
1276747
8327260
4372391
2777722
270919
2510991
3705163
4664985
2925457
4478886
5543882
2865159
348479
8318174
3754274
4609844
672670
7814204
8142100
3239640
2399739
4133840
5482940
2276040
4683038
2620472
7535767
4890309
6815505
2757833
5771032
3539448
5587651
3025538
7166017
1475210
5586566
2359906
5676385
7348179
4260287
8205534
1580780
7929499
5365788
8454580
8040064
4435745
3261240
687360
7533813
6737673
8366675
6601191
5216859
534966
4280228
4410275
3155783
813915
4044164
681254
3006304
6889518
1092892
6395178
8112699
6191003
5954919
516412
5726480
5986116
2786067
1847091
2935826
7539064
8416095
1739263
5705521
4315126
4608307
2536464
5944601
6526590
2565611
3043291
2501372
3915448
1068316
5978866
8322001
1972229
6662368
4604921
2941136
2986504
8370608
1440524
334901
1752285
6230317
7786947
4733319
1604804
6337266
3619688
4500798
8061235
6555229
1510954
1610177
2711934
4022889
1096452
5145559
4133179
6682971
7298163
2478266
5310771
1678851
7632129
7552510
4301844
3344059
238758
7792850
3008978
5952799
7139492
2489887
1483275
7930377
4215150
6550506
1509865
4807266
1895140
4993187
5634660
4763949
5108835
5840514
6794596
299772
3805070
2451145
4528368
1813214
5541202
850185
2180738
5375656
1488514
5639609
936670
8139957
7581261
8256153
7254058
1966771
8345839
1148765
5265350
3758582
7794438
829450
3913524
5944200
2463985
7159745
4842250
5394287
6484931
8197059
6114920
484204
6521646
3049314
6202861
6776642
5593172
6629406
4656462
2566389
7029952
5879892
2859662
4029853
2784891
6445691
7454299
4329138
3254258
3834156
5927659
5792726
7626274
5733021
5798906
756551
8206278
1826873
6719618
8285313
5517863
5294985
8360174
5666167
4734691
6424958
3830325
1313102
813484
482829
4126889
6135690
5631728
4149712
1964639
8189234
7827435
5518677
1493407
3037335
4879206
1660410
7096089
2352853
7128350
7305494
6215761
5359365
7281270
6330178
1631256
8113016
8258887
3026278
6024894
3258298
5617055
1604957
8467080
244226
7331606
5912400
5189123
2057383
1414480
5259660
2016974
7586832
5433961
3286539
1581878
7410040
2618814
8192305
4304609
367038
1151862
8117894
2590661
3063804
1642042
6670043
4866310
7933769
8267066
3574214
3022918
3782852
5208199
7873898
1997875
2454818
7944704
1433585
5786132
5132498
3206803
6946426
1592365
5931555
3550638
6985124
5780781
248281
6845272
6827829
962540
5327415
2593394
635946
7703419
105432
3397649
8048668
736778
3225353
4430046
1278285
7121017
3429556
2048951
4042850
7472250
4495725
1278867
5151460
2927083
6885982
1441159
7975225
279515
3790064
4272602
7727668
2643599
4506959
340504
7312239
898878
5258536
7410042
2504238
7554545
3872449
4490125
1077651
3582057
5607905
5203530
6409619
4614992
2070767
6766039
6305885
7467668
5910395
8241817
7806692
5049090
3752752
1703446
5460773
88668
5975336
360789
7487993
348291
6870367
7407404
7773239
7968286
2251365
1415491
793353
3666264
1926147
175636
6349812
2891742
4290720
3362733
7869967
1514898
7663651
8030062
5394257
3229281
1367556
3576955
6423563
789339
6616878
289107
6871865
2642989
6269359
4883503
6569905
2495447
3769264
5674408
1724684
1744903
5596955
4201644
2117550
4521187
367826
2307206
3869626
362379
1307189
4171004
4669253
7814055
3766673
3115715
5827235
6698207
3152902
1717316
2025946
7234939
7844697
567422
4393366
1261204
473030
6884566
5529352
3714187
8233113
6141517
5436994
7647336
3513609
1398787
7127203
7628613
416071
7599699
6992572
5063196
683966
3392739
5423750
6838662
1340392
4842053
6988059
2159035
937085
5733598
6665751
1533133
135344
1688764
3411670
6797140
3120621
1081981
8239454
1785291
663992
2300141
2659711
1409643
859734
7677326
6441874
3719694
3446566
4948147
4267342
8378243
1549624
6261609
2847044
7791486
2303240
212811
6903216
5388957
3138219
1366837
1583129
5114216
5822860
8080032
7196281
4772464
6236834
2294563
4955298
690647
4763421
5315807
6352081
371517
5030731
525148
5778801
3394237
3525220
1784557
5876955
3768676
5913112
6507700
73671
8305134
7884157
3144902
1404014
7173394
5255197
2120310
6423020
1135874
2911004
5030669
5943332
1623193
7575326
5714689
5658834
6647773
6139752
6903164
7596831
24441
7392037
5296946
4419657
8341815
2319672
8217356
7046346
3517265
3939805
6940722
6041553
3337574
946590
960229
138331
1361911
238136
6158340
562513
5391891
755315
585721
2517246
2936022
1769890
7264081
6512395
1903215
7514436
3429212
8243817
6630995
166154
6579803
945941
1719967
38077
5002851
999514
4155116
2377287
2362464
7098091
5971850
2585496
2164699
4067170
456500
2601020
1608069
7185282
5831855
279417
8437279
7365952
3236189
5180360
7481277
6968193
1869879
7102901
6679937
1640421
6269890
2313020
3874415
4350652
120106
8166985
4599719
1559753
6614571
4579383
6284458
949721
5640409
7157716
8375881
7945614
1470464
1426715
7861656
6573969
5426844
5479391
6066180
5897909
6955347
6118449
6273583
392893
3706516
4585159
175069
1818683
3291998
6445460
6498903
1664112
1338317
176780
1720175
5965658
3181123
8044843
6055854
3590380
8319159
7297560
4297527
1784295
6050773
762897
2143711
3583983
2362439
5882336
69959
7537935
644401
2997542
850945
5993917
2693524
8268323
6788711
8026593
6714391
6656338
1437794
4185592
2585246
4583287
6813564
3748235
121301
4236966
2519531
728819
2033643
6141095
1550740
2810599
6666543
530447
7990549
5119889
7979469
4562087
1376348
1171466
7837433
5650245
6575865
6817235
6308413
3787607
3448205
1280283
6559286
2418891
5626901
329983
8107345
5705542
1630197
2935319
8287685
4818956
3274588
279501
950403
3079201
1190794
7594015
2252250
421931
86515
7286782
2816793
4037031
7634359
1105205
6687450
2008131
7559966
1516515
4180738
1923747
3854766
46149
3609954
886821
3814991
7476222
735240
5391631
5982229
99015
1227069
2992991
4560191
7508867
8392566
1774984
284039
6067973
5966132
4664194
5207260
7664472
6727132
4572054
2705949
384629
1026195
4676693
822177
3680691
6536719
6566332
6099824
8394950
7408923
2214728
7055482
2091994
906869
2012425
1809245
4349577
4925773
1382694
5785447
661423
5472192
1597644
7926373
7417637
4412789
6979349
5377124
3892483
1150676
126037
5228025
6579376
5985906
5691150
3931768
4550240
3471638
3991335
2662863
4423751
6166931
5686641
1154858
1319861
1466840
5460333
5586097
1868699
6027439
7321170
7290369
4269923
5083555
4323626
6117866
2864517
4122359
1462995
3018711
3740371
3925405
3056322
85156
7485503
887200
2456284
4492546
6628341
7596197
996820
6173635
4531862
8283091
3046769
466320
3885128
6007246
149461
7674645
4653041
4896970
5298328
5250542
2582739
4696550
6906297
4276590
2732659
5231692
6591763
843417
4897407
1557994
1503887
3617866
5218695
3070353
541866
129708
4871591
8006768
4381326
8416570
7550602
4741133
3572620
3544095
1378002
6645133
37381
2932657
6624405
2381869
1536940
3363171
2904018
6036615
2955606
3778255
4620741
4158967
7712514
5397112
4653256
218451
3631405
7203290
2599955
2336531
6079266
7249998
2145705
7485833
5983823
6487050
4628092
4325437
4407748
7128473
3954281
4881881
1892002
5301462
4201751
3904835
1315519
555146
6431790
5141287
973969
3489757
7949190
271701
6476639
7076590
7418
3400378
4827985
3301227
715618
5951182
5467325
4334945
291625
8142314
8117783
5966452
2996146
5542517
274125
5363579
7399533
8290831
1876855
6711302
6067760
3483811
3349463
6067620
7385498
5389279
862960
2095727
1517679
7210031
5580137
6956237
3363293
3608583
961995
6011916
3800191
4449265
1036197
5301786
961690
5876266
768360
1141373
5092665
1497903
7365007
5920554
821772
6699105
6089051
8025366
6315529
3794611
8461578
7150606
5823188
3079988
8337788
6195322
3629072
2626072
3825350
224977
4119642
2942211
576872
3957678
7241561
6543560
43531
3988790
5459971
6255272
1360788
176026
8221648
6804817
3976302
6779299
8342847
302498
4091044
605809
1729031
2292369
3905633
1315413
1573070
7649512
158189
6761487
3412005
6527922
1109871
2049031
2529420
822257
1988052
3903345
7405057
7139717
3063053
6862759
2103484
5842997
612240
6913853
4574287
5689121
1970988
2316918
1275607
939905
3201198
7750582
3960562
3653927
5073425
8044950
2979961
5145304
414922
2980983
586079
6368623
1003698
1768675
1298772
2263753
4490338
535898
5840414
5555741
1347855
4797378
3540202
5292306
7338338
2589375
3197715
2319977
5504395
485128
8290739
6993909
4030720
2169595
8249544
7881304
3392995
8090021
5208553
501966
3608829
7792137
7084017
638226
7792204
5296663
8301136
8321071
5824797
1615909
3853333
6547356
3779199
629165
4089931
6268379
2582444
2299634
6178847
619857
4679435
1913583
2337401
545634
2506658
2596109
3467761
4793348
7000857
6983792
4441207
4773679
1306982
3667926
5811289
2950099
7948496
5625087
160861
980441
7653654
7311284
3579668
1682187
8142515
3766873
5678241
4748821
7897552
1888739
3091303
5300070
4179245
5775035
7076701
7054802
758651
1054622
1244090
5435825
5599684
6280652
5429748
2624440
2703585
3887428
2154557
6372580
3581951
7434198
5209317
6469850
341077
1305511
1711166
7209796
7922838
3241755
1953844
1137500
2536637
1875040
1551562
4837770
5882635
5321374
4143560
5244025
5307152
7266066
4686128
3511780
6429304
1423205
7476575
7392528
5148561
3891927
5272317
646030
5815474
8053492
7799915
6475033
6421593
7529010
4214282
4611475
6734228
8331070
8145137
4912317
7009895
4544912
5665435
1996640
7704246
716869
3397635
1437194
220456
3241474
2986228
7432438
3392199
4676345
846853
384456
2673824
6967624
5291781
1665131
976670
3441234
6634436
639461
4803924
724462
7780885
5618331
1732560
4121763
6344252
251113
3555306
8032094
4825218
3802740
5052372
1614291
7346973
5354577
3794023
7110847
644590
5607354
4600678
180716
6471410
5902245
8358826
7285197
3630488
7939283
2565599
7359716
6273448
95315
3325853
5091364
3066473
6784147
6452469
1473969
4385192
1834591
7166338
1493476
5513864
6068105
7969278
8422931
4379704
3106387
6678608
4114037
6542007
6321002
1789237
7743620
5075271
3811508
185341
3224780
5305519
7611999
1618520
1116981
4214345
936007
722786
3508911
3925981
5960164
3210898
2344262
3985850
2689682
2526690
5147984
5312591
3485847
1674444
4116348
4385546
1550328
8345590
7955193
3641906
4244581
6567289
1001272
123417
6329999
3423889
7137842
1659935
1479700
3588793
4611949
7118796
3812190
2656265
2057363
2704165
6488493
3032048
6433672
7826058
5409751
3217511
933473
3073548
2157842
8151063
8065179
4700553
7408383
4360227
1348313
593564
2113427
3236458
3379426
5138662
4209941
5868927
6001970
8193029
8405430
4393128
6456724
6107499
709423
539630
3161281
2561288
1579106
3466521
5076594
4770292
7031873
3752962
3978303
1710867
7967449
2468026
8350946
745703
716799
2208991
6357853
4479971
7302157
1669112
1731977
3788327
4320532
6211702
4149710
5305116
5644696
7682140
8286857
1883530
6273820
3277077
6988241
1809241
3563013
8295168
1651783
5705395
3357834
5963338
5681704
3625070
7071393
3558363
2328027
4152678
6019355
5590471
2040201
8265830
3944632
5909465
6955506
1630952
2342612
7599159
1608365
7767901
7798140
8036780
6586946
3966586
4235400
8248277
443561
7275979
4937361
2399045
1582842
2389996
5055185
2713160
4053654
4026026
969609
2181500
2488695
1239920
1042724
1885369
2956533
4601363
1236943
7961113
2152038
8254512
3806121
1670655
6692448
5496749
2502634
3436462
6035114
6670556
4243611
2525215
4271053
1590630
2807797
7429910
2900344
5557624
2170125
4630774
4423013
713827
3400471
6042544
501216
3523691
3896018
4847660
376558
6284689
1513317
4569281
7837165
1915570
4191897
6541463
2118837
2427087
5283420
8218868
6897715
2902576
5526831
3408696
419719
7800261
4892390
6129399
8396318
3045513
4561370
5935793
7551842
5944895
1687438
2964719
8227675
1500452
5505783
5387050
1091030
6807731
4789813
8109486
6487436
7638670
2715152
4622481
2943533
6595578
2521189
6541453
1250732
2903102
599348
2304528
1608259
1494018
6866246
4384874
5699142
6757006
185770
680604
2697536
8275076
6933032
3396977
1250306
4882446
7853113
7313211
8056335
821214
6337340
1469010
8154431
7480939
5700722
2775176
2653757
3877568
3244797
3588038
980962
150164
2459180
4771642
5308534
241122
699300
5028135
3265215
7141481
4840307
2066905
2088074
2187436
6000669
2662199
7622612
1262266
2815348
5369095
6160597
4164123
2199734
5462938
7072713
8402123
6925156
2313813
5331075
8212493
5045373
6904643
2333167
1789048
6112584
1665363
7554932
7152828
6375280
8029429
8364143
7893622
7669092
1377085
8167819
6027224
8351297
5773869
5488493
2192644
8394128
7417649
4746951
6549458
2035790
3411412
5228384
2019384
1092210
3534348
1129439
4837505
8365238
4584400
6483360
3726314
2886702
2922853
7855523
6006700
4914834
7969913
7573141
2721449
6577813
2008822
5265099
1100202
7648822
4222029
6706376
7605443
8097842
5727186
3593475
6067845
4313341
5304538
5055461
6390065
687025
2274366
6104840
3171995
1276172
4114740
7775014
4697418
5353471
3387051
7835855
400421
4028733
2805100
2877198
8331267
5803298
7448014
3866502
3688124
7683557
4862984
1633373
755756
2210283
6698004
8183019
4517798
1217011
96267
2785941
1730689
2857736
928044
2228168
500435
3834128
437140
2175063
3280481
1515577
111556
5300444
7247616
7679327
7205784
1830822
8086708
493390
734937
6247762
248703
1076867
3698277
391927
5890236
4322275
1800592
5652530
7365509
5158602
1548370
4934010
7143983
8400487
8340049
6167514
2822632
2419724
4404385
1553809
4941454
4268161
25616
3268030
1324971
1872184
1973201
8110503
7685530
2265736
2261776
1726246
1909823
5725479
3439433
67168
5998039
991629
2920335
3263663
7191107
1325319
1900189
6047423
4143347
2541175
8261316
6744749
3973397
2258379
7053601
6451189
473997
6603327
4411805
5454632
6531826
6228134
4313936
4647222
5939967
3174554
4838535
6801197
7960497
5191043
7062947
2736275
3425354
3825294
858387
1741701
3432175
4333737
5742886
7539079
1685502
3520296
8152365
4037696
402382
1452198
8472905
4898474
2616184
6055413
7318107
8179182
2124437
8008240
2764190
2874894
3407430
629395
5860086
329012
2082270
7529832
4944229
8179853
6032922
6540261
4899989
4028500
1725582
5246323
8466671
1147729
8477891
4116793
4014318
1719048
6825679
7341945
5430595
4742846
5123347
6930828
6029241
4521816
719379
3850728
68268
946990
5619158
3868770
3944708
3714465
5893794
1607105
5652468
7788661
6508353
5500416
6876233
2449031
4636272
215471
8173787
310325
8282795
1365973
1822972
3978942
2547172
1571307
3770482
5810804
2659875
6502116
4933122
4105557
3193291
1710876
3738797
6369339
5894985
6135022
1508665
1720824
3993160
3925076
5750969
7643323
418522
2355954
2781307
5785958
3330787
3603063
2717353
5339993
3649616
6177344
450895
3877064
2165141
8216252
2693042
5900890
4087304
310781
7862080
217231
3068536
7211080
5924523
3914742
2731892
3774317
5077599
6461488
6887106
3056576
3382148
6931778
4844312
2554553
5526307
7279285
1541094
529817
5842457
4572053
2500739
54924
4156365
5258
2925828
2106528
5735655
7459985
4606043
7822829
1467132
3380538
6715832
8129742
7824314
6123381
815491
422885
7037932
2383046
1520267
2149261
5094661
3918493
6771540
3847717
6199945
7647531
6458294
6096116
6681479
2554262
8031592
4708741
1456532
8307486
4046223
4354083
2904362
1779792
3657669
1968354
2026414
7750750
5351747
1288794
3891866
5992617
2943432
5372160
1895148
3658871
530175
7193138
5573626
7438808
685370
568925
6007586
7716365
4715900
2990072
7984410
5870440
6011641
4791406
5298984
216698
6967372
6833438
5535351
5235443
6900742
3165711
3861429
7696441
2412081
294089
5953716
1405929
2113225
5945577
2807873
537300
2479228
1345949
5130695
4337804
4416687
6494606
7706307
5563505
119859
1084686
3851310
985298
2471505
7744017
4344254
4254499
4866638
95466
5880148
4351190
6201214
3480215
2211314
6303131
7343929
3942358
7684108
6319390
5241221
5286764
4818213
8450122
855081
3139728
2908577
7946743
8148988
3659752
2199739
1399369
8427800
85413
7656880
7866157
8244213
6772611
183631
7723297
7240581
1492469
8419180
3670402
7316416
3230906
1586968
8249301
7585121
7672893
6783230
306407
3155532
3399737
2396781
6535206
1215899
4991207
5662166
3649171
7062504
8268025
7197169
4161060
5531351
7370686
7462945
6857141
5486042
4364497
3494495
1588402
7437936
4618456
5715904
7103788
3791738
7767892
3406018
1171440
3330334
6099882
4005162
4407452
8147462
7460199
4381290
3298703
8422607
3446831
3765920
4162246
4430814
999088
65920
89931
8221376
6065129
5226806
2648374
3128652
4516045
1568454
1794779
3189445
3478172
2804054
420281
5872198
6117005
6808407
5399166
3317928
758284
1521142
5994803
1202104
4658906
4904617
6097296
3769906
5054613
4740215
4843782
1032742
572353
2249713
7250711
6283775
6311012
4688956
3069896
3840737
5105257
1131861
4989542
4482607
699273
2160042
4429866
5485105
5197993
6640787
2096162
3379416
5933153
7957944
4720334
1856651
7225109
1717123
81031
2248257
5205637
3457806
2283412
5201233
230376
7289117
8254618
7941316
7020189
4808700
3478765
525086
3159054
2826839
2842287
5427679
3737444
720170
217214
6490342
5619295
1046082
7045321
818162
8176972
1537567
3026867
3104162
828935
7112263
4313026
317113
530994
4831238
6886866
2256453
141017
4557080
2717275
2177583
6397928
6291366
5414177
2038707
5390095
1007020
3088872
6552959
4898195
8227731
4120755
4394343
7374946
5875969
1003773
3660418
4146648
6860943
7953170
4700179
4009265
1338270
5529892
5618515
5850020
4982469
7181451
2352096
2240658
4775252
4136519
8224454
7390794
3707367
1839310
2873374
5102892
323767
960973
5379296
3394938
5754008
758995
7195708
7964510
3289992
2163744
704288
303561
7767082
8067498
1475895
1779002
199989
1954374
7424678
3037685
2383486
7095582
2026942
7637950
4015927
8486120
6499883
7360851
7515418
8021825
6631844
7054314
3440050
4739059
6320592
4600913
5455026
6132577
730109
5219189
3820695
7996759
1178010
11681
5470853
3853633
3745212
5555767
6525070
4850530
2007173
5473026
8391392
943625
207347
8107854
2135131
394284
2884080
7157216
7624727
2358500
1013382
8183467
2862088
638912
4216175
100910
5955567
5711479
3572747
7701787
6312115
7221343
5533648
2567794
6876342
555759
7380804
2030911
6118966
4356723
5370240
2697288
1673928
7018219
8290271
7185315
8308051
3053736
3972441
1841064
474562
771715
5602589
4296548
8426851
2498503
6169563
4408688
4455852
5127311
8291102
6412029
5998146
6848005
3690901
755059
2762279
5982394
7827229
4918314
5907604
8195913
3834537
1948340
1524955
6689267
5702727
6077060
519128
3298834
2500579
1883270
6231135
7843288
1726309
1002735
7667203
1069989
3646510
6691499
1971102
3180352
8207106
6070212
3632437
3900689
4994709
7170246
7328751
5350626
5313936
2870468
6955918
6805063
6782596
7670975
1358862
1031604
3604751
7350460
3638406
8199197
2994824
2663553
3526237
1178918
6294981
3410259
283758
4305736
6886708
6660580
5944841
5329715
6451356
1120801
3281409
7756988
6475691
4722802
2920678
7352930
5567346
4953227
2887358
1163643
3617039
279074
7734131
3412661
6446
3797135
6095249
4570885
2245824
4206457
3622399
1107501
2124900
6708290
4193582
1753170
2051333
3552104
6683961
4299535
66404
8436247
1428603
3344935
5046995
3475360
5618404
1161603
6454879
2707917
6168738
1908663
6797609
2921872
315108
8466545
6091266
7131458
7936117
726564
3643388
7256754
8018135
3394383
3662309
4174011
6307407
4161093
1056273
4571274
1536563
4299942
2287114
2534679
1374508
2006446
4868941
8263291
3764370
3105628
4794368
8050685
7299177
5629826
7075564
2813452
4576644
895409
3665316
4669806
5156467
6075934
5277649
3447783
6513120
5626264
3584232
7071049
3246945
726260
728293
3375430
1356442
8016446
2156479
5612264
6813440
5118528
8148020
5288399
5553554
8489566
76578
4553513
5057165
6135037
5101903
5499499
862005
7449356
5378860
6305486
5982478
5082417
3643023
6898700
8028465
1834880
1663211
2392654
4213723
6163809
3048987
4415698
3383224
5926680
8149237
4642221
3437217
2620162
883376
7985896
3914833
3723530
8175178
302386
4757204
4999173
7585472
2287226
5870898
333073
7162113
792894
6136924
8110494
4527816
4052537
5096298
2690457
2321334
6304418
5481980
6393747
231497
6169973
1139687
5730485
4439519
8036256
2008079
1738626
7118973
5486832
1336209
1883838
5975429
4829400
4087003
2573223
6935314
2406717
5899428
5328393
2050248
8262941
2645045
5667509
8407484
2563364
7786735
7788532
8360656
1350511
6385094
2068351
5599102
8169260
151870
5117632
4334786
1392640
5749148
3903140
5954576
8209694
449428
526249
4518488
5293631
1617040
8176368
6068844
7884527
4194837
2836709
8074534
1823152
8126786
1231604
1711482
7496107
1616999
7296198
6636974
5778261
1609469
6489115
2433707
3400279
362454
6099901
2209323
5260656
8130538
6275257
2797096
7491372
4355574
3394024
3398777
4015729
7334052
5514181
3686620
2677988
935276
633327
5048861
6152258
5003721
2986205
888360
571789
6748290
4854940
7555775
4505163
5128844
2348194
1455941
3489788
5048063
5221175
7357005
5705783
7748117
1941654
6391565
33312
6123777
7238942
2749153
387373
4739890
1059262
1796990
3838107
7676336
5990687
6401110
2078410
3839150
1415780
4158090
8185474
2961121
4032073
4892668
1890797
3005445
155549
4912324
7069858
7704789
1554523
7980756
427561
6784488
2363451
4280181
3326395
6689897
388764
4610063
4450507
5326105
2723891
1502639
591925
2492821
530308
5063871
5656120
2345882
1267105
6383677
136819
6282643
3738506
5906959
1361086
4164418
5490448
5064184
5277653
3544043
472201
520126
7651622
4487168
7779739
3802393
6509846
1306901
6432887
7932688
3628497
7422665
3454222
7928946
5363114
4145806
6499764
5755954
4752098
3248691
5191340
5037545
5551844
8253569
1675090
7972496
117975
7060126
5440084
629759
470826
5421998
514081
4041058
2529692
1402023
5881559
7092682
6495079
48042
4228463
3311947
6528935
3704550
1297186
4898309
4931555
5062195
348900
6889014
6081437
3478334
7835413
5494507
7347429
7772832
864850
2524291
6440455
8384362
2012537
6906658
5982621
707874
2838764
6513711
4587398
6269411
3840733
1776270
3489257
7087971
7183604
7364033
260810
7931417
5661630
6967260
3780967
3945977
5041951
2620214
835049
7582883
6522185
5171740
6781880
8131183
1746363
8201539
715773
3332782
3100723
757053
6219821
8476031
1217287
5626429
7523965
3163253
3437402
2981145
5582121
6695014
7809686
5699213
5581166
5134732
2895398
7301139
3519927
2797474
419042
2799438
4506806
2418541
5371240
7451239
6893224
592620
3042886
2177799
4005081
7964399
3412639
1578154
152228
2478105
5383532
4102334
2716877
5848392
283496
7441185
7754406
4903647
527216
910365
4176028
5114699
224312
5915466
2649309
6279514
583522
2706065
6452555
7601600
2586439
5442592
1712961
4276988
5503974
751867
2478534
3785780
2563521
5400872
3632861
6783443
3391871
6383190
3920829
6985141
4379363
7283890
1078132
7049389
7373588
8109965
2411211
3116759
6204768
3616282
5686109
4051933
5256482
641553
5310965
1719737
6201226
1939763
5861898
7030943
6139665
1572107
348526
4391747
2569885
8085074
6066568
3995289
8378884
1522144
7751853
7995563
549720
6671564
2397548
6714180
7179153
6565760
8340209
4065353
7964567
949381
5161720
4455540
1456320
7766388
1052842
1716356
7993450
145734
8151496
3867458
5194498
4960660
2876370
1039658
3658891
5906843
1567436
6762278
2043919
4898537
3569756
4081839
603377
823376
7598385
3999509
3359414
8290215
6196141
1067800
7084922
3633185
3325902
5530793
5374827
4945795
613900
7307989
679201
600818
574724
613818
8270010
1892132
1227073
3035762
7741817
1687178
1869502
420865
3329832
4700897
7515827
2308738
3471879
7492587
7849103
7018623
5116166
700451
6786597
8122297
7676066
5958083
7136507
5329180
8183298
707675
2911535
1880787
1674811
8009893
4362336
2300329
303873
8145470
7912757
278963
1372973
4920957
6589554
1114473
5356675
7565689
4168969
5256649
1084074
6922264
1338793
1821494
640900
2362454
7969027
7685925
7594730
4297392
3497414
4858800
8042513
5766840
314362
6201924
4766454
238889
618455
5782881
607147
8412709
2099676
5139805
4996317
4721159
2396588
1930682
4701470
6602834
7240503
4103052
1254930
3936100
3167888
3506837
6464316
3878623
3935925
7335074
3383524
3395933
662165
1553113
8208521
5308409
7077460
4312460
2940552
1948842
2105711
1847570
1173635
172506
6059399
6256978
5491105
2449700
3463407
3159343
3075645
2512521
1012505
7039163
7424813
3535651
750063
6238550
3214254
609851
5861402
6741773
6018619
6935951
3993509
5916469
3872099
1500135
5797254
1976551
3893357
4679339
3065796
3272596
5049961
824784
178196
5688251
4130784
743022
7080633
2160368
2188348
4994256
6533582
7870628
7978609
2589634
7795340
4454635
5855330
5065944
4971087
7677569
8165185
5264331
4536048
1554095
5166229
2280833
1385539
1200121
6646244
5103318
257255
5789747
2845208
4379012
1391985
6384545
4258784
1454605
2701203
5903687
4038951
166626
7829952
1402730
8491050
2857398
1116707
4350309
2791162
7905351
586852
4764623
6937263
354293
3286109
1811481
7410766
3710505
1864142
7097805
5623007
470757
8304910
13785
7055022
2807161
7883257
4559725
5127253
5629501
1497441
4822506
1444201
1064241
8346908
7926357
3561849
7113219
1533973
8197356
1157917
5583818
7497608
3809772
8317082
5303425
4367438
1380885
2403315
6491740
5693739
4315967
278103
7792907
7147770
8038263
7713709
6907673
5957503
5685569
7809640
7845251
4329721
7616254
4658260
5875885
442503
6568244
7998174
1940560
8234732
8294143
2262594
2041903
8437775
8276021
677511
8435048
1389062
5014668
5554696
8084369
7869434
4352241
2818501
6072219
4739118
8115438
8410639
3631478
5614127
3038615
4929179
681990
6389450
4301997
5926611
1914687
253350
7815912
1128622
2959038
2712574
4545858
3643
5730306
4403077
4092382
6576414
7986236
5284746
1552401
8482871
7303461
4212465
8252995
3839347
6290970
4034544
1685016
2691269
4600982
7783995
2848900
5433757
5788574
5661856
1929139
7057354
3259655
5026453
1760521
3304331
3194097
5319809
3805660
7113613
3789540
8251324
7789062
7983404
8302743
5228483
6237705
3838187
1219932
8371558
4790178
1826261
8165221
6418284
8085766
127452
7085348
8000736
2007779
4294416
6509819
6807696
8154333
3120807
7514013
5166308
8197626
300645
1164757
3819412
2829635
8151982
3404458
7160566
1204660
607163
4009736
2890532
1253424
6913280
255637
7929047
4967635
1596295
3591085
6110894
4855468
6680539
4402902
2872510
3863885
2536107
4656312
6288872
3152995
1588623
3926952
2951912
1557823
5799367
3862471
5520265
4727837
2322217
2062843
5265156
6301740
497664
3869386
679637
6546132
7427280
3169444
7379058
4655902
2021030
8085329
5215341
5773243
7281081
6036163
3625655
223425
6698323
5406884
5943452
3006058
448605
8200453
4983967
2760006
18691
539374
7258926
2444546
5759582
5873525
1662568
3643190
5250973
778758
1247541
5739662
3266797
2655374
7314817
4533029
957920
8391216
5654321
423839
6115396
8080911
1720548
5276909
4777585
4178452
5484773
2161530
8044188
4007015
3333291
6284188
768910
8129975
6504440
2861867
8100612
1736532
7834286
5992093
5000684
2411170
3097996
1973410
2683750
2715166
8377544
4402462
1699233
1673822
5902077
5426305
7298882
6880863
2525611
1689587
3239771
3075416
4569654
934929
6883361
2531276
4434163
7798468
7489935
2289283
2509587
6029789
1856784
7493730
2432618
7714471
3767126
6855532
1489180
5873045
2882923
3424213
2076169
3368307
6631563
6949802
335197
7242878
3485568
305079
2246036
7842653
5096989
1993786
7054755
2725672
4636208
4330907
2521873
6286672
2803545
7017588
5337247
2490992
3697886
6392889
7115884
6396108
7813550
6417138
4543114
4337452
7024004
7961417
4877047
2794352
5384455
81547
4389013
7912057
1941083
3814810
5466358
4952228
5768978
3007094
6342717
7914322
5626709
6417269
2632756
1696599
8393287
4255838
1542363
1940482
2903980
5253426
7573711
6913110
230855
269965
1780640
855150
5510237
2014348
302319
5629530
5968270
4587955
6537118
177660
5329933
1936517
3222901
4140358
2874828
1708631
760896
6115732
7284198
1151499
1244096
3221641
3484845
5605128
2972582
4879929
2704549
1695784
346216
1231264
8017735
7721445
2509799
4869595
4036924
6129283
4900653
8181213
7903852
7444869
5751426
1390432
4092628
7889437
1444834
4937277
2926386
980646
193763
2899922
1407096
6625303
3561806
4649369
4239798
6329712
6058510
8282132
2749436
4375919
5845576
6799069
89027
4949132
3312565
3441752
1981670
4221457
6920672
1967261
5710005
7339973
1804883
3122673
110967
8015248
425713
5367099
4295982
747013
6158808
7929857
6896015
4669112
2163472
4134939
3543674
59206
7853530
1007269
3399535
1500179
1571246
6648023
3893365
1934565
5733486
4323709
87842
2272794
4120423
361342
1377592
2841740
5544720
2774027
6217613
2414716
2601303
7439508
5166986
6106865
6330682
5795683
1989600
3568932
2739660
5209454
2674104
2522271
4583573
5801730
7039829
853491
4123809
4674549
5577448
5859774
1060716
4696606
8323596
3680772
7212268
3635480
4650929
6086440
398846
1705618
1521163
3378048
5835004
3750505
3539385
6119749
7917021
8073529
3127656
2371980
2662592
790063
4303289
5484081
5744862
3785854
4647281
3412835
6919741
6963435
4945157
1579109
2463640
749784
527720
6933485
7759112
4044542
6946527
7225839
3105778
75674
5889262
7681721
4931179
3987471
4421314
6931296
5390126
407105
1427524
8399950
3466577
1763383
217569
6961608
5712338
3971513
2309176
4059382
7994394
4931273
7808791
360691
7166750
3326253
5404129
52575
5478819
2541064
62469
5298202
5133942
1730324
5610356
2360253
1421371
2999176
7238287
276335
3859625
3277911
8048930
4083214
6775515
703518
931030
7014719
6636409
4044823
6141002
3132911
3696421
7844955
402155
5481896
887618
5857925
4620258
894476
2265140
645073
2355342
5979694
8485461
7883350
4465451
1502385
5116492
1058594
7010501
3199506
5560133
6913638
2855530
6578695
5820977
3404014
3685577
3231208
8123342
3014474
6606842
1928287
6383791
4899769
5210003
3403911
5431282
276546
6448174
590764
3491969
2931229
1231263
3296236
2294304
6034495
6317863
5374411
5224526
1201014
3468735
8468098
892306
1950884
4699472
1823090
4006236
4170438
7557307
5663113
2846747
7192552
1403990
6140257
1676347
3201832
571872
280873
2889447
928242
16747
3975371
2091495
3353804
5676251
4207385
2053225
1337876
330184
5837862
5151535
8274149
8347581
8432715
1288518
735768
2992136
905968
6122846
3092825
527489
7423525
6016856
1303390
2389987
7944802
1750896
4255614
5871841
7818802
6098967
5895755
3574617
5292560
2126967
5965927
5670702
4944513
4589066
2662742
3127971
3471378
1254121
6495752
5721063
2392488
1473338
630593
2249932
4265340
5609598
2773033
1639572
2458927
470992
4347478
6776056
4436049
6505042
746650
94231
3235752
4289693
6990119
3742507
5414931
2697746
6800502
2076278
1085620
3580056
3341566
4696301
4368598
3113769
5445838
2258039
609562
7226851
3276219
1358816
6147876
3728526
7243340
5284285
7783870
7002107
3265328
3037917
3416988
2045106
3607734
8437518
2863528
2541432
7328482
3491577
1554499
6439858
8031350
947571
6029826
2124060
2088611
916514
4950675
5349017
3128504
7095053
6678058
6679766
2693067
4783669
3572783
2910707
1317919
4302717
1893406
5490562
7748546
1220447
4755423
4447618
1434963
6107786
7426797
1980554
1010388
8072992
1313650
3452893
4908978
2813828
5048373
1918708
4103741
6487190
8057852
892566
1976627
5109824
7374977
3503595
825229
6491010
8397368
8151141
2744699
1091507
1720730
3994728
200544
3800572
8485471
5884946
4093744
159278
1764456
5653996
3562988
7703598
4548167
2603391
7785522
1045993
482549
7045600
5589317
2554812
8225769
410764
950625
3779870
7370838
2672235
3773370
1041715
6643645
2725507
1446307
6163880
8141745
3608922
2057373
6025864
6237281
2875214
561054
6466227
7158878
6233336
8418676
2161522
1574444
1635725
5430444
428234
1424914
4633678
324614
3973649
7732900
6344365
1143063
1928762
5676960
6278053
4663265
8383767
4060153
1540939
2910492
5601283
6267729
8236487
2609094
7080784
3751979
7196021
5905990
5143139
7740512
3200064
7119106
5015461
4298551
5531095
7865360
4840899
1228566
483285
2815094
6808440
3148984
6689299
5048668
1125294
5971164
1858686
3106850
2073792
7931985
1150743
6538350
2636223
4810426
3548907
1641362
2497745
1519928
2867088
2971752
5801344
3348726
3105636
4561256
3869315
2059585
4912208
7468916
4454601
7429892
4234382
2561613
7444984
2044724
6603116
3183227
3488690
4557796
7319821
6384986
2980392
3811263
4575924
4748887
4732990
2387737
2400518
1324788
8405229
4062395
5850723
7402308
2375244
5781742
646732
3912022
4021998
3936008
4528122
829491
5691642
4109311
4189918
1364532
5672062
4222268
4979550
3123373
2629094
2512429
5159360
209670
3698679
8477922
5813004
3763235
747916
2587758
7218973
4792300
5197872
1889812
1712695
4446839
2435019
130051
7032124
5583173
8284468
552762
285545
2015549
85001
6940875
5732072
2096496
430402
4132051
7500837
8269330
8174911
4131882
5592541
6338480
5997180
584219
3884785
6330328
1230901
6676803
2928702
5480072
2584538
5749340
3540568
3379208
1738510
7593130
1292140
4825423
3915253
4367510
3880215
7808926
6610389
2129086
7900592
5671175
5435300
7764504
6003431
8067132
6697104
5003769
6708320
8183101
7673849
7993988
450173
3755120
2449283
1782330
3529935
6016714
4326480
4097696
8289752
3993990
6480139
3315050
3355522
5770889
4155193
3453111
1212110
648853
5344819
7062484
1711365
1204651
3147440
8168959
4360134
7780172
2563765
1359078
4242855
6238985
3688726
5041587
657967
799188
725850
1701619
372760
5730850
5978491
5091273
6615525
1173261
5965008
4215444
8243605
6369812
3701060
855194
5615135
4128044
176619
7397672
6422215
5733991
7414950
8277821
3547303
8150951
1700246
2438332
2057760
6966774
1058966
5700619
5731025
3234196
4853240
477055
1965662
1542123
290602
2472893
325351
4340512
6468420
3384210
5106758
1838921
6795609
3838334
8033570
7268430
4622517
5854883
3971156
6729871
2886987
3291367
1824376
4209341
1457502
689899
5844065
4212911
1889176
8327459
7618722
4578072
7848674
8108121
1938105
