43
74
99
36
61
50
36
72
38
22
22
40
39
93
68
23
21
63
9
68
66
18
57
100
33
16
41
86
67
53
44
41
75
90
20
67
87
55
71
64
34
16
35
88
45
54
14
19
23
68
91
65
3
52
7
89
87
71
40
58
79
64
92
91
1
3
47
51
43
79
10
32
19
50
76
62
14
74
50
10
11
37
18
80
41
89
12
52
72
17
21
28
31
76
100
4
90
72
57
20
47
47
99
38
43
2
27
55
70
20
55
35
58
86
57
64
29
73
86
93
77
53
52
79
35
8
36
99
79
95
88
43
46
83
17
96
56
74
4
8
94
34
6
97
4
45
94
14
26
19
56
73
6
9
9
89
16
58
34
5
61
38
31
71
4
28
92
34
22
36
12
30
84
52
57
24
70
94
9
1
2
64
31
98
10
42
67
37
4
65
13
92
91
34
18
82
98
44
64
76
