2830279
280508
2401328
1908369
1023657
2864436
916390
2579080
2706110
2095151
1043308
1623832
2660175
2738937
859502
3338361
848333
2461248
2723826
102076
1890112
656921
2835282
3261949
2341948
3861146
3337958
59010
3231171
145916
342657
632928
1316575
2447770
1946041
1850336
2968134
3447543
104391
3186520
3065723
805894
864318
1301708
2120705
1838670
2002121
682718
1949192
234949
320205
992588
1595706
1243030
87142
1245558
1770289
2890180
1778657
2976872
474891
3853724
244781
1593506
3359046
1843614
2771470
2957947
2727954
1441339
3255713
3402512
911219
353437
2800208
47524
238289
3303767
906500
3849022
2751528
475839
3813982
652930
177693
1385004
2046944
987617
546465
3059151
792568
683881
1645385
3573206
3392382
2233883
1232325
3811953
1771722
2519670
2423031
1834633
768868
3469133
60229
2851812
945476
210003
904541
3498256
1252241
499022
2951094
3929354
3445845
1496173
3989602
665394
1770961
1257098
2437
2495833
1240142
1533907
682962
1152205
152643
1709638
1866188
1053439
1837713
1441137
894227
1210170
485009
3958041
1358226
3247438
2891097
3975289
3362354
474386
1946727
1783205
1478831
1660406
1748446
3848628
535241
3886721
3847325
129180
880304
429120
146451
3538261
3104770
62202
3691060
69643
3577309
903115
552981
66635
2778663
2265524
1064442
1643969
2746499
2337563
1444527
2922036
2043731
3956900
2899288
3161382
3709457
1641163
3792223
2206814
733361
3041954
1207550
1513214
2467932
687970
1108262
3455250
3257028
4002215
1490494
2466199
3139663
1316517
984923
28085
1201828
616274
719291
2569817
1321580
1541129
629112
3726690
2072748
2090469
1445177
3292956
1513184
3697834
750277
48806
3200799
3548465
834391
2690813
3897389
165417
695339
485825
1706568
2975214
39561
3521976
2292111
2851109
1437113
3799643
65898
1622160
88374
3149960
706845
2040740
1687564
544516
561690
433102
327086
2636415
1899031
3200570
2429152
3536477
3741066
2994242
1940195
2407587
1227937
1371707
1948758
814296
2053321
984740
2605072
2976375
85791
2154460
3073273
709405
1878476
2046516
507696
2994795
3390053
4015977
2804770
1514580
1102347
470820
319725
2220542
2656438
3354312
400760
1073756
733282
2239808
3263640
35642
53158
2558495
403120
3016484
2083163
3849005
2300116
2219688
2613472
1111067
627743
2304468
3825320
1946828
943312
382107
3939492
1770089
2701907
3912280
3552178
1293464
378308
1929820
455565
3861446
3302955
2405807
1292176
1577426
2483221
13781
1797786
2338380
3348108
137596
1795423
3727053
2192373
1054962
1292780
528945
3650454
1007093
3171256
1438841
1556842
2762541
825127
1068287
320383
1045878
910720
2279386
607683
3124816
2436611
2657044
54852
3128602
672498
1496261
247003
2516127
3610698
3848183
1863707
2284872
2000772
2295179
3528021
1192006
1228133
1425263
360248
1014317
2431085
855177
499303
96427
3436184
3227426
2263005
3237685
1313016
702861
714492
1533357
2547466
478606
1188974
2487854
310478
3862991
2114422
854570
2579808
282252
2909844
2534317
2142805
253224
3623164
547750
472265
2849225
1891873
1549178
236027
962525
880723
614095
597208
815518
2270913
787929
1257410
2103616
1554052
584572
231821
3542126
392557
1052234
436151
3510519
2402140
2285826
1568535
3198315
3880422
3394101
1551009
1574006
767306
1740419
1289339
3963109
441965
1347798
304489
1593845
245909
2228393
807890
2173197
2957285
959954
2502832
845072
2419604
3107589
1676399
73767
861724
681037
1037793
3961417
3442240
70099
1872958
2336313
1543014
1215771
2174395
611544
2510535
3567214
2875899
3002729
1300310
2785063
1628512
1965924
389815
2954390
1773406
601679
3826891
1456539
3305940
1304021
3666880
2836522
3914769
1544885
2811811
1415009
97466
902383
3225454
1271922
856221
2016721
3975444
76877
3194963
1407168
288040
1099793
2829447
44606
1469736
2524881
3973704
2623110
3831036
1750502
355222
132347
2898853
437756
3572671
3164846
3065119
789168
1409911
2677623
858031
2896771
3112711
3165464
895485
4016060
3322290
68905
3780549
2546983
1005514
719143
3786301
2672038
1421877
3497372
1952697
1669003
3282372
339131
2227544
2238544
426170
1157329
2501132
1991538
2800044
2435569
2215208
1204209
1461142
2386642
1708260
1529523
2125137
2356936
1154424
2233064
2749420
546069
3048325
3052522
2794583
932208
605796
2102822
1903096
3595769
1612691
286638
2159190
2988860
3877915
1971169
1238537
2369926
2189959
2984248
1119997
1395196
3955645
1025522
1594867
2580624
2863940
457193
185502
1705308
2164861
2055899
2243489
1316156
1570356
2100429
2141693
2156418
786781
2297318
3876891
2289338
3019517
3384124
3145959
2852935
1794802
2519403
829220
1056909
424901
53406
1711764
3139111
1898073
644545
1258562
3570902
1640232
1434258
1189538
3320059
470742
2625204
1807732
3933840
203191
1026347
3156325
2141773
2851704
3097695
3850536
710636
2521569
2583262
2475
3153633
2809926
2368924
1870018
1900413
311566
631388
2428692
1616307
2953965
1429625
68931
2088767
2009721
3236512
1859935
2740565
295502
1929967
1787734
1979968
644571
2703018
3495442
2442230
281713
2827772
3419123
1846967
1571537
3535185
3179685
3221846
1319219
2013135
659667
3449861
731515
1044117
102015
608364
687121
2442092
3397135
1762026
2795620
742930
2036014
1905724
2474505
3688261
3434064
2762525
2065113
507999
3035482
1941628
781840
3467380
3686996
13481
869007
1509648
3527104
2302615
3629160
235819
330869
138637
3098930
634364
1852957
3244588
3710277
938673
1842001
51216
697117
3204794
251948
3223843
1207054
569527
498439
3612811
3630823
3091606
3463099
3563172
579688
3284914
3588633
2508702
3149465
878951
878283
3006010
3676290
3981296
1309183
1077686
1035280
3832241
2032928
1655739
3372403
2210824
3535000
1691609
3487673
1215514
2103040
1379035
703041
1433230
2955272
586345
331113
1228087
3924506
208610
391221
425989
2720428
3371930
2426881
985318
157029
728906
1457595
3356696
3454076
420125
3845560
371515
113395
1485664
3988034
364030
607366
2998435
888815
2060305
2777646
1549622
2064027
3087785
3069022
3695223
2206684
90037
2332764
2558411
449116
3175108
3395037
3279716
1457860
1068671
3343264
367630
2325281
3680967
1861946
3211834
3084141
678197
1118971
352252
2697139
804646
3698430
3163785
3405503
3464174
813285
2791724
3841514
2422324
3935057
379745
2653377
2608893
2950217
2970880
938269
1517117
354934
145232
2420616
1368615
2660083
3884636
735381
3444354
1250427
2178559
1823008
196585
3403239
2086658
1191410
581434
3432562
302728
3828307
1050604
957294
782411
2082751
733830
132260
2165617
2824492
201826
193817
265422
2157287
3493222
2524760
2490965
2954097
3431920
364541
1985134
1086675
3732421
2541099
3869843
1241073
87743
2608011
1358457
2958023
1304794
2108137
1971765
1485451
160391
1943424
3592788
2784297
2155091
2791671
3723652
1184542
2215375
782311
267012
1943963
2114560
1464580
2457408
2173518
207886
431304
3157541
187401
3194351
3684194
925768
3570061
1364568
1031296
2815532
1685785
2826670
1279975
823789
2959867
651056
1892219
3140170
3613933
3539552
415955
1411847
2850227
1335330
1731615
1124844
1147722
1080446
2412786
2677737
3075892
2702164
2185415
2744419
1615039
1071799
2617420
1929863
275416
1826648
580481
4003999
94993
170417
2133156
2558641
1775355
3390329
876999
3719721
2838463
597124
1258232
579911
965733
1238510
188450
3794552
900974
1508756
924429
286147
2838106
2970918
1673854
2605413
3901376
249067
21629
2610314
497895
897215
1418346
1191184
3061613
319546
2071094
2518635
3241111
312605
1839123
3622328
80376
1802014
241705
1611949
1134187
127115
935788
2472675
1431525
2546053
3879790
2398704
2184847
3887659
3060004
2414821
358400
3630771
2716373
2394660
2916230
30049
3113333
1834904
2798367
2318299
771963
3229326
2543880
3248628
2301560
63558
120444
3779645
3960221
2866499
461094
1654915
3169571
2076160
768375
3157285
1807752
1428515
2189
3538281
2347436
1448425
2162274
1344590
1593504
3089545
1318954
2502948
2275832
2874436
656237
1847795
3344070
1304328
1164907
1887285
213579
3396601
1696756
2619883
2583836
30704
2981397
866809
514741
1376097
374197
1529593
2811127
2676803
1470988
3263408
1359388
2342562
510599
2093061
2242839
3860204
697057
2375051
2056885
1124235
677931
139435
1220754
712414
1619314
38070
2900233
45988
2119722
1888800
2699102
1830926
3264874
293524
3469336
3397981
1508007
1421807
1922422
160418
3079179
2566824
2015175
2680873
735442
2772624
116419
1139420
3472937
1472618
3403406
590373
2661681
3756014
1739543
3067790
3883537
464215
848932
3618279
563565
733260
2078595
3405628
1578626
1857106
3640038
2021012
808833
1833548
2036617
2066943
2435983
774368
2614736
2702837
1498146
154118
3839066
1769604
265201
311321
1403825
3902528
300326
2736189
1980419
2946094
2772461
3226024
118652
2006919
199544
409829
2639443
2221494
1578477
2028979
1688141
2426181
1455278
1858077
3048396
2946173
2644039
3235740
3625193
2074556
2238785
3601210
297068
951347
653548
3369376
3408362
2976431
828458
1530136
2949117
2617397
40766
12880
3330279
2102893
63736
1469999
2891247
2370002
3466873
3254769
3221805
3431401
548722
2549913
3679273
3486909
1698994
952406
1949916
2653260
3231493
858891
713745
2989465
1979281
1916996
520809
1088897
2023928
1902530
2594464
1294575
3954236
3056528
1285700
3751762
3271171
2277325
2614544
1228648
1085557
2931698
1032791
911261
1003916
2699575
3264152
2507005
410451
3168040
523514
18786
639552
1009120
2696612
510946
2159949
223970
2346948
1237764
3593772
1247587
1870967
3291124
276426
988166
461812
3884597
1630706
615412
3506427
848081
361379
656170
2636471
1412768
1282397
3411416
838909
1385668
802644
3891357
687469
2724254
3102373
1831973
613972
1904166
3039622
2563631
3148717
2959587
3720797
1147340
2972647
3627035
1629018
2124889
804172
3988274
2192349
296860
3397168
2074448
2856811
360860
2684536
1259881
443122
2462936
1806495
3605895
2026119
2235285
1988193
305820
3513456
814221
3345016
898277
1908980
623223
2673530
2407805
2329723
1517881
2689625
99951
866908
3050392
2676586
1395038
2031587
3820948
2089782
74190
1791104
1748852
3249936
2856519
3925726
2040450
1393707
531367
2980744
86939
2391274
1248889
3550399
1165592
53675
367800
643460
2320068
644471
293389
3227151
3615893
4014779
1564891
3240179
478756
3446840
2335001
2551924
3604767
1541309
424934
3649210
841106
790972
3602096
3545904
194303
120171
2757033
1813667
2503526
2063906
3477502
852675
1239623
2661906
2018210
2341555
2483003
1798783
987443
1012183
796820
523400
588430
410534
2814241
1807326
3586671
3243308
3205363
3170324
1637111
2820078
2516785
1529763
1203134
2076677
717198
2896065
3963677
262991
2981653
1278893
1811812
379589
1142778
1532714
3555298
3690614
3053432
2540722
976637
3685297
1129767
1817342
3338151
554665
2257466
153566
3950341
1733802
1531969
591787
410078
3643706
1267395
354522
2962974
3553863
273046
3255797
2811288
2265316
3018814
3646920
2823124
2752883
2564457
1408261
1856837
77014
1343161
615693
1736823
1706676
2678054
1687277
3740666
3181968
3502580
398339
1896603
3215564
3982211
19641
2219617
3519180
2106333
2858313
3503556
3902250
1883807
3736346
1633794
2280135
2180427
865322
2068501
3766797
2765037
1221646
2229335
1399276
2063185
1332818
313167
3690472
3079641
2416516
3776532
3301941
2485131
1870012
3653881
2221761
1266327
615146
716779
877413
499608
2063570
615930
1982643
1362598
796553
3951265
1998367
2199275
1252698
1410736
1683490
1990340
1047881
3557114
1299722
1696773
488827
1205116
1089602
3185954
2105021
3339302
2781554
1346621
2109131
1285811
2815715
3310754
1536386
2773839
118562
678018
465447
4008551
603818
3579053
1692977
96787
828971
3755165
307301
227818
2983860
584589
668766
3833695
1702220
188142
835732
1094738
2355231
539393
2559029
2586990
3026760
2824397
2051422
1740892
1910883
1910181
107577
1429243
3426638
1596670
3904248
2979746
1738968
739208
1300584
2478468
2522572
273523
278302
2188517
3278304
437441
665009
2526272
2990828
1848291
2414360
3933223
3064480
3936079
3982132
529553
2728113
3669901
912351
3891433
1180246
3485870
2806130
3495335
1029507
3460656
674352
1543321
1838842
2804605
2360828
405285
930834
70251
3953642
977511
3501242
2921112
611416
1834230
3738305
1890178
505835
3684747
41450
2114850
799781
3327592
3897734
3994968
1649254
3673232
1332810
3553480
1054923
3828344
1466453
3619723
278361
1559282
3878564
3648283
1513414
2128980
1244024
1904545
1711547
2888071
2968582
857859
2109624
2199279
3289818
1411852
3994750
522294
1963542
3502531
1431334
2327141
2784911
2716998
1755993
3265914
3516248
2866831
1135160
3324082
15956
119429
3424814
565899
3804156
664842
2774197
1694582
908075
2887052
407640
2814025
3567683
1444163
2977421
3438635
2244127
1202801
1893452
1614168
338879
3962048
1176146
3263934
2085334
2820752
37803
415708
250264
11230
3808256
2276265
1684454
1777281
443825
1073223
481705
2316043
17921
2946704
2702696
3101180
1386844
2735275
3471082
819791
2512345
3725824
95087
3730745
2336978
582448
3128792
2817341
519254
2812553
1230106
1618147
570953
2251767
410253
1526631
3222646
57144
2714178
2502084
1626407
835651
1945824
1534773
2676643
3032865
1663203
3727509
1544083
2292499
2362844
1908736
3924444
1022677
169613
3076333
3733578
507349
478987
1536087
96226
1642725
3695052
187176
3923814
3675169
2493980
2828480
3630688
1299759
793463
3816689
3471526
2942137
3752175
3981123
3640867
3963922
595319
452831
1579263
3628862
308241
643173
389763
611739
333478
2939968
3814187
1660715
2402858
1823125
1831786
1592344
2123901
1898045
3685244
1487857
2416801
2341744
1450703
2193488
1927433
3279851
1905990
844510
3922626
837135
3349609
1810817
668777
3918736
1423801
2758105
3876882
1385743
247218
1144363
452843
1686427
3808023
3022430
873222
3054820
13116
893607
1932233
2660469
83124
3875549
398958
1513374
63228
3226231
3369498
2219196
1031766
2211768
956206
130082
1139193
3971092
1730302
3618047
2083118
2802250
523116
516317
1660993
3038251
2053371
3923720
1313572
2075909
3447320
2906329
1358694
3269281
2709682
2362975
667176
3884668
808183
862415
3464370
440990
1445771
3527362
572075
2436080
128092
3984577
851692
3909058
1676868
1816869
879149
2545446
2841295
1740798
3153825
286633
3178725
2548418
631946
959440
2259149
1668084
3365577
372172
1519114
1324727
3797547
1308728
1386832
3162614
2461543
2886333
494051
3369061
2347205
3589697
1793779
3084881
3980583
3901629
3583078
1885176
3178268
3417386
1333526
1298997
2026448
3626852
289884
2707174
3114140
1578335
2276183
242340
1539464
557632
1875044
3927629
3632968
284029
3608145
3648320
993468
480877
2837820
2442256
1165224
3809208
3172447
601094
2073845
427869
496044
1296391
1819067
2503038
519288
576403
3688006
774925
1253273
149505
3181732
2929990
1757761
1049981
2538428
977463
3122619
3695609
2252640
2781484
1642387
2184095
3811882
1031562
790463
1999200
1024090
3734441
3940065
2067545
2731220
130488
3922616
1904210
64864
395958
3930924
604226
3380108
2929079
1058973
3192328
3482985
2670447
68241
2803385
167602
2286158
2178625
3077087
90422
1005241
2577337
2495346
561251
1164118
2388724
2656265
1586140
3119295
1667371
777554
985817
2995573
2532420
3961070
1529520
3163867
3543101
945796
2114036
2749104
656411
931294
3269960
1625374
2008015
713163
370467
1467826
3709254
501958
3442314
2618465
486843
3585720
1433179
1513675
3229595
2477345
1310631
1513420
1887458
1748629
924281
1432037
3713377
2247524
3268417
2909859
881854
2164774
3275076
1227024
2980527
1551543
1443221
3273324
121503
129970
2562251
3258070
3480537
712354
3626568
1028240
84560
350413
32394
256227
1367896
3312297
3898434
510678
197674
524423
1402532
1999706
1522046
1626262
13324
296448
1662932
967263
2072633
1623780
1442525
3376747
2976577
3037185
2256440
3994478
3649258
2543479
2115464
1413007
57277
2656956
880366
2578742
3454054
1209214
1070816
1512090
1077902
1941821
417893
3464208
2859870
916134
2085080
1925716
2355382
2930229
2705769
3214195
2631447
946857
1287774
3587549
3459195
936682
2544575
3885930
274265
954836
3614240
3375544
255047
2208485
1471259
1949556
1503060
1625499
1849728
2621242
1963798
274149
1238187
122546
1832571
4194
2035824
2981410
2470595
2808425
1152064
3392846
2383320
1539913
1532031
559291
1833864
2287494
2988321
3318696
3423221
2231259
1629582
925599
341787
3659134
2439743
788519
2643693
1789688
3581240
910872
3527208
3777230
820759
241933
1777620
2666187
2461895
1219901
2481447
1787356
1903481
1225153
3612854
3047742
300553
1538327
2032649
3687818
1846918
138219
1749219
1836810
3407693
3047351
3448988
2245455
1246256
1758955
1694634
477724
3278881
42054
1645687
2186307
1148426
1726464
2136880
1247947
2359074
2070987
1457002
2642585
184927
89168
3216273
3198130
2940466
954106
3621373
2363518
991667
3515998
2408500
3565838
3578076
1669143
2644199
864370
338107
3130421
1603506
2682332
2779193
3692384
3519616
547740
1839003
625430
2943596
2401160
3656953
1675190
4000066
1994649
131232
1721236
3873487
784801
812884
1970230
695328
2360789
2979380
3781510
810947
1592931
2319876
2884734
189631
131622
153241
2369329
2567105
2010924
2434698
2961768
3376420
3500878
3855742
5811
3621204
3773835
1574131
3491445
1038
1151640
431701
424013
2029312
559670
3276483
20689
575884
865531
1919770
3335143
2702457
2693587
51397
2732293
2579812
1172377
674763
2680329
2400900
3585218
3530634
1871255
1111867
3864143
1698495
3431478
2079579
315428
663220
1635286
975461
732828
2969199
997573
411342
2624552
422471
3469041
3704857
3785511
879873
3506537
966721
2823937
1332769
822093
3257062
2917742
2453865
2616716
1213050
842312
3554605
1112451
1535209
2903481
1920771
1757806
3944917
3216109
162026
2741602
2580979
3696931
3215768
889695
2535124
3095313
1837579
3233479
1312257
3560991
1056860
3955453
1669292
2254098
3614735
594345
1359616
61944
1210178
3141704
1345956
2439429
1173382
2645720
738035
636952
2780606
3095253
71009
32573
3689720
1458495
1722474
3186301
3664395
2954326
13138
3851778
2798490
3566962
2446528
2985897
3572775
3036175
1277513
3655284
3074259
1553845
3478724
1089252
3721213
124768
3231965
3834831
602828
3868496
2375951
2730864
1277471
1952392
1251634
3667451
2403622
471991
1177347
3357957
3066755
3579268
3537369
3654493
1075438
3775845
793200
1991424
1855379
951051
2571542
1877553
3264359
2749618
3184039
1657728
893274
1601671
3647090
537905
2537157
3425219
36902
1667849
3589844
1960369
492644
3867485
2427126
1204634
1675445
2065086
672889
2520883
1468699
57862
2523984
725824
536460
3641381
2336977
1541961
3858982
2289901
3603279
1474770
957650
2061527
1034498
2994992
1004985
1927180
3371253
2861857
2540175
2645574
1355228
1839451
3646381
2439305
3738328
3401358
1230012
1717432
1706521
1498495
297896
1223873
2615552
319313
3391387
3594758
1367567
3487671
1840264
3006977
1839062
726109
1398595
2368243
3293714
800617
3251364
1194035
3176471
1261150
3367471
2862422
2376914
2454121
323713
2822794
2175018
1855254
2658434
3204898
1255462
2365643
229301
3584675
2103934
3947561
2814629
796732
408424
1874396
2807706
1242543
746994
165454
1214814
2123733
223006
33549
162077
1492973
2566060
1608962
471728
2201497
3843707
1691339
824930
899170
1692340
2986657
3939606
946844
143564
740987
2309553
1239178
1256230
1905692
1038522
2555685
477033
1638274
3592228
1839936
3448161
3641278
892687
217859
2361776
2129853
824278
851821
2215274
818434
1587682
1665148
1492612
2028423
375272
3536535
2934599
73267
3389380
1316143
3308357
2262212
3593419
3167480
2516348
245039
1570807
142647
3486684
744986
1400405
208179
1050684
2919416
920971
3413678
3182341
1814493
3491086
663914
4010264
200303
1532078
823883
1938419
1151749
2169130
3525716
196916
468799
38413
939611
2908809
626316
2505937
942564
3746315
3694798
3843214
37788
2412508
3639531
2780871
3156606
770145
800576
3025387
64820
2614774
3116800
3891441
1051596
196584
2910323
3788973
3464811
636663
421261
109366
1132017
2210160
1626618
730693
2711147
3872190
2808669
1662423
3972780
1097598
639987
3543583
2208303
841450
3217132
3519393
2737657
2539617
111105
2958970
1064594
2321929
367542
3953230
1638143
1790728
300104
3660141
3363577
2781781
875419
2399234
275069
2519128
2582773
2445287
2210298
1982097
1262915
2450942
3715551
739750
2641381
532533
503739
1198942
3618090
1528188
952442
1270535
857093
3061198
1552569
1373957
2707909
1728529
809729
3535748
570435
2439784
1492762
1142626
3207249
392525
397296
3059540
766092
2376003
1862668
1802770
2108329
1215986
3612563
1548877
2955586
3206845
123557
2028701
313569
3744117
3113659
172812
3489448
2546896
518308
2391432
3120872
847431
2700062
1166636
275391
1027342
2599110
878472
1897857
2306699
2732760
2820885
1833590
1701730
153634
4010639
944369
3061754
3854413
423479
2937162
566916
3312117
3270424
3749404
3535119
3166050
3398936
884902
1593341
857999
2242971
628197
571139
1700352
3503157
1918441
3030968
476214
3789956
229711
3798216
3660052
389633
2537932
219834
687161
1314908
2215666
935860
3632949
1084582
1937400
1395832
1025503
2952490
1502461
2309468
670214
736295
1414017
1120783
3743241
3294649
767981
194630
1091801
2443115
1636461
2447523
3080105
1683803
3159190
3214974
1032810
3114097
1760605
947318
1425559
951144
3629438
2309480
2196439
2609655
2521964
2410002
2179160
757287
3529291
3407300
1416339
3131150
1542490
3490082
2403143
1599803
1965431
1018993
1584045
3993400
1727277
1800948
1132681
422748
3042891
836801
1339116
1545493
1785580
34996
780942
3209053
2849585
283308
187179
1290342
1986168
1326274
576892
2362617
3159579
30167
623608
24123
3059755
204533
2812697
3118478
2217636
211475
1959818
1365374
247664
921020
1123050
241556
2914209
2514248
1183549
3794455
1186169
2742481
522323
459702
1367114
845662
2921112
1052394
1359970
3194786
2687830
2098566
2611428
2731806
1471346
2019624
1927457
559139
1908204
3346399
1889811
3210449
380062
380265
679623
308549
1826552
926102
3332437
2442521
3594853
292549
2250133
1587846
3919318
3582582
897498
957088
3116074
42620
2740850
1116385
3155515
279760
878917
1218243
502033
2003965
3770399
2815821
1388407
3297346
836939
1072868
2203516
3819374
2001458
3509279
1936409
1022648
1896609
849240
1958500
2857502
1599349
976738
3410815
1979902
2482655
2534915
2358833
2891780
1789085
206066
2727077
2766115
2995857
2361110
2753732
2546916
2569132
3613768
2411768
1606543
3759356
2467015
3975493
460412
2691062
1047305
2754180
1240365
2990730
1808482
954869
3776004
2055252
54928
3730090
2916451
2347040
774119
3142164
2806206
191963
1590030
3874489
1721570
3440473
3269449
3903439
2050371
1154065
956782
688002
3774720
566797
1764025
591340
489962
918255
2563335
1961094
2421259
2269270
3455730
3614284
3744373
3567220
442793
447350
966256
854298
422469
855478
3502359
61271
1275159
950753
3954847
3470010
2809423
3978837
915716
2583238
3337514
763570
574008
1000297
340280
70456
2968354
3263654
2514149
112105
2316816
3024727
3598343
1431128
2469139
1973587
2197684
465450
2627577
183134
3765369
1319121
3246047
244852
1004976
2727132
462957
764260
2783783
2760343
1565660
86173
3715037
514532
1488107
975702
3255677
236120
3611551
3774703
2808576
805934
1225594
2569609
3660367
2644105
1317313
2169163
3162068
3044087
984222
2398457
2085046
2195700
3734570
1542555
2366052
2156565
1507351
1750163
3292650
3260734
544617
3148450
746797
1678382
3579891
1879916
3232625
402649
1325195
825194
1244884
2224245
2214365
3129144
3332413
2373106
3511573
3865587
1726794
1921
2920938
1348286
1754240
1092895
1289455
1719858
2199749
3915219
31051
1363772
3846094
1025157
1946089
2002640
3914539
2649017
2914077
2672936
343457
3357451
2867640
2626959
2218570
1629787
1171993
80536
3412802
404326
1850878
1891462
1997147
2818364
2400458
1854318
883375
2018911
3164510
3299077
55671
2036542
2475559
3435274
1036289
2892142
2311161
1184240
599858
3425553
2895271
689607
1461938
3202226
2496231
2328000
111938
2859670
2116576
832100
2724417
860869
1341227
3910831
876568
1461170
1694060
1201114
2003413
451334
2203871
1993084
2658697
32746
1569298
1646407
3778738
2632467
2454004
331845
1978536
2633973
2305341
2353824
663917
3896112
1703567
2896463
2046168
1207309
1780617
851957
3742916
792270
389306
1474183
3829205
2301302
838260
2969863
3522957
1498247
982748
1444680
1410535
1547913
71053
1925242
2276134
1514103
1350763
622200
295707
3819875
56090
2220714
2166371
2055151
1892136
39142
2517784
1418811
1217406
3128155
2839048
1638400
1538094
2313317
1250704
2821963
1635697
3662079
473507
741911
1025109
3467831
3178461
3416780
151077
3971368
3933153
1531558
2832629
3508054
3292878
1816583
3413584
1665899
2722836
2614169
1013244
2797206
842306
2347326
904932
408920
13727
1633130
368014
3221892
1550672
3607156
3293489
1738592
3789013
1823954
1154670
3298011
1111219
2905891
1329291
1788018
3013776
2019962
2610912
2178892
1140694
2978672
2184754
4009195
1805922
2780467
2073553
317885
1303179
2897900
1288661
1748564
1083434
3453055
3003359
1110869
949098
513118
3775824
3122223
3666978
2543963
2685266
3414431
1732600
3949897
3798567
660471
957665
3802424
1708003
3852147
2134582
169087
1945842
2847327
148231
1136238
2571734
3337378
453582
1228396
793334
3596370
1100588
585592
2849004
2130250
2752701
2318570
2788625
1351809
3097615
3836278
864819
2779923
2399929
3455912
3965375
3813495
463838
1146733
2103847
1391609
3707810
423519
1970341
805649
2388652
3709272
1047985
246471
1061967
3459235
3342609
3585650
2393618
3491391
2881148
758324
2832732
784529
555009
824442
3821547
2691645
1190648
1364950
2116798
2672452
1990194
3925255
3589473
210680
3585884
3467332
2148138
3296580
2657979
3292047
1395479
3655565
1685764
3735631
2073579
1832163
2923459
1035055
201325
267328
1441245
1630285
3908571
3003757
2286333
3659090
718076
2166111
1684310
1448565
1050957
153590
356907
2728457
3782528
2434258
1391063
2361273
976921
2320825
496386
2366354
2503658
1876358
887006
3657203
3464814
330524
3738717
261074
1463363
642575
3188807
958800
2682885
1339562
2817687
2793474
1191835
892620
2021841
3851422
323076
1825914
2832560
1685842
2494018
2402661
2833038
2871238
715356
3588531
3457606
2281968
3604052
3276299
2239813
1993703
3055667
2014389
1735625
1571149
2604505
598672
303896
3879700
161664
3137695
3765025
2136164
415980
2204290
1531850
2506969
2425250
2580985
212181
2136090
895037
3013127
320591
3854386
2864456
479789
3065704
593490
3773678
67730
3488910
1617224
1574288
2685543
2973483
1672763
1783679
1771648
1369146
187878
181630
3704027
673926
43675
1749551
2046161
1546803
2274798
1504402
933621
2432869
480275
1314744
3412914
477390
2250283
1521202
3833588
1457679
342958
1041374
1781655
3758340
1297786
155716
1171138
3964959
1425994
2053487
2040093
641356
530070
3985710
2869990
2702195
613331
3489116
822059
910159
3339760
2062548
3075280
302838
989267
1754547
2688483
3832682
3265713
1067412
648802
3482707
2508305
1594669
247597
547967
545691
1302321
2659316
1104785
2850089
3037337
1883070
1786137
2266499
1236841
925373
1789458
121180
3654551
3043522
2049319
2131774
1346233
1822865
2541808
1280562
502176
2200169
3674757
2265291
3372976
1110476
3121495
1748720
3750204
3416832
3463177
1639304
3277814
688056
3050334
717010
1066983
3674521
2700313
2485609
1925481
3621867
1344729
255741
896510
3723904
2597938
3020173
2550926
2589797
1310920
2324717
2028665
1789875
3805131
877004
2033042
964471
2150139
2596180
2683603
3911493
357212
616033
3095869
3422794
1328579
280055
17176
2936593
90237
1641172
2923798
3311189
3973878
1361515
64810
3260503
2479320
1533247
6473
1072658
3611861
873720
487751
781112
3453482
3058932
3708522
316564
841479
527446
1727232
3865025
3831784
3251611
634253
2462880
889807
1376131
3325309
2666172
145311
354586
3515009
1966642
23618
1057416
1163673
3139958
3080127
2136575
2764645
2819494
3334303
3600269
693814
931007
326715
3050517
707087
976468
290545
1156895
929913
1456558
1185148
2433931
1892848
3655415
1495799
2381327
3905675
1630369
3788025
1867774
3473022
3323332
78678
3836511
3214960
2380412
2699408
2089059
1871549
990609
1031157
747394
444391
2183290
2451395
3319838
3780519
2077148
2648120
743334
164472
2127173
1615990
2828941
3210483
2057353
2749908
1766700
775351
1858516
1509252
89792
918832
1749078
2413825
3858164
486479
1468501
8390
1947897
2902914
2552834
2195425
2194342
4015612
2091037
2783847
1333319
3778490
776945
452039
1712132
646988
2947076
1548416
1588651
1729180
2869205
2965319
1029789
2558047
173678
1805836
488856
3180325
1420679
1263106
2209830
3658730
3265519
593210
1730733
17415
154506
3889073
1455100
2775774
1124965
2321682
3269476
2186409
3922719
2246245
2889736
950109
2788184
190081
2174955
1653361
2166529
26352
697364
1955813
1920181
1836263
613224
3744841
698893
3925670
1664875
474422
2782461
2032355
1515786
1778261
371021
931759
490728
2328920
1484389
1148453
136837
2780
228277
1082024
3316286
2154841
1143734
964314
276162
82814
518742
819122
2328818
3481859
2719843
808585
587385
2343060
3116079
3498064
1949433
503177
3655152
1319072
3418577
839584
1567088
877624
1721153
2465886
736879
1880891
3347869
626112
3454686
2976512
2706344
1608033
2851626
929039
3336335
1018122
1029564
1772342
3733139
3053857
3510713
3469812
1925910
684183
3104907
3405571
2927760
827956
449920
2711671
1012634
80246
1840793
2333253
2436831
612925
2306529
3501996
3003595
975500
2432736
159747
631347
1027625
1369740
1005060
3872923
471287
1129136
3195773
468417
2049931
3969222
1799699
3828844
16303
3590338
2185924
1946489
2087300
2376218
1816508
3965828
548462
191127
2912748
587163
3246453
3018900
3680712
3413945
3933308
3096403
1795912
3592423
1429618
2465089
1195922
2460928
23125
2159594
2229994
2728592
1046008
1217383
1032794
2446456
2934479
2488208
1411402
2443988
1474185
2942430
2388466
1852306
3805413
1915480
3527588
538596
1738812
1659135
2511299
888598
2702606
3151861
2110259
108250
2134059
1482011
1697613
1632653
2543937
3674662
3319657
1685364
1651488
1204240
2098755
44088
3049907
2972974
2477832
1202505
2837057
3497649
95818
2860072
853892
374095
757478
3231120
294994
3132316
2072485
3932698
2916925
2854489
1004278
735705
155721
2119577
2014008
1131822
221701
2141006
414418
3081203
3356969
907486
3839134
1001005
1980094
2988214
4013129
898524
2016374
2436872
2237130
899927
3319728
2945647
3008111
2054133
2777246
3523012
2615010
2171075
1058033
2949745
1330459
1387147
1332540
2051890
368628
3251622
2896890
2907277
2757905
1648177
1085071
2420546
3168241
986937
1454371
2287042
702128
1883419
582972
3382773
1421775
553016
2514854
3651165
2204074
1353357
529394
1354226
2630737
2574020
1216074
2654880
647552
2017916
1773031
3537862
2702926
1262157
17723
1208351
3741282
3748847
3503074
2126863
1262466
1488186
3306941
1937524
3325247
464163
3509849
321243
2666712
49103
3972050
3748313
1804831
1445345
3277691
657762
1266329
900971
146716
1592116
683804
1442199
3788727
1621763
3721044
1460514
2870052
2995824
3554477
3994205
74696
1462376
3726404
1993533
3285569
2349053
2548330
3376665
1288175
3706289
1680106
3830796
1031545
3220021
961280
701555
1745094
571504
2980577
1779083
468137
2883820
3534537
3173532
3804878
3420802
187767
2083869
280358
899436
2342123
507132
3869118
1731837
297412
2119847
1877360
974090
3249502
1021365
1493697
3892982
1197099
1484665
918763
1877449
3088588
2416519
3974655
45080
3997338
1779962
1656620
601446
2761298
3430739
228594
1534640
2566205
73702
2829899
3522940
2625012
1183612
3517727
2747692
642570
880812
2493553
3097067
1884881
2604373
879932
893635
564141
3493589
3858819
2170322
749096
1194714
2270864
3975932
2194195
2645007
1227286
1288683
2398662
600600
477151
2410125
2346111
2256348
1730753
1931562
3719711
3969909
3465325
3088516
122658
1835473
1975327
1674537
3264578
677033
2734277
1441671
1525123
2120259
1527224
1427535
275694
2833661
3116384
2106664
965215
310328
2221799
2025076
281134
3623105
2124725
1754538
2049691
2493160
2623195
1915456
3711092
222616
3926537
2781579
2879941
2682962
948822
2769803
179985
901030
3988891
306649
2817019
1598938
42024
1028676
2161180
2444343
3573504
1868061
3403306
77469
2084125
3946612
2205343
3434605
538536
2803464
2630314
2514349
3482386
1461879
192148
610270
1967819
2274361
3794475
165212
73726
1516176
1241370
2740918
2557819
480289
2483138
2294040
3192548
52963
2736324
886352
3799705
2956674
1747872
1421576
862580
1181373
748006
3188495
1517691
3721951
3731244
1043863
1403173
1735552
2292246
1539526
812785
1249757
2574549
451604
1579209
2668884
584241
2922520
615213
3692694
2289116
3469235
1256338
1220648
2796483
2176093
2769128
166700
1810119
1899570
1986597
565598
2345248
708958
3363456
532521
2199343
992274
2020912
1180630
3279865
350107
3808294
1006914
1299987
404677
2356352
3919973
3545568
2232413
614247
2142591
995512
2056420
3823002
1580319
249304
1399911
1823630
2911805
2693048
2154101
2935605
416256
1924437
1226128
57849
1956807
3331287
875520
2426364
1683362
1205621
3540860
1694604
699387
2187192
3857941
3225050
231591
1799331
1546062
2618895
2447645
1112164
2022689
1756882
1748209
2995379
681764
2841644
774021
502372
1955917
1540884
3688794
3988210
3361733
3744116
2871443
3090724
1026140
3027866
3977571
336866
3530299
1758302
3948056
1640769
3211011
875699
103320
3127176
1503449
3020907
2152864
335561
134261
590443
1989507
1656654
3477498
3277121
1251004
7306
3081245
2919980
3059500
3679436
2442833
2133218
3790407
3821304
1229566
1797676
1637490
990510
782507
3537583
2268477
2658178
2167976
1094897
2968821
1875809
2285507
2672820
1293480
3623576
3910397
3041481
511811
2617132
224304
3523497
3252603
614693
2815394
3833697
666843
3802409
2092450
1942969
1804013
519740
2668187
3850753
668629
4013315
1379309
3096882
1665486
847375
1556278
144166
534946
1552470
941995
829861
3518437
1021071
147792
1920664
1431207
2563413
3078338
295915
1265958
3487864
1129759
1807072
3993574
1112974
802241
368792
1531980
3433105
2431572
1620382
233461
2527735
3167780
1285213
1203936
2017219
570887
2650518
3771091
1120579
1116128
1250166
2484390
1769139
481357
2463614
3252181
808794
3778079
942602
1445070
1691966
503928
1697053
2792710
3113549
3811759
102402
2250616
3695843
2249112
3119014
2448137
788737
1774171
2722465
1540180
81585
3864505
214500
2252647
568938
2410627
1334080
2387699
905737
3570817
3241981
1921223
2210109
716382
2678905
487779
444350
2198865
3722211
2861503
2602822
3885924
277459
1216875
1673857
1734898
1206685
1184527
1008832
1747027
4002262
2840960
2976534
1503159
3083920
952928
2382622
2938631
923214
5389
822945
1126860
3897936
3773625
1588555
2078294
743525
341060
2902603
1602679
713929
2682120
3311885
536282
1945357
2943005
2571858
2548503
352147
2533080
2029243
2271715
218858
2089613
3875396
26800
966193
4016017
612448
5523
445150
49871
3052740
3279673
2550596
1690614
2794606
3195679
361438
1860551
2597514
4002403
100793
3953194
677759
1449356
481654
117937
3068201
1220705
619127
2690707
462400
1038687
916809
1255220
291116
2736258
975393
1128107
498839
1702132
3397586
3393357
2952423
650543
590637
1925141
2745348
224117
1585012
1129312
1700307
1217500
1012106
1496815
1181787
683149
2648021
2004495
3222046
1552094
422552
2604477
261654
2872351
2085798
843372
705513
1266861
489845
3670178
293594
251089
811645
1683617
1094617
2594013
2624909
3377578
3660377
1496150
1017738
2917175
1137596
2218306
1511546
245592
2572561
272675
3461180
3902255
1693030
3676786
1608197
341412
1362199
3347467
2962640
2523833
269208
849678
2831752
557085
2000915
3917932
3251678
560944
1917965
2765066
927066
2317429
798818
1912015
2932866
3188621
3976990
1788758
164698
21459
496846
1149955
562775
145006
3788062
3694260
3775337
469596
3458459
1635446
972039
761119
14284
2798964
2025579
2337251
816856
2881617
1830486
2411627
1621226
1696864
2260041
2792391
476169
154076
71797
622696
1594236
845141
1450132
3809497
2834095
3423434
1407336
3672921
2403449
2760276
1021964
2397664
3466141
3645261
2162020
3806064
477846
3514688
3583386
3793223
1965382
825075
960440
1271942
2449018
1850672
2028594
2761735
1001766
2581925
966616
76180
776161
2610679
2099811
1885146
2377249
162957
1180370
345483
3880958
1281424
1433271
3362164
933727
2639125
2885087
1876557
792293
3200083
3278675
3743119
824345
3535761
3607482
4005935
3620640
1673468
2628928
2876900
3481405
365759
1486356
3519495
2504317
1168783
193194
85450
3049188
3972677
1537453
2230919
3849399
844769
134858
1234814
2780468
2408866
3945928
2191553
3470899
3546741
2336922
1975089
2249811
708640
507849
1461418
307374
3211929
166432
2261563
705624
3597485
2818551
1795797
1841668
1738856
1433150
2023050
5513
4006753
2124879
1275922
257044
3849937
1761758
2864476
107439
4563
2355623
2387908
984284
822223
3948648
2553459
786489
3359442
3361399
1087662
3789490
908323
1187958
1981919
746188
213615
2150003
2430219
1653872
2029774
3137448
1008289
304995
1799301
3244399
1362350
3460666
1401384
3983385
467230
2674802
1275742
1793
856461
875134
2752729
1945135
2352488
3709664
2652531
3117533
3268931
1914250
3490093
71105
3608622
1597132
482635
3131611
1558651
344528
3982230
3327724
1121514
127890
1604618
1784792
3190748
1799399
462018
1411013
2142909
1887654
465268
961306
1598345
1589871
2210896
3953985
1809606
594023
1997817
3587830
44200
2060886
3508225
1792585
872550
492317
691259
3606982
625942
1287789
2136092
3448015
3540008
875540
1553094
3783833
3763711
2747025
1904087
208350
524287
1310882
3651960
3620727
1393724
1993560
3195383
2282734
1133194
237243
3985451
3492372
815859
3258655
2741227
3660749
2565749
2784875
3077457
3466435
2421246
443535
1134892
1120233
2228747
2545014
555412
3347859
3535350
959982
1537631
1180319
2342155
1317307
1608167
2647046
576231
1065628
1221919
2551097
854899
248018
276615
474420
2958478
1080047
2755231
3879532
1016051
2058963
842096
2677552
1802968
625555
1388228
3156917
3228115
3584786
2585967
2276537
357927
908477
1523808
3005095
1798819
3995972
3358246
172808
2787674
2078383
680585
1987210
1942819
2244597
2086414
3573035
3973981
108049
3941247
2213048
2864656
1187122
2859042
1381582
720791
3072975
2124169
2633072
2150960
3820202
3141465
3514267
1985189
1036393
2488281
1976996
2360684
745248
1166312
3176168
1239311
16571
1355505
1398414
3607302
102611
139065
2794671
35232
1397404
117084
2515272
78274
966809
1205743
2879124
1166272
906106
49741
3664884
1084414
952864
2378251
3943362
1816926
782781
2106918
1451056
2717378
1004327
11030
3961265
814705
3357627
1401586
1088106
2899085
350444
2416368
3534034
2951586
2978262
913004
3637321
98761
2681698
2886379
3813484
2268205
242334
16164
1928071
3054568
950393
115739
2595380
3742030
2361730
1339461
2165413
2171543
1755107
2854127
3555145
1514073
2888709
1209239
2671475
1238744
2285405
1256462
1496572
2787555
1936209
967804
124198
1756270
2333262
3327525
1394631
2726258
531638
1021296
3228902
2907151
3704518
1269730
4002485
2576137
1872878
2515341
3657159
2904052
140006
481042
1985021
2800848
3738527
3949051
681532
1640618
3946034
155012
703069
1068250
1896734
106704
1309017
3686140
3716067
1246584
3179112
2330409
3283780
1936088
2294714
1202848
3751562
398785
888988
1669883
586120
667609
1089698
3311209
2444031
2635866
3245314
208807
1035829
1830213
2870797
7064
868767
2638052
2910836
1998565
1369945
1973111
2943176
288155
2761790
474668
2464405
1848324
496692
2738573
2770949
2410882
489617
1980898
1008384
2596536
2187123
1260578
1518724
433796
408964
1810811
942898
214710
1433043
66005
3331121
350426
3014850
1867710
138508
3985071
3719505
1209519
960658
3219931
2030971
57846
1306939
1757673
1106745
2673669
461407
1707075
1338032
3127579
2077680
1137997
2663481
989802
1635566
1469187
1491802
2723670
2089356
962609
996193
2473620
1281349
2703535
3130142
3200619
1005876
2108531
1181357
3071229
1709999
1812501
2054181
865295
2808848
1977196
2438768
601609
3796037
1581654
745964
3338976
2175903
3205286
647000
3066209
112791
3427977
3382608
1654431
415573
1017745
869930
2668136
1267120
3520602
738572
2162646
2595319
2451106
899560
3721974
2822828
345082
3789046
392972
2169409
2750948
3809614
775978
2114282
128122
2018973
2293035
2500596
64298
266322
3506286
2809809
2795922
335744
2589074
2734822
2304199
1770797
950169
3272909
643308
3791662
1445662
2022508
413153
3345643
859185
3384470
2426667
869897
3565647
1957816
1398496
3909676
366230
1347060
1414228
159365
2750845
3257415
148428
3940152
916792
3534156
3562227
1133079
1214789
816942
1135775
1638847
1434331
1331145
1441378
418462
3540986
1052216
2975944
84834
60841
1693612
3379117
1293996
3198409
1369107
1426761
2138746
1017832
2529635
762197
1995675
1044295
1058804
1018982
2948287
793470
3065502
3773041
945102
3996404
3061490
83932
417155
2543392
1001643
3242347
757250
1949680
3517295
3046453
3407632
1615443
1685935
1882883
239884
1493764
3112160
631983
1355581
1916585
2055354
3738360
2818554
1302673
337713
1112788
3329753
2183173
1423124
2268447
3913877
2890983
2057646
663482
2421663
2167688
652022
1759941
1314424
1712553
2575630
2014696
1133699
938127
2811616
3704367
1736452
237683
3495107
3553390
4008606
1745038
605722
3087581
1736022
393349
2069627
3225699
3621750
308293
2396551
1938232
2786620
3480377
689402
1658950
1290191
2610796
3203180
385365
593834
2427494
2885841
984696
1200952
110564
1114106
2475969
1635111
2976116
832915
871666
133294
239713
1749770
1767554
2295215
2974264
3612441
742761
3266067
806969
60958
2031403
1810455
66137
959872
1160018
2175343
2409040
674523
708222
1141992
2081427
2697607
3533665
1387887
2698254
3910353
3660521
931870
1763787
3287632
304623
2011912
3757608
2966403
1588091
821961
101906
3356313
2228698
690351
2421314
1690321
2138044
2410852
767106
1747700
275141
3760007
1006650
1625878
3788903
223788
3536998
2506075
185462
756772
128985
539580
2729930
835834
1626193
535350
1617058
330827
2270397
1961514
1145937
953953
2484043
3105337
1745658
1601350
607114
126830
407284
2419266
1896761
3924248
2508799
2456740
224494
708740
2120706
3006586
1025406
3817108
82333
230707
2804054
3373000
97166
3901324
493735
522391
3268532
136460
3897638
2530810
1888449
2078162
2807345
1276467
2243861
98104
2247657
1238245
2780443
885879
1607408
1819795
2300182
1180464
247134
1578009
2635326
1887419
3351290
1783466
861991
1541928
2769067
2918253
827128
3528348
2105843
923479
569493
817502
859843
1713089
1577015
3298316
289702
1406296
2965490
3300534
2969076
1561605
1559949
3537093
3424771
3781003
2545933
3838746
3990546
299245
2267215
829493
1008912
2603658
3325608
2311486
2988652
979212
1291711
2769668
3454142
265583
2792642
3303912
1070327
1764263
2200703
4642
2651346
3851050
792634
3464767
1523477
3522645
2805916
1837604
3934856
2881782
121344
71145
3336205
3292236
3609071
1330094
1942625
1291155
802602
741002
3087669
2455560
744891
2646206
648006
1562847
1231415
2869707
14490
2432016
1589020
838762
2543502
3435975
2361739
1035614
3587150
2105332
49941
3775083
1891648
1693594
1413666
332037
3895841
3811558
1092716
3074549
6731
940059
1015082
2590903
2129097
229776
443978
2761845
184848
2374027
2869315
1144603
3411851
3986142
1149194
2190254
2603630
1653577
1239657
262673
3416106
549991
138068
90951
2909461
618820
2126087
3275318
2911518
1644186
2012782
432194
785661
75093
472847
1178791
3309986
616388
2278213
3673274
1144946
2646159
2788089
399274
453653
3615728
874577
151997
908188
2305478
3716305
3778828
3296304
3220787
1839526
1355750
25881
1219657
1868358
2372153
630173
3006012
3232317
53501
3423694
2533804
248776
3992096
2055944
231265
573013
897237
2309757
2203928
232461
1064765
3741803
2322807
1725149
2756536
2684015
965543
1827351
1241337
1717296
1884641
2497236
2555151
1155247
1951942
1398246
2455346
3812955
299062
503060
267076
2715295
3197990
2817204
2495671
3857402
1343797
3650552
283737
907424
1467280
3521235
3992502
907325
1733130
3882379
791020
3168185
3727691
255468
3412936
1416242
3418967
606544
234585
1022321
2294981
612160
1798542
3984056
3838440
94752
3584012
2879178
239610
1928996
41369
2791907
1699684
1186269
1094512
7031
504989
3445954
1595991
1214498
899016
322526
240216
1335687
1690541
1431174
233139
2179844
804557
366123
1981061
3020105
3504310
2491598
433072
1738478
683263
2469872
1718199
2189120
1794150
2462026
1018125
3564733
2677732
177903
3886661
1098818
614735
2963933
2344129
1004589
1774793
2888848
3110066
3672060
1184637
2567365
41402
3753450
2206380
3681808
1901397
2403761
206055
1276633
3460351
192600
3881910
2954545
1078347
3213313
2774855
673979
25821
594065
3552927
3627576
1668800
1319828
2220924
365925
3044612
3574242
3883161
2310722
2039764
729363
1175386
2781117
3231656
1588303
3044327
2710727
3356023
1041452
688128
2301786
2778675
3882650
756322
37019
3947641
1427814
3700147
2998523
2742816
3983462
1626098
786268
3046997
3505511
2158894
2390101
104574
388575
661834
3052836
1534220
418202
582827
3373452
2286210
3521632
3225969
183971
1516907
42071
723049
3566066
1294789
3111090
3917132
898889
1320907
1523291
2943660
248668
2877139
1200100
2357563
1715065
1267392
2491024
2725526
2334655
930353
1858209
1307879
372454
3079716
2144213
1240291
1379147
1003809
2860784
2145406
3213693
190289
243710
650175
1582976
1104677
1991759
2048784
1379648
3609051
2471653
1210753
1248948
276962
2622781
2299032
21841
1082684
3945518
3662634
983820
682253
887674
867704
329340
679731
2598152
1445549
1214026
3229865
3983804
1513708
2952802
1787398
2624934
2564623
588572
2889246
2995822
3256932
1758296
1403950
1023257
8088
2961328
2737082
3191878
2931294
2404318
28260
1187541
2313429
3276855
913441
1831866
108269
865449
3373290
1738787
2973318
967380
3485268
1686746
1383498
357393
1234814
2097211
2211942
2276821
371997
942339
2863839
72405
2877407
3036911
3765229
3580452
1226860
524492
2087652
3191773
2622475
899073
1233393
1301791
642990
319050
1831089
1037755
2400254
547179
1405399
138599
3567833
3909111
2111468
3636964
2878978
3631754
1287541
2682968
3634477
1444623
2573805
2100049
3128996
1018755
3938303
939180
3377172
3839666
2053965
1019092
1141424
491413
3774185
2555985
3543829
504667
2642775
2120567
1224297
980142
1576126
1438908
3431624
2088786
1247691
1828082
2464197
2061543
3623526
615251
3093194
476475
229348
3632383
3267077
524503
4004258
3806922
2732512
429061
615926
1809074
1288847
3428686
2788774
3348216
79675
270007
3222165
3216623
3937883
2257731
2042979
986315
2121768
2961376
2073737
2052123
3640042
3709593
3161325
2745044
1630931
2153955
1539764
3707695
3814838
1258762
1139343
3881352
1268609
2188424
2700143
1892988
925240
1755133
1861957
245685
3858247
1890330
3826032
1249257
1158255
56173
1367874
2060421
3538581
1940884
19768
2651585
3071602
121644
1625721
1251459
3969828
3645897
767754
1644624
3195064
3641031
2508064
1441170
2350109
2526681
2934175
1224796
2293299
3583459
2973034
670435
364354
1330500
1410186
1234354
1647662
1429332
3857653
3883718
2390082
415733
1363699
2546992
3561819
3798228
195321
2154767
954903
1004125
666673
2339630
2984067
2488937
422819
2957141
3427739
2170421
2120862
3571707
1224529
1382083
2889168
3225581
3663889
1503197
1024143
1034725
2732059
173225
1673219
365973
2598634
778207
42488
844079
2579234
1518713
302212
778372
992427
3777866
3651071
2062073
1959172
3402818
2657434
691327
1495609
3967967
1261246
1166462
2861149
1363570
2584400
115772
585869
2912619
2432701
755813
841520
1406223
3389172
2595310
789741
3567407
3862148
2519413
1427368
2691152
1427278
1819601
3105463
3618841
1517688
1035514
1484280
1332402
3135039
3511888
2359699
1738
1209005
1049112
2603197
2425895
1690306
3934468
970291
1823547
1464247
386374
2996631
3649352
3774423
3013007
1083848
3740531
2153521
1410812
3497941
3800680
1981683
1541669
2612953
2556215
134635
3153606
2402840
3113560
760793
136340
226022
2196389
2035341
168196
609168
3287800
2413871
307947
3497190
1082939
4006273
3027595
2357466
1455939
1128958
2447362
3676884
2020412
1629611
393026
3283548
2350294
1832045
3848994
928862
2009498
3873048
902772
2764046
588775
325700
1897790
3935211
2025235
2861849
2451153
991213
2838497
2257994
3584453
2640314
3871448
1908502
920879
3241945
1978832
1016313
2979752
2074776
2222980
2078832
1552258
2230365
3923910
1631781
2599593
1855232
1561295
1694057
3281546
3213116
3514308
3759683
1768102
985516
3925434
773172
574183
2744486
2448797
835890
1531870
1732064
1650042
2543941
2343667
3293749
580068
1582444
1798565
954706
2937122
3793739
3312718
2339509
3430018
3992020
735224
3574522
1583898
807251
35128
1387778
3037118
800699
2833700
1593230
451389
1677724
3168000
804886
2268964
1762066
811255
1935528
1093053
1204289
1756204
555955
377379
1976549
2100827
847187
3518931
1644247
291800
1161051
1735397
1589533
1983117
2419839
2803805
3850148
541577
3601221
112685
3489447
706450
2706543
140691
1788656
2328873
793801
2022931
3284406
2334174
3210555
2111101
2119565
295500
2877147
1213894
2490751
3867420
3108901
3229557
3980370
1285080
196745
2206345
1255558
1299319
1629526
91292
1164613
1831083
191625
3963920
1332532
2056787
3880803
1687656
1486387
828463
615527
916631
1549345
1720106
2813947
3048084
935819
2165009
1655660
1375738
2596837
2705009
2319318
714246
1712933
3021549
3647515
2867563
914850
4009500
735615
2592614
3154263
1294114
1479142
3430647
2254402
3975743
1816323
1737136
1060876
883402
1856922
3036125
2053708
436458
3408415
141576
3940446
123451
3314418
2161569
1897448
871648
1298626
3770490
1607370
1504250
1210228
2608602
2695515
3214821
144788
2165534
943828
617640
2577756
1493453
2920614
2375664
499929
708928
3657429
2536779
3749861
1315919
58907
2118855
682642
1307285
2841109
2252156
647481
2726051
2931615
2285825
3216307
3961244
3506520
3082457
67235
149699
1594168
1682854
1141601
1220949
3948550
2814837
3332205
691701
1963100
3783016
3368151
1587123
378446
805699
2562440
250265
2236965
28614
3950044
2068943
194280
2811233
3555651
3940461
1875136
3300190
559554
2272830
754443
1388915
2649228
1872848
3445237
1375465
2057064
397602
824442
1998284
163392
3286173
1809479
48150
813377
3719418
339490
2338088
1219448
3292281
1721937
1218437
3468841
2570879
2847959
220137
3543682
3866172
3426549
2493543
853627
2962808
1051135
81748
1239550
3802795
3260421
2372673
3409386
2720870
3729618
276804
2254379
3990908
3634434
1757091
1752014
2402748
2518303
1415554
3550263
3649883
2267509
2666745
1012103
2481360
2551166
58644
2827979
3223779
15110
3793926
2302096
397293
3994493
3221449
685472
1648185
2729160
1903479
3232958
748152
2727314
2192057
3896684
922365
2180841
1558709
3212385
3494286
170738
971267
2257900
3626912
1756654
61267
929094
788603
3783742
391037
868834
831023
380641
2035351
2296110
318337
2040996
393505
3415464
3446453
3103348
288444
3592329
2572061
2602809
2799956
356059
1246119
651807
2717438
1250733
887704
2908126
3967439
3757701
703420
1209498
1436910
3666757
2175718
1779346
3007206
1049007
3678782
909839
3411537
2641150
3122555
2272257
685501
172074
2246242
3419221
3916575
2975340
2052096
1146905
3059346
3248240
3119431
3093828
1372233
2466508
483150
1562010
1755651
1744343
2386403
1178470
2668803
212136
156806
81729
1641380
3495338
3778340
1538213
81817
1695467
3219158
3940183
706533
3247471
1870758
2832574
1660909
3978749
754594
1339584
2115780
1263114
3642423
2730646
3465383
3628805
2158222
3587034
3820973
2471282
2323147
3739565
3723240
3077018
1169987
2251291
2948898
2567106
3133801
1027832
3996800
1941982
1546193
2391532
1683684
717822
3509396
2325365
3322
1482102
1970255
1270445
3775800
797137
2735103
1773357
2389326
3526605
3549749
1024574
1846392
1224311
1850354
1232707
3205570
3015403
2653544
2603338
219496
1264449
3361378
1829374
2843153
1198976
1274339
3846597
1143524
2789154
249090
3016592
3136675
2405104
2638793
2033254
1116487
502739
3272532
982284
426852
326696
2488735
1191320
1046739
3835931
3109874
3130469
3780058
1052666
1404483
2710797
600241
1990392
1727878
2830088
3038366
2389060
3722223
703070
3510977
2048316
948036
2617511
2196972
191295
2794818
420044
3199690
2616986
1744516
1396054
2189519
599884
2790197
578374
58991
2428865
2955695
2415146
3223995
2814609
1858432
2283463
1535912
198478
2690624
213683
2123198
267659
506898
2640425
3516994
2788881
1654124
2327875
3322370
3342833
249398
107958
3915065
2687702
556506
998678
3285168
3432924
1655847
2497129
2611351
2771915
2751960
2805612
2655069
2071538
2842087
1279596
1138463
3388766
3360535
3076822
98057
770672
1044558
1666320
3644857
310645
2482738
30482
3078722
2470978
1354335
1682680
1077442
2958450
3892353
399034
2333796
1380810
349657
2687703
205534
3984430
88507
3831641
2664208
1781617
981085
800989
3419324
502821
1720500
3045486
727157
2841651
1201938
2574922
3628570
249929
591404
3708305
304341
2104036
3636627
472245
262733
2365640
1754538
3834089
1049926
1416568
3488853
991951
2995289
1439544
1649038
1297507
1786673
3168926
3496568
2206411
2964782
3936424
3994413
2091455
3470552
274883
2246796
2317129
3918783
3950099
2790862
227041
3283257
297374
1533786
866578
974367
151407
1218162
3604714
569123
144737
3325139
2345859
2483773
2857066
2225582
3548696
2327606
2279468
3318308
668807
426020
781416
2736114
1513726
3119528
736396
1727820
3124208
3122430
898687
2027539
250542
1487502
969851
3006040
211033
2946524
10697
2082772
1223209
3375070
1410834
3433088
3106345
3004181
469968
428565
2769793
521804
2631928
639861
1591991
385749
2743378
3247424
2158210
79468
2424445
3617154
1341330
747672
3269367
1741761
2047206
590256
460037
2011512
1778833
1343734
331926
1604171
23503
591086
672678
3825466
3616319
158959
2733436
2723393
2408777
2716866
2637385
3839595
2709067
84285
2679911
86986
1308863
1760560
1815802
3247521
2368838
1724395
1967870
1443760
497615
2411971
1913502
2979438
2078636
583377
1041781
2748783
1009036
1232612
509420
3987382
1272280
1502695
2816943
3503781
1256269
2882457
1836766
3536567
1862113
363220
2366454
1286354
1980479
1545274
1324457
3829611
2859275
2642041
2058400
1595720
3952605
1365482
247313
1140832
330804
2566352
628835
1610811
3278715
2996643
3003647
2474339
1922844
2995334
3856955
3588958
3397407
2439318
2026535
2711981
1251370
3953280
2107611
167226
691724
2801881
3504291
801454
513937
1967163
716271
1773694
1100100
2523918
3130775
1190007
2463830
2760343
1037958
2398977
397224
2775405
1116243
99087
860555
1059326
2140068
1524813
2897121
2399894
2621463
2471790
2450997
1561780
1636377
3517357
852811
2268401
1579308
1083767
3063670
2880465
228747
2686206
594433
2228268
348503
2693854
481954
1099320
2153686
1811861
279118
516831
3099054
3130577
1334447
2148760
1441812
260763
2381764
1410167
627275
3295431
3912960
710886
3348180
966753
157009
3853210
3039406
3902890
2967860
2064829
3855810
65388
332163
3636575
1463384
3036981
3532196
1312031
1350738
3906393
334264
2842615
3162851
3912022
1622971
2108564
438389
331816
1473830
2764291
28599
516745
3173591
324298
887581
3833379
3847177
1279078
738767
3257513
2366146
114045
742855
2814676
3198908
2541396
1448337
1809677
1032099
162739
664919
3926667
3334214
3149756
2702615
769824
12211
154614
572634
4008783
2766159
2664323
586853
3459392
2068952
2153798
3666498
836676
2250242
2136789
2117570
3488928
477504
610790
2463286
641412
3416913
2743427
359199
3967528
972771
1014806
3411892
3967119
3829530
156108
2445866
3181654
3459288
3177167
2469782
2513160
705342
814867
669760
3826600
1689645
3412298
1694032
397460
4012703
1996158
3063275
251612
730292
3374109
2261812
1776905
2223149
2926274
2728557
1107172
709119
1098796
3251738
3724573
3654680
2552491
1390988
465034
3632893
3697325
3214184
532725
3721800
1569330
391004
2828951
973254
912170
3149651
3223643
3519988
2583491
407682
4007953
2086008
1656725
1050653
3462064
1674497
3891215
2070410
2368324
324524
865076
1441124
525554
2258050
635875
3779302
3270687
518396
2123948
2157559
2465991
1315061
1156710
2363651
585086
1857452
739595
261025
2489807
3943517
3277929
2743857
2623793
921731
2629456
1124559
3308877
3415342
1094051
13820
101082
838720
391356
377801
2882942
3437449
3134764
3729762
3452639
3607918
2111887
1733900
2733872
3979441
68172
2141656
958806
3251992
2061894
1150445
1672315
199197
3475840
3526097
1943980
2191788
2140221
2936256
123045
1579201
485322
3381138
681148
1004714
2164797
2670009
3386787
2391047
1122933
3458476
3434248
2079385
3286840
579597
24433
466776
3010239
3666501
3644115
824962
475708
2607218
1367925
2967695
622849
2265524
3419024
3550715
3294678
2697533
2962719
3940000
2291991
1719811
3234503
1306391
1944001
3139093
2597806
2597727
2455445
3550132
2539280
2384194
3916728
2451155
1123881
2983211
2581075
2526783
1590647
1444921
3938061
3275618
3222217
790520
96144
3523010
3179693
3544996
1426431
3174045
2343245
1232569
1035505
1817789
79967
3551781
3226939
905199
3893537
2623023
2870311
1314102
1435759
2430328
500969
3532269
939604
1004799
2808828
1735723
3260603
562607
1335208
1095435
1957219
1195927
2812723
1199292
3809374
2179954
579258
174497
2696019
1525271
3770705
3774856
3523733
1612671
489936
3530173
18165
1704685
39934
3594902
1908066
2422673
854164
778475
2146484
3000513
3010386
1475862
2577577
698834
253961
266570
298783
758251
1046404
3439148
3652917
1808182
3233584
3412727
3887380
3364931
2377549
3922553
941912
1213591
3814202
1485
3966514
934988
3623149
2327392
1596447
1282094
1975065
3036961
1956242
3924476
3488249
3111704
1934802
972029
511978
3602085
3647331
1414374
421036
3155982
2962569
2802337
2374438
3361446
295285
403250
2881516
1134201
910182
1225315
527893
3672864
1835606
1190022
2989491
628003
1703002
2195569
3998999
1507332
1299458
140739
77507
1308197
17176
346158
1120384
3038016
2023338
3927799
1678480
2392394
961340
2403333
751218
3981776
1539834
1944845
3514211
1975149
84902
2308314
2813589
951388
914186
2698129
1579474
2436830
3795728
1773550
962163
2328712
483464
2339146
1248296
2978897
3050632
2506398
648544
1551147
1774611
2852404
3047218
2508158
715475
1389177
988643
538285
1059500
2844279
3077743
2892319
1134443
3001879
513238
3449898
2840401
242794
99200
3948952
2212641
3572049
280975
2365296
1383764
2792371
601630
3328425
1783858
1791852
833050
1271828
1411474
1317650
1945560
766691
1398728
3200255
1756236
2917333
1837302
1539652
3734177
3322911
2547975
917463
3044837
2961299
701893
1664085
3851754
3664903
3332291
1159921
2186741
2608137
2455477
1389497
3204959
984701
1964750
513437
3356050
2823706
318625
2099446
2503038
1310376
3302929
240828
2718637
709690
3685983
3646328
2420279
2173312
1947059
68115
1154715
2006859
2866668
1094082
1165418
1538559
3275746
1568153
1101914
2361779
493473
2633842
3057533
2208091
536823
1025396
512364
2845132
3399158
928042
414660
2000236
2957461
2077997
1431084
1191196
3221867
2120777
3397877
2434826
1013897
3213169
106729
728888
816603
3637747
1157213
2452107
1119909
1070117
267426
3522022
868870
2236903
420812
4016878
2381848
3224200
2061780
3492083
1345430
831198
2405697
3252876
2185096
4009371
1921710
106034
1865414
2129121
1847952
3177990
1247967
937730
3992356
1134495
3865959
1730077
3406309
1573986
788972
3257756
3102595
3826810
3954066
2029217
2976313
1708503
125723
1165220
2089939
3461597
105445
1178187
829934
1730423
1988877
1899111
1342683
1521878
2169595
2063683
1811485
2866817
1561839
3650263
3067893
1877351
3679517
2448529
1320188
1362177
519487
3009717
967933
386321
507126
947723
1006707
2218522
281842
3818570
49196
1558434
2160951
1893447
1145252
2804589
149647
74061
3083077
3794339
1706944
1296720
568108
2452285
3773665
148737
1726189
602953
134342
2173386
3432338
3933714
3777636
747850
766021
1518267
3977832
1044863
2676420
1973827
924463
3536342
3954216
2796191
409021
188185
26118
2240001
2364198
2103975
3704864
3477404
2868016
41947
81114
1990634
3503467
204213
1628776
840213
101359
1551709
3094653
3676959
3955225
1712710
1949139
1894445
2908672
200344
1357457
277215
1261334
1457130
2383350
3383111
347431
862510
3944259
1921178
2685246
164053
207054
3279916
333646
601302
577181
1500865
406493
2211509
1070934
3788954
2344899
3860749
3244500
504451
549794
1530757
848955
1701572
2978318
2717330
2752214
402148
3552039
888429
280034
411694
3000776
3643060
608934
1031821
438475
1529997
441506
2243788
365663
3441695
1256365
2248305
3416813
591218
3010816
2307424
629889
964211
3303321
2161140
2341584
334152
3746436
3554468
1256917
2012734
1821779
278093
1039798
2481194
1679941
578518
2312665
2476263
62644
3027036
3377608
3985104
3089067
2534521
169751
3547255
1469097
3875969
2624454
3885390
2051372
3210047
2055921
2316620
2767171
2425256
1553907
2555563
3943316
2670706
2852006
2600906
1796796
3475097
3286485
1126686
1233034
152792
3644659
2475862
1870009
850253
569075
78249
1710664
1209202
38599
3912916
3857080
1535874
3402191
2370181
3389523
2370790
2551634
3779305
340939
3449590
1818464
1148873
592877
2829141
3330299
1327908
2938776
3117893
3909285
2101371
3299726
3960618
1467513
2867541
1518669
1762749
1751188
422038
1451619
1150772
1762866
313078
3677884
2438944
3734164
2253706
1806633
3527697
251005
300067
1437141
2568405
1533845
3541720
1513005
1589214
1817701
1910491
3984147
780951
3042880
1799685
88616
378794
3996313
1893751
2249655
2342529
3745782
2486695
3726537
1947414
2831602
2214516
961218
967045
3985570
965552
884646
2213762
907189
1141946
1273469
1519821
3474062
3036991
3891389
1442354
1297990
520421
1133331
3809906
1883694
125419
1008025
2363531
3445818
1347683
4005699
2669550
3683209
3384833
3622713
3411001
1862783
2926160
3306838
2076128
795505
3870558
2607662
1091026
1283774
3256839
2654979
1276837
775295
3800641
3442075
3728205
358239
3355800
205595
1237473
2586730
1900340
3813659
425601
1985539
1927040
836343
898918
775006
2515895
118877
2370976
2966545
655789
439171
3812477
336823
3004346
1610871
236911
2888817
3978923
3624992
627420
3437252
1785720
2891895
2212180
686083
2678858
607623
650502
2848241
3236938
3186810
326856
3161425
1715687
1840697
1664797
2629354
2414971
2130787
3839738
2642940
1674142
644315
3452728
832045
121551
2354142
1130482
494593
2420376
1911696
1757394
3328352
2965583
2310301
2566367
2302044
2894451
3121324
752984
2941775
1742794
1338031
595023
3521873
2903764
1364383
1974545
1332643
689053
859866
842369
2029832
2312020
1137729
3716879
3413729
6251
1897017
2203413
451843
72465
1372751
2913266
3735243
288124
433279
1655763
1076579
554057
1907773
2117286
1916108
2796335
497799
1893383
1375146
568449
1634
2796402
3724149
472538
746042
1505928
2418499
3396726
2967277
3193718
122400
934505
2801262
840547
3639703
1956288
1726196
1953350
4008962
3322836
1099546
1290220
3631524
1906644
2146517
3306850
1349051
711509
280527
4006868
2047206
3689952
3312339
507835
3403777
3682101
2177304
1401587
3173821
3259555
2161026
145215
24982
2960993
2067203
872654
1248363
3325361
3440613
1372783
1518598
3658980
1825546
2710610
3504786
1168916
1818719
2325111
3123790
2022114
965475
425841
3763556
3417682
1039648
2307287
3598604
3821554
2015665
1056531
1696515
1663537
3557474
3577013
701942
1817007
1896183
3917704
997883
1235400
1100485
2726892
1307150
440128
2838569
1072667
2810328
2345886
1623775
2436339
107372
1886350
1924117
509506
3009956
2783264
410515
876548
2477450
3492471
2148254
2641579
489912
1334598
885768
3832176
2079007
1703058
169930
1509160
958787
2679363
1626908
1967180
1680840
1023818
1210922
978236
1429238
2377462
1657235
3569468
1635595
2265620
243054
892442
3280724
1884654
1631279
3242389
1130217
3749899
2822984
714638
3318217
537067
2850314
1131206
3605523
676693
941589
632461
3079665
2532855
1706369
1637970
2171157
1841622
236998
2869507
1003289
111385
3481077
608459
1707909
594777
3253837
1805790
3878647
1869705
953549
607159
3227662
1690281
1322249
1860393
2988599
393130
2320619
1582560
2458779
1153375
2569131
954415
3898569
676151
73928
2507187
2016046
2916957
482062
1264577
3050133
235199
1544245
3000526
1989391
977465
3401189
535524
2400705
1959335
2280731
1701937
2618998
3089962
411383
3794923
3068787
895238
3686664
3678486
2521837
2474906
2375982
2092936
2588951
2167975
1091267
1014402
3572890
1150290
2548798
283015
1576957
3735021
3553659
2339661
1000484
1382496
1922097
2671241
3417395
265395
615044
280691
2372513
2045207
983444
3513579
1469104
1112407
1367690
1764137
48317
2697581
638803
3392176
126721
2172672
2736820
134003
2141811
415855
2993723
3143789
900651
313175
3608314
1617931
195334
1920502
3511973
3803758
2298538
1257041
1172945
3566469
2116597
2275853
3612249
451843
1396096
3715955
147844
979619
1591588
2250481
3851060
2497015
863599
1470276
3873692
914040
1920923
3481722
1545298
3272424
2417276
3746761
3652757
2303558
56684
1980288
1513113
3860684
1317691
2667680
1196804
3172619
844957
1817192
2869148
2188773
1837766
1064474
1437241
3932970
3063006
994108
3798105
3622301
1962326
1506619
2023437
3042279
571938
1095011
2045576
3646303
1439693
3602757
1542072
89781
2702755
3470917
1395986
925687
654920
3222099
3994293
1620662
3082199
408530
1000928
447169
516285
55734
2719475
498010
744181
1069260
1149530
3932677
504044
3141759
3307646
1390630
2940862
2075508
3573644
1676609
981361
2355884
788817
707479
607695
2922463
354731
326694
1046964
1401184
3646522
3556860
1547582
3112274
2085944
325436
2295429
3861071
3609818
1661909
793469
3698734
3573684
1081232
2374649
319219
2569113
430324
4002150
3829778
1730888
3812011
902470
1532381
2636237
584559
3705824
2037968
1343526
1526547
464656
2518762
1544428
583706
421812
48400
2287950
2444848
2841982
1508371
61920
3060560
2385794
451531
872940
1368874
830879
1574435
2981596
1884057
1243533
3646224
1749588
387354
2981269
307914
3915804
2400521
1705988
3700589
951689
2104533
2486633
677325
3609338
2971889
930193
350879
2382822
1210832
3809840
3331953
2685015
2660067
2981917
2061552
2404779
3203384
1037869
302736
739849
2047751
8947
435882
1844044
2452375
1969313
1669476
1418903
2777792
1314597
225388
2100686
398871
2357381
3028064
1784764
1684252
1392949
3486086
2243470
3880373
2658497
18965
740653
2181523
288950
2297242
2532628
1909097
2972964
1377037
3818674
442217
1421026
2418536
1686275
57350
3088184
3844142
363863
3088499
784656
3840261
1748628
205296
1695704
3291529
2897157
3628380
2952647
2284280
3259511
461042
1521058
1614562
3635178
735581
3801765
2729094
1751290
1637928
2117936
3067977
791751
3056914
207175
1272098
149070
3468361
3071886
1974541
3077674
2628143
1390936
3705351
3500904
1593271
685961
2823352
3284993
1880039
1145916
1949832
977450
980064
3023083
3835561
1713026
1508099
2058841
678806
1961481
1007701
2029325
3907312
3329284
2331047
2188483
2056063
991692
1996283
1821033
1756718
2814981
553922
4006306
283274
2052236
1732924
2591450
297121
1007602
1624942
3692241
3020489
2203964
993939
2053257
3946760
1554610
472685
1688956
2282243
1356340
1532328
2143734
2290176
2932507
1492591
3363144
1174453
2356403
3130273
3297859
2919203
2502095
294867
857170
362599
3767765
3354020
269935
761222
1391421
3397899
3125631
3410808
2022218
1736283
1667436
3728289
3081185
909566
1126502
489286
2077869
1612655
2594886
1468930
2232721
3951134
1975838
3830707
3678104
2103265
1839448
1478918
21420
2794046
2836935
3875207
692943
347444
251641
1492204
3101699
209522
1940120
3734951
3262022
1292115
187463
1160859
2589741
3643473
3877370
537038
661005
3360012
2170318
1329502
871611
921118
3209301
59581
632416
3859920
2815885
376208
1604308
4014804
2931620
2290492
3145267
366750
437224
1669712
441889
3400819
2417562
3746289
1050525
808613
2614404
2415820
1156677
1405549
3076292
922643
2748592
2944267
1885774
2083
127822
389463
2167695
3216136
1890850
382002
2387494
1107852
1832020
112616
1190583
1206415
870761
2176522
1272378
1538429
1866157
2252764
487278
3207113
1422337
323611
2273310
236561
2815283
103167
3675487
2480007
2338194
3254582
1121568
3708934
2602216
3191924
1133314
1692639
3498873
576993
1652217
715301
221198
2194663
3727403
2867305
1902050
1993963
1188734
2738473
3902822
1887774
3465491
2634028
1908637
2457782
1445664
2254179
3589753
2207550
3723993
3907294
1243037
1365853
2674891
2674997
2093262
2798684
3656842
1050415
3727944
3014824
2882217
1068865
1906798
3183527
604839
1849702
609936
3731976
3130016
475633
227776
409155
2202093
178001
2408235
3560380
49777
3852082
2761827
32170
2823809
4009363
3200125
686525
456899
385313
1863067
2826810
4013173
3875770
2530832
1494918
1735269
1161837
2669101
3859874
390336
1088072
3228670
383994
3109264
1407595
1419646
3241064
2891629
3769246
2592497
3329254
3298422
3319021
890846
4015782
2980702
2856816
1440599
3178697
2161920
2536027
123774
3323817
3198046
2287997
2362561
851855
978671
3806329
3741140
1667486
3346899
213888
2427769
612486
2946930
2140981
329688
265227
4015427
1644018
237605
236375
929477
1267475
1978468
3313540
1930729
557891
1085777
1955749
3206043
1704223
2991599
3399210
531043
52563
2268042
1147660
1447589
1696446
1128837
1612303
1114925
2426172
189210
3897847
332526
2663391
3166295
2046626
224629
2665195
1814317
2034213
1297646
75547
2642747
2024034
1846071
2102442
2653071
1519081
2438646
1023014
1627341
561434
26656
1295263
1961914
2719380
1228044
2399742
1318514
1898101
2411607
334168
3784743
929198
1372071
3661035
1269722
491331
1076229
3075930
1415796
3514303
360674
1521353
2968679
2513543
1212981
1215793
755180
2474683
2508536
2548979
1884079
2199216
2670125
3337010
3522563
1847239
3891422
2991671
2153033
1421161
3129048
685276
1911629
1597081
3426445
3531237
4007930
1930689
2667854
622961
2926077
3074462
2304941
937172
899345
166426
3285502
238269
163506
2189009
401726
1674936
1682160
930624
2206860
3907645
2247499
3683376
314414
1074810
3673692
3979898
2509532
3674994
1054738
1173610
1241144
796407
1044799
2426879
2253446
2714842
2211522
3803460
293660
3418842
3186542
1592842
3682699
1761143
980619
2921147
1965344
2610417
211890
922479
3875248
641187
1291620
2070710
2568892
2862740
1655249
2015902
2900653
2618009
1500199
2277680
38084
3520016
919790
1984682
3549173
3613188
1412733
1337852
2605004
3668454
3586401
2383292
428798
3023468
3465789
3800154
1414751
1185739
1520564
3746965
1217413
1232550
1898132
1901266
779068
625491
1788859
909852
538966
3220006
2508019
314231
462010
3982682
2549935
1118392
3784668
3064071
3671208
2118902
805661
2084673
758788
538644
2038019
1341757
153977
2129658
2364375
1078717
3338307
2944545
2802874
923979
775618
2872323
511084
1499589
1258881
1043195
328246
1504538
2575783
2107673
1959699
630010
1005159
641155
3886669
543522
2235995
1460619
1107373
3183056
1738857
1826443
471723
1669532
2430427
3891861
215423
1425386
493033
1933443
2734050
1554413
1075759
3268069
3613998
1114012
1370644
3532577
2850165
3102673
3510767
2401552
189876
726265
2355912
2432142
3269835
227763
2407368
3417646
3952432
2673281
3432837
418716
2700827
686665
2507617
3380985
1320321
618613
306305
2344126
734003
3689686
2467432
174100
132892
2691948
2892807
3809978
540175
2911323
3947154
3116628
2402792
817787
3338834
2190635
2426275
327583
3405393
2579758
2957747
819785
694367
1138173
1300473
3772031
1262316
2111329
2671586
3350475
744259
2844451
245797
3113527
395155
3583608
3479093
486879
715915
2102579
636839
2958944
1189863
1184947
3030302
3655892
3637318
3977803
3377064
3102698
3476823
2057089
3861526
3918975
3009664
745744
673613
2332538
2078691
1388861
2816970
343024
2055261
1742884
2808344
3738326
2174603
1335839
1289230
3759261
2476244
2736036
575380
2173865
1693902
2565134
3373048
3531398
2975657
690981
1965999
3352982
1964616
2327018
403548
983719
1313152
2630328
3414408
2143287
1583820
2525762
1306942
3951629
2169250
3861998
2532854
2370818
499195
1273791
1235964
3738864
332887
1618870
3317474
217372
1422382
2708076
3207709
3542239
2057952
3382729
3241427
1844306
1583423
498313
1132866
361306
3725635
2669536
42724
36587
520739
3921955
712067
3472562
3940069
47098
335842
1439825
1066998
2465134
79345
3783704
1984632
2140338
2201182
812240
2215811
3508245
3928338
3978842
2719850
503799
360859
3752853
3264958
1230440
1673678
681876
3931297
1560484
1755709
3799393
3065780
2472137
2789963
3312111
3804075
1482984
3597800
3421121
3715361
417325
2004624
2744448
1345458
1452748
2627937
404741
230627
3881659
2674566
3075503
1656548
3179696
3420255
2045696
398869
1743033
2230928
1619369
1889046
3417183
1350045
2773873
1359989
2027489
209002
3464255
2275055
1599607
2348205
2595163
2770108
704840
1657079
2841149
2083827
4001949
1782721
2096817
464777
1279171
2131482
2476586
766150
3096915
1542721
999644
1921755
93011
2356341
1278660
582886
1000421
1210265
3263734
3300752
2098025
993530
1937007
2620791
2579041
1667665
470752
1102895
3747420
2887142
3692000
1938755
2819092
2075573
3773864
2771089
799712
499333
2327651
2925813
980749
2832199
2701711
2425815
2075154
427562
2240082
2989433
1735644
3816038
3378262
1911465
3295883
435849
3008849
2645304
2072308
1038675
3989098
1717118
2152039
1780890
2826026
1856236
229829
1698437
150244
1745064
939244
2341768
3641747
3127238
1448894
122945
1234241
1672417
2212051
3446120
2229908
230543
3221123
2948564
249880
1914248
136033
243475
847910
553493
1026129
1324033
575472
1970138
2834560
2777953
3028496
3165656
3129695
1134165
2251696
438472
2044961
2459616
651450
3320945
167439
274677
3495139
1417006
3803765
1148887
898904
2321854
877351
5374
1588034
3702836
38834
3156962
2854559
2943300
501775
2216448
2916632
820022
2793268
3473291
732167
1375396
717073
3251765
2841669
1309504
2093673
857787
3825941
3704600
2640989
1070433
2168273
490651
3253246
2267850
2282737
1712580
1771510
2992075
614698
2323851
1050356
1294245
1205292
1121114
3010250
3746793
260829
737507
2349605
488840
2195368
1870267
502300
2216583
444740
1387009
567064
1354916
465177
1879624
1446694
260685
2414495
2770734
1384181
570170
3587588
3496941
2724589
858722
1853513
1591798
3152338
3041953
1831137
3100726
1994350
3487555
3230340
3507073
445179
2064921
1894105
2037174
1499403
1996716
278458
2992949
113658
3473882
2007920
2273217
1228671
739087
2194439
1279225
3961921
659497
441358
3879074
3538455
2888193
601544
3548307
1530813
1255205
3681086
3008705
3601834
2314198
3912498
3389645
1545049
3902367
333395
740281
2603951
612339
848363
3341315
2003318
3851850
455064
941580
3982840
1710546
2039044
2473574
185565
3410710
2356036
2959695
3167146
789039
3034720
2744770
90218
3073275
1480782
770565
548624
1969574
1811615
537551
2872766
280648
1260156
3207374
172621
436779
1762983
528117
259974
1506570
3466680
874550
1739460
666955
189596
1322000
1412398
402089
1144469
1010187
3263904
2303775
3592753
1096062
3319936
1245435
621713
2091883
3651271
115164
38796
1779481
2076845
3221598
854931
221527
3328451
3880095
854673
3601563
320236
836301
1348144
2219559
1018130
3180436
2565064
1058562
406437
2877203
2854440
3006742
3668127
2056142
3415478
433857
275460
425387
1976815
2062856
2293902
67594
2760437
2668216
3285611
770997
3838507
890177
1041575
1162625
2995992
707953
2240209
3839444
60889
3136951
2465607
2658682
3937649
1278081
2892114
1768647
2292924
1756569
38773
3627106
2794630
3438123
547448
2358577
1462737
2451513
335562
1065973
2132323
2662505
3738522
1558084
1082357
727221
1528351
427647
2740107
2120939
215456
1875022
3311285
3568649
1436682
1626901
3190516
3802357
1877857
1406119
1819301
2397205
481477
1352654
1138081
2792964
2786811
3263292
2947549
3996107
3761309
3184809
1398583
93891
6626
1289099
1466103
2139337
324322
59428
385334
2027798
1651733
920132
186526
1864066
398519
3206499
1729219
315332
2390976
802527
2028056
3086077
198375
2655512
3267124
1145867
3781519
1740883
2588321
3313057
3802027
2958914
1832882
1019215
3872387
2517646
1269516
2527034
3176325
469166
965272
2614795
1955542
1965525
419016
2258126
1937991
2342547
1174666
3134522
3954546
678049
2432612
540057
359210
2057905
1996692
2366068
2855853
1681285
1522010
2966708
3236333
405538
2739242
2228505
742021
4005189
3251278
3460882
2112802
566403
1030435
792876
3162100
2359693
3670764
641817
3602308
1640638
3635062
759133
3567882
909700
1478601
184168
3195460
3196439
3396370
969183
2092272
2538612
58670
2016789
3257158
3490675
264186
1950800
492551
314049
1953579
1045503
1494729
1052983
1144290
390084
284300
239686
1385481
1067212
1061793
2898188
4001318
334688
1402120
3240195
1614349
2825276
2727830
3287433
2628306
1860352
1321021
4008928
809136
3552861
3371923
1093463
2891616
1743357
2990647
813431
741644
2988677
1610787
3524917
249614
1029478
1115186
1155589
3834377
2667690
3412472
3436056
2802183
2067940
1498515
3870625
208319
2195702
2145904
3223566
712007
428175
358363
3374789
909667
3494722
1954618
48903
3929657
1721301
954704
3943060
105255
1017640
1360361
1024548
395135
1527083
2715103
3905107
1898576
3056884
289845
3059695
2443697
3571892
1797973
518575
2816515
527660
808551
3012375
3511503
2476438
2418662
1952401
129760
261510
1446817
283828
3274116
301915
1796463
3613096
3454443
2262492
2780835
80461
1990275
1855253
3304055
1613401
2717036
2540580
1394068
2880731
2266831
1477574
811660
1602971
743303
3126932
1457112
3439715
2952658
690461
2912906
80639
3830659
159343
1743326
1775737
774403
3224419
2137100
3505417
1942053
844937
54420
544507
3592406
4916
2860074
441153
1808495
2518287
3831534
222552
741423
1919524
2901423
218560
1276436
223128
605858
1049308
2655070
1118602
3463377
1898950
137079
1300393
3405802
101401
557762
2307875
761366
1931062
1817266
3843676
1663905
1640030
1879543
1788418
808075
329140
3312624
2549300
1059989
2193039
2728514
2752976
1729208
456578
355770
3537489
1037951
1126493
2673709
1042702
3732436
2769919
2615996
2555274
807780
1406686
1637061
3629609
3271057
386920
272258
555713
182711
2132560
2382229
2323929
2766446
907376
633781
2220918
823941
3457162
3387224
3996676
1423044
1293446
3435191
212006
988502
3327862
2210976
3689852
3465754
614309
3490813
1112784
1463043
1824013
3969511
1929075
251353
1799004
2777014
2957110
3372197
3195710
1889310
2563355
1989198
1668003
208040
363796
200477
2559634
511566
2789411
2407857
3514809
3772654
3440280
3584148
3417779
50401
676922
138734
2825658
3078026
1059613
3455478
1217337
2586103
560106
255740
1536583
2868151
2901682
1193121
2747632
2271116
664936
3730796
1337395
2669426
1106938
125380
3265766
1446945
1994568
1055611
3000861
3326287
1310671
1108454
2032430
2263849
3848944
474816
2016793
4008601
150322
1910805
457355
879022
3084202
348522
852219
