7943873
7763837
302987
6971340
2369792
6279072
8118071
6308385
1193705
7557358
6918852
4917611
9062285
1893738
8861757
3241603
386731
5164361
3825107
1732351
1394768
2868310
7005291
663724
1066115
8105788
1631754
7227114
8678765
7324688
4954759
1178173
2935628
2999574
6654915
33998
6978188
4106792
7846564
5883172
8683749
7235333
654168
5660594
875549
4979078
5554221
2255951
6158281
3314041
372111
647397
8741516
919174
8013594
5271751
5872270
7153504
6124267
91711
3488187
8459711
8882357
4346875
3546506
7560441
3017416
5013552
3641263
279239
4148565
4162489
2833288
7478295
2016157
8198868
6550621
2085006
134825
8583293
6007610
8287091
5193103
4472677
7483581
4235479
2926878
5966249
3084664
1491293
3439411
6778824
7619885
8522746
1935018
1253410
2194871
241534
3462745
5395316
3590079
8839221
5459285
859698
3555836
8723598
2418657
2291368
6937856
7822706
2892962
4853670
7820282
5556478
8560822
1721136
3756950
6480304
328897
6741736
6751416
8478802
5852517
2567012
5916669
3321262
4453189
1779091
3642399
5661645
2406115
7896687
5554317
1115034
3413207
9116964
7175924
6451643
4900513
2175897
3573013
5506417
7924889
6792612
8009800
6484779
6837817
6604129
3152664
4427601
3098401
7139389
5827101
127704
5172174
5332423
4692148
1052220
2082374
5712625
2709092
4791220
313894
4778852
2406125
3748860
2471392
8463481
3405263
5632694
6488612
3357762
4037290
7508393
7222857
2447021
2712272
239553
5945226
951801
7754997
1137456
2820725
2314082
9103102
2495528
185477
6548202
216209
7788390
3238288
7202317
5234333
7386978
6816430
8035311
7437648
5891701
2018804
1311281
6402067
2555686
106825
1062326
570801
8922958
6358620
8661446
2998127
5934893
1382713
203239
5507390
6906186
3001700
7630920
2590690
3428869
2305179
3541523
6115042
2671708
1166259
5783587
4366339
9007963
5344060
3558886
4677721
2600424
7872642
1790969
8114935
2961654
8530523
8894263
1246277
4807822
9114207
2796005
4579761
6090835
4986030
5668252
1985960
4562892
4516268
6029310
2443768
5685802
7991620
4029325
7467479
6451550
4445497
7134200
6379085
4553342
7307426
4300089
5812438
5637241
6302360
4294588
6492572
6097558
2189267
8514471
6677671
9250803
8614026
4855706
6024599
3222876
3577073
6400828
4282655
606179
2774058
1687821
7738465
7007764
797568
3254494
1195725
7492842
5990120
2146456
1552818
4580104
5552089
3213296
1426670
866173
8328369
176380
6768860
5526183
7102698
3329817
6719250
8128377
9195634
2823477
224288
5426516
3040768
8267291
1161637
8957627
7810818
7814758
3688815
7856585
3592768
6855626
5332583
7213740
717883
8658782
7195677
5292380
1654381
1616846
9031850
7099876
8091912
2822810
1692326
6310013
4981343
403444
8593311
4101936
7869401
5060050
7968669
4332903
1265326
3013880
782118
1239366
3054356
8772074
1553526
7448721
2677634
3092745
5724519
4068157
7896970
1083128
7766614
3128106
9146596
3511455
6223468
6990567
6544168
4691455
5216392
5432313
1357283
1545845
308094
4706038
2104028
7028762
7002717
5722034
3958243
2597581
7581420
4567827
4057902
399593
5979044
314090
871800
6249846
8670332
4914570
4393306
12172
9075463
3971953
5901935
3918488
6889926
5592422
7083047
2411422
4125410
2237676
8724306
6991068
6640232
6744699
2811245
4016350
3544895
5089078
5741222
5765536
5166308
5590462
8011938
2247612
2160733
8082297
6725681
2515307
8067671
5239514
4297489
6374729
3928768
6779889
4546949
8903899
5074988
5459736
1638080
7914127
1749133
9124422
8459167
3229528
1864101
5455564
6570656
8801460
964920
2656773
4578626
876168
7317061
4317375
4705937
9167731
8903091
8880522
9091786
204385
1545462
7252747
938583
5568439
6450818
5565199
2900180
2826529
5215880
601030
3035233
2736545
807219
2496477
852273
213532
3180130
1643533
1828793
7969135
1876493
5038373
4425698
157491
6725380
4191494
4228654
8188932
8260449
4166071
7987094
6774971
4625857
453422
2197840
7771521
7385225
582878
5458860
8833071
7614492
6008600
3973551
5209223
8277326
428630
1534791
8461276
4314999
406748
3322436
5243099
8853852
469562
3021125
5533160
4439821
5194294
662281
1201212
5026998
65337
7940369
951134
2657587
910949
1359589
3822174
3060923
7937427
8789999
744146
5392696
2196375
4865533
7782990
98815
5753927
8837926
245464
6631207
9175852
7643705
1397200
1385108
3148270
5565350
3150536
4591250
4915151
6717334
984730
9007055
4314505
4889126
5608045
3992335
4355321
4372960
5349505
8566367
6513150
5429393
7367139
8459310
5524404
1441162
2685430
4493364
9068436
2962057
430426
3319154
7958943
460751
6929494
3523106
5534012
501614
836075
2270509
1761998
1959305
3255409
7148133
1762461
2644835
5323801
2174005
3811422
1715949
543936
9141204
8386483
3505526
251458
5310412
1760584
1389578
7257318
5062992
6536770
7124290
8747178
3082092
2258793
1491810
5174290
8386167
4216068
1030422
5775182
3821480
7939637
1728390
3411832
1651133
8046902
742752
8709793
3135637
6865701
7864019
7898466
2179947
2871002
6643843
2289787
1700524
6503508
5768928
4303169
8462782
217085
2074679
3364638
3377955
2984081
8585937
7991269
928929
6111512
6222152
4511487
1651028
3076243
4820875
6529159
6489203
3911177
1222277
1379344
482536
6777160
1271839
825331
7831834
9031511
6358500
3064474
7247913
7813702
457302
2861728
664970
3239667
2596587
3800798
1406668
3660195
6519747
7014297
2946775
5446584
7555555
3199010
192033
2333807
2456824
1310226
6341438
7722024
8954603
8456609
2685508
316524
8202717
4366145
1456931
668957
1609003
5612180
918053
2846642
4051034
7947541
308317
5296806
1435886
1559875
235607
726619
9188475
8712947
4950355
5717094
4681830
5561133
4649423
6180766
3857496
3013336
8919561
1755144
5142743
6543369
8789906
8724284
593812
6863503
3750547
5174976
4306481
530000
142019
5189300
4327140
5323874
3816606
5677391
8696390
2980019
2972116
2673353
815295
1628866
5370378
5618790
4067513
2091282
4234330
5515375
7747884
780159
8438890
1423028
5251167
3488197
8105265
7568299
6985557
30046
8414781
4524389
2680147
7401645
4455049
1428499
149202
6399310
7628390
3448052
399393
3549621
6322710
1131191
2074770
6981904
473569
5554004
1322516
2647829
5219826
7660032
5891104
689262
6867532
5298211
6217114
7654741
3054908
488547
3394058
5762744
6592308
4437802
9119587
8589823
3138028
7971599
6665366
182982
277039
7272063
3680534
1258930
7753758
5087907
3045958
98406
3056176
6814336
3120657
4948799
6410457
3353690
2172675
3623713
3972355
7260545
7284312
4772877
4590963
1579846
9170447
657755
8311359
9126919
4985584
744700
7236548
5736950
4306819
2073305
1162753
4087291
4441396
755972
2406064
2749723
771793
6940080
2767873
7521150
7182396
6581744
345728
4008157
6460280
3360054
321682
4752515
8347865
2259852
4347456
3658743
1723971
3747936
2406827
831714
7074065
8235581
6050376
2885524
7618688
3437845
6753547
717801
750078
957522
3919246
8416530
5045451
678081
2567583
3213481
8587595
5772301
2169159
6968498
2322492
2001577
3144227
8996685
179585
7082134
1902605
2342229
4261312
6785755
5888353
219612
2569444
4135188
778375
2328229
7473784
1490440
109281
9059684
7013122
917888
4219492
164634
3567358
6679674
8896107
7980645
8604960
5948482
1382541
1949499
5536808
6742975
8297036
5122651
2631334
8031642
2951524
8895450
8208696
7627971
6950315
8717052
4363737
1474924
8658215
5963793
7008200
3669414
3304856
4549331
8153752
5455570
4369399
1321198
4157558
5379037
8979229
7440561
6313123
3549165
9068076
7104600
6455130
1969587
3820351
7778591
5679029
4266130
6247315
3061362
9259730
1323666
2651626
2471453
4239948
8905615
414712
2235046
5101188
1953083
3829421
5974806
1511163
1565387
312468
9140820
3276848
305030
8024670
5168148
5265435
3244925
9083720
5684466
4567794
4293628
8374164
7198126
7513442
2369370
9215102
2631150
3340581
1301742
9085441
3147470
1926476
8630799
5139402
6147841
3378875
2670907
2444824
7801166
9039379
2948974
7059140
4875494
8038443
1689506
7353394
8340370
811533
7281090
6965330
566445
7048211
9022299
445229
5906140
7976150
1859923
5358834
3331119
7568824
3621585
4804953
5713147
5516354
480223
198395
8066958
1962013
3420440
7642640
8802321
6460752
2418238
6039557
3817863
8010244
8161700
6316253
8084009
70278
8126798
2175376
5731819
8411229
1717158
5242102
252607
1333713
467395
3351749
5651197
6614208
6231788
1749529
8386815
5307858
3406757
1482538
2692673
8109024
4546535
5203694
4553458
2754251
3107079
5896721
591556
8649560
9231046
6231473
3799234
6880899
3690956
4334011
7376956
7585846
5817983
2420961
5355272
6462358
7759048
4717536
4425785
696288
858008
7612569
4435758
4951178
2535113
5215424
5290442
601601
5251324
7055532
7842327
7344415
1133678
3084346
3316139
5495536
4175356
5998382
1976666
7797092
4132047
5154524
7997713
1453583
2279875
2714662
8693309
4271827
2471147
6800265
1134875
5144596
5515207
3524213
3216400
8910317
7043980
1063630
5102328
9077578
8544856
72570
942234
3660217
2447841
1370760
1474093
2909613
4848326
398064
6975907
1207363
7815573
8662857
2105307
4684928
503208
8347575
1685841
4659200
5845979
4451607
3774630
7027124
4553134
5303713
278107
2976544
7003742
2428867
5360507
6434833
2877403
7074570
9261447
8448975
907082
847065
6092856
2595014
1434010
8556488
8035500
78718
2472327
1714368
6128361
5698705
5006540
220117
3447558
8338906
1241929
6092898
6967095
6270944
2704856
1778391
1757972
5623424
1888645
8109833
7869855
5861946
6903022
9184648
2820403
8421710
4151810
8498672
1738129
6891250
1195916
8046626
8790257
2250452
1949251
3720319
1547401
9134161
184553
5937029
5390996
2689503
6870231
4717986
9135236
6051974
2944771
4875364
1495485
3527968
1592395
1231452
3066390
1224843
4028873
3040584
6077247
8408104
5795146
1879765
4968818
2589622
2173887
4832510
8182842
9042058
3908580
4843664
4165493
7380855
8752306
71895
7795165
8500661
5497154
8833158
3763147
7971419
4719627
616486
7123355
3386947
7738618
2239146
2584977
8233025
8871721
1852344
1313472
6683909
8121154
1755400
324285
5004777
304737
958243
1772953
7450743
9084295
1268932
2863503
4897401
7355090
8995101
1007688
5134897
8562342
7186434
463014
7891016
5599455
4287817
1125447
7520724
9210671
6697415
7442526
3711381
3175303
5403640
1651289
3062876
5586340
5311107
7067386
4269423
105237
2293431
6265610
8844049
2089592
2782334
1361788
4825685
4999405
3934098
2757902
9255273
1564815
4412594
8347422
1586920
5099656
3641817
6749660
120968
2796789
4070021
6561183
3657337
346821
6150833
5841311
6417233
3671229
3050579
2250802
9182894
557367
2763864
5080903
2515855
7439135
4094968
7561894
9232336
3953443
6888696
5492992
480954
964471
2876644
7868331
185216
9187392
2321792
5853085
3010526
92359
5440683
9265464
1163328
1559498
594684
3664020
7129937
9014017
2662667
7147397
6838746
4716008
5917484
558051
7965384
4621025
1358213
4898739
5892519
8618344
1098791
8048330
3897255
5893877
6280548
4711204
4464595
6472609
3167746
8522017
5561000
4410738
1908850
7525114
5565276
1083294
1333711
3103341
3115576
5257440
6458398
7186757
8971372
8593811
4103038
8761607
3784401
8199772
587872
5702788
5072617
30019
6025160
6719244
1184041
9017552
2121270
6690937
4978564
8698419
4304258
3635117
2465735
4673815
5463010
8886263
2616399
2517272
6448715
1829353
5078193
1896376
7028401
6286075
8739145
3867143
7450452
6965359
7852725
2088203
6327690
7406060
8462615
7247915
7568907
419165
200383
1337849
6306343
604837
8718021
7598319
240375
4270817
7492431
5172491
763119
6525577
4143002
8056743
6501589
8628422
841490
3346991
7780995
4284151
6275881
8935649
2915421
8056287
1872960
6076398
6516857
7268540
4664850
760962
4440513
8232228
2930309
2083550
8238611
5875348
5931942
8362165
1043728
8469910
6729513
5522440
8213181
6265244
8023835
3163653
4287155
353503
2402283
7356703
3121669
5521101
3862445
7698736
6881628
1326418
2437656
6620150
2939729
4079100
111413
2297797
441669
6355557
1977657
1051730
9103873
8944842
940421
6920772
3307951
6822066
1023725
8235547
3138338
7112892
8715032
6392466
3646309
658756
8425262
2934106
3363388
1478760
1695217
8227270
8263928
6621488
5361634
1395314
3680858
5303272
2277693
521701
4482381
262104
7786162
2095237
3316085
5883168
1949693
6269294
1630686
2676225
262180
7105881
4008260
4135969
7164094
277699
7011638
301662
8841494
4011581
8466172
8122090
3446560
5823384
9238615
6222133
6196485
7687106
4317934
7844743
4466750
1080277
6350020
4081570
614669
8341358
1698378
3541714
152104
1396615
5538378
4993040
1338978
8630474
8598351
8534632
2172881
5633253
7979011
4998486
4295025
6937792
4390331
1706990
3530374
171738
1832244
5601467
1667276
1936324
3904392
6281451
8492493
3714835
240144
4987612
5954003
7182416
1886789
4203100
6997782
9027430
2008572
1431911
4463393
7383245
5628829
1232693
6851703
6138019
313071
3500818
6016697
8470366
5463688
5193391
8648426
5402021
8756695
4196668
4358524
2037310
7191026
2920968
2352801
3911402
3574091
2009742
6305953
6542484
2599108
4842942
3848068
7166979
1703495
5095275
3904274
2287867
1805728
4104954
8111226
2315880
1645227
3154272
312839
5105131
7830365
6424465
953373
4676740
6440908
6966243
5152966
8227434
114221
5468107
4318316
4888513
3645521
4106428
1832568
2320432
1542389
6813557
4649465
8387378
4850686
8982091
7200195
3198662
949812
7188761
9144807
4791902
8027195
796298
7457078
3973493
4461640
9211806
8002283
4779115
5616252
1211324
7964172
7648978
4777359
797186
4637745
7574529
121447
7331730
7512454
8519983
3046431
1312306
2799012
355461
2781523
8786137
6443139
5424907
5816073
8805623
8232314
4037074
2092444
7597541
6188595
2680265
2523292
6342221
9236004
5295100
8836039
5715821
6690563
7951041
7812356
2923879
1586651
7501340
6229184
3625417
2488021
5549856
1116261
1083179
9019467
7020555
8196329
5646988
6944927
626961
5022956
2248514
3446880
2688436
762
1571225
5745909
534703
8252186
2135743
4992943
1381881
2181798
5745118
7826704
8397171
5850257
7886598
1130477
341910
3072311
1764517
7742892
8263049
2570352
5384352
6869382
4627166
2853493
1631525
1430787
2369573
7148357
7821390
5164154
5968635
697414
5070409
167361
6894801
4330144
6539418
130890
8273263
667492
2527762
7896799
7459776
490968
9233432
5884719
4049521
6159397
100502
7817235
3902538
3845798
1982582
9260771
7066138
9160696
4500326
3741204
4550136
8067347
8577577
9163644
7057141
1695780
8952520
1979787
490269
7174145
7667328
439082
4677022
8566070
4755691
3905059
2037899
8353894
6439950
4929739
7319657
776047
97258
8238975
9176600
2316561
4586712
3363188
7953564
3260589
836376
1601680
4263224
4649225
5254448
1371096
4728632
8303204
7757001
188010
3408126
6466259
5371545
7623423
4029675
3744425
6923768
2550673
5821368
177743
1887679
173408
915401
4214064
1604819
697501
5672612
4962083
6034583
938523
523179
3129468
8884433
4534322
6443082
5322448
6796827
3117821
7805618
6398840
2276843
2104547
8041517
1617716
7095749
1802402
3357191
2140770
4874114
5670078
5343504
795785
5631626
2671864
8376942
4230519
6402148
8049921
6780513
837524
7227148
7419759
7568023
5548280
5873600
8027475
1192353
6371698
4553064
3191558
5985157
7806550
4262653
7028307
325068
4183441
7430010
5883956
2999344
6207156
5737880
5989716
8967618
9179323
7564616
2679503
3320091
1809377
3531463
1874455
3001321
2118916
8463059
65928
3914260
7919654
6359663
4179539
6916776
8506176
6264688
4535200
5933205
1713148
1157199
8961029
7120151
5890912
5630942
6896946
3426307
4549152
5196730
2130081
7718170
6709534
2683529
4451033
4370173
6336555
2172544
7096862
8529171
7544797
6185975
3160288
4557619
96119
5380815
7737486
8084526
1606889
2044270
6779431
6066557
487781
7772971
3326019
3670191
1257504
497411
60385
2086466
6763376
4988867
5930404
1932832
6012389
783304
2769634
4598495
2791784
2574367
350028
5995234
3314825
7735957
2525698
6040766
5979777
2878700
7766884
3919750
5133088
9025857
7883189
2228276
6712133
7647048
32670
8050180
8029587
3482883
4513485
5091212
6224120
710120
5833691
1477697
2748842
3282093
4268145
845237
5199810
1661433
787647
8424494
5422027
1139373
4431011
5503161
5325654
8171635
636829
6529598
9042389
4815347
3069271
4810018
3238729
2551302
9078692
4367359
5731854
2304004
6261154
5191400
1714880
2763080
7819712
8957744
3222578
5578646
6696690
576071
7424781
8332566
7095272
2210256
4872731
6887737
9253625
4864879
8642326
4131097
5530034
5857417
2465178
2255591
3242649
7042371
6176656
3848627
7314947
4083727
7124255
3661764
3579107
2593120
1782030
8838480
8787446
7283144
5736092
4842538
6779220
5084889
6446304
2304129
6298173
1675036
5827726
5583257
4196316
3926396
9023536
1937771
6610669
9012099
2942487
4152575
1076506
6541855
6107995
5263650
3121638
4696049
2730220
2548085
989199
8188507
8555828
1260837
3388114
7302298
3771362
7793430
2279019
1516075
4073675
3451048
5518966
9030622
5185551
8482413
1458858
2165864
7916519
260983
3681276
4711979
4632391
6625645
1587441
3678921
397270
701562
6274279
585074
8715101
746508
4144277
4485985
2580576
3727308
2640460
3405267
6007158
8992082
6072506
8942639
6908957
3826794
145531
7805126
1519829
2806920
8685011
2487122
3291469
1442414
4491178
2060307
8146722
5784244
7893406
8759388
9053208
6024038
2398638
3556028
5377464
1131314
1919653
1534682
3474683
555639
4748683
5108075
8629187
4183693
4624359
7821776
759564
6784298
5242336
4548806
6092727
8865090
6564296
4809074
3429158
5008249
778735
7610867
601140
6352038
5049927
8087664
983929
2283199
6672074
1668569
4013146
1273881
6750205
8342911
3965334
6830168
1184100
2967039
6704397
5954280
8735811
1253755
3614912
6911314
7243614
2797673
5015021
5894287
9117686
7278072
1873622
9258315
1999200
7555040
8871514
2702913
1716941
7202485
8709583
2336071
4759570
7929819
3320039
4005444
3238163
251827
6220035
3349616
5381807
9077938
2097787
174121
3723196
5648645
4138230
1019572
8368511
9189508
5238235
5430660
3112516
1114224
6096284
8441699
8969676
1191232
6092296
5119315
7880537
2400690
3200195
1058763
8556949
6029999
5994814
4122226
5117788
4129822
7311632
5401167
88296
4370728
3331977
1661437
5599697
7366569
9088926
4075681
1946444
8249860
8859838
7065365
5876504
4102480
1273017
6777154
1197531
4556589
3042732
3166042
3252402
6918159
8146202
4766457
2571559
1261401
9199989
7918274
6732301
7283130
5784740
5561221
87113
3795829
8384886
5760736
3619008
7288902
1297238
5358377
2969282
2538564
1774163
8910628
7201950
2496123
75400
4478508
5638439
8643550
4573470
7618847
2259019
8891965
1000863
1776930
702602
8273257
7401892
4182936
6212054
2504123
7544390
7129385
4513855
8839007
2810935
4013546
4486591
2802286
8370605
243031
6163200
1562790
8564664
3846122
434087
3963669
8948755
8110634
7291714
8579790
5886256
2721640
7005880
1105990
9190453
6807411
4892908
6915648
6044795
7242612
3493535
2416590
6972728
7662086
7757600
7067815
5079090
1578996
1702302
309126
2385746
3429682
2514533
3797762
5752372
6357203
2471479
1196670
8995405
1938726
2816909
1320010
1105944
6816625
4437175
4747340
7701688
8965052
4833871
7888879
4583807
3761879
7939650
5987806
9103234
8214207
861254
5228600
142452
7117372
3185102
8819545
3377205
4073466
7744883
763246
2815123
5295901
2753132
7834495
4137231
8276576
5239850
3950599
7367704
6760763
8147128
850204
5423441
6727230
3535176
5033659
8796907
5665373
757016
7997601
1939410
1705807
6782457
189387
2873818
3177615
3783134
7681618
5204507
5435992
1835528
6620139
8955733
6494967
4462632
7978642
6047655
8430932
2064191
3681684
7520184
8876739
564905
2254474
3376701
6220478
8802028
8862366
8477387
5828102
4623002
7361881
5898611
1500471
8791743
8000706
4722237
814646
6663452
2145046
8677686
4503923
4654464
5410164
2842336
3659860
1255996
2108466
7129418
323034
4388677
5601607
3136325
4473672
7835001
8908412
5332625
2494725
4393203
5813857
1954138
8789521
1070994
7080825
8337212
3171121
8802660
1680707
6164100
8578312
1675099
3447977
3213258
3266121
3106332
2395177
9135454
7088036
1331144
1466060
8547375
2119648
1242207
6729185
3588233
1976693
5337635
4733337
9258268
7306216
5499255
7409545
2855667
8939014
1317877
1703501
2621432
8506557
3732778
7251134
5432417
3992548
6390860
744878
8522655
7286471
3955706
4953572
2088345
3001762
7698508
6889821
4810136
719550
2871526
3486416
2142253
631366
410797
5014574
8625855
6396407
3798357
411485
1183621
8043138
7555800
3801443
5538673
187577
4641497
1381286
8258989
2220467
6439755
3914179
3771256
7642796
464904
5038374
7685058
7368478
7668930
1944045
5910254
8674135
4185765
2213809
6101231
7034295
122578
198033
3624368
261603
3610008
1921064
7495748
191013
6853966
4768192
9167473
4976195
5952932
105440
3950667
3532215
451927
3910249
699646
8917367
2746258
9235817
1654669
371318
5881162
490312
8044939
2512815
2689889
5134765
872646
6472786
513716
8599217
1586001
7508442
2978515
5368695
785596
71812
1932679
6301437
4331930
2665650
1035003
615903
8125600
2053775
8516366
5317133
1046329
5567122
1166917
5306832
5698630
6983238
3474254
6714289
2612685
2320824
6780924
9172807
2153767
2657620
7661266
3761537
2060481
4831995
7411346
8947558
3727275
1228503
5036974
4065719
5424278
4259589
142733
7222760
626441
6694841
5017931
5670278
3226026
4129121
5793022
3622893
9252720
2961660
6935699
69345
2468177
887614
6463585
6404899
6522017
4290321
7954521
5282810
2386780
4164381
106593
5111841
2242199
5242731
5730106
6983501
5975920
7034790
6013623
2567847
6680479
3194567
4211219
6572517
3317004
5064905
7602572
2007397
284834
6358062
2632741
4056420
4278388
3240828
3790241
8084367
1308436
3159154
241579
8788379
3530435
5180782
88197
8238502
3264642
5223677
2494809
6163015
1218635
3554465
7150999
6749482
4294614
6026670
5956435
4439658
5943273
8417355
1566654
6688079
7099982
6071797
6920913
7069013
1580716
1892709
581207
8991463
7144119
5238231
7111722
4164203
3769099
5304612
1141265
2298628
7742661
4179291
8749257
7806729
4796293
6970452
7603193
6736101
7647023
1665120
8497650
4567107
4166740
5952440
8942882
8325987
4676843
1187662
6582371
7504541
1181389
1196510
7787037
6565672
994934
6250463
5423767
2867667
2784035
2807676
3461193
5673184
6677315
4118328
1939869
7142680
3140995
3644492
5229132
71278
2686520
5276881
4426311
1950962
6860045
822621
5365899
4249057
8553856
1946651
1151680
2110724
2588867
6068593
7356168
1089470
3322879
9137400
3818795
8230708
3835010
7794907
6233588
4975936
1855040
4874100
3704218
6213555
6240555
6064978
8759705
7796216
1592182
3183666
8260543
4205374
507818
954225
6123654
4804786
4455686
6978551
3806007
2266352
1484456
4271431
1752911
3742108
941398
1073855
2696529
8350856
416780
604133
2675481
2139533
3130312
7746435
2541806
7058513
310681
5018915
6408646
419249
642073
4151494
7662315
4891721
8821705
7559441
8760435
2626965
7451748
5206861
3887257
3647172
2406101
5768205
4003344
7207708
7721278
8688165
6909846
5012971
5396788
4794848
3881202
1148525
1419307
8470831
4237162
576362
1244736
256222
5334901
1893183
170826
8474613
6445599
8803569
1541862
4970319
3152768
2289146
1354899
1058212
4477935
9049819
3724509
4514288
4397284
4027604
14656
8239644
7840567
6276928
4032602
2380239
7285545
2825646
7135256
2911607
4872793
1067929
453343
8518922
750748
124932
2222489
6145457
4729587
4882624
9172598
2013792
7108458
8786503
1283458
8493805
5549657
1075191
4425542
5754837
294466
438401
7176868
1844415
208535
4594292
5962816
4066780
4154892
6074141
5750432
4615617
270758
3618616
6987070
7653844
6366447
5812337
7216
4187024
3196369
835674
365514
4334094
3620063
1415781
6253128
8565883
6252702
6102378
1867552
7570739
459760
6491791
3063529
7876583
1790456
5148849
7517814
7963304
1869548
7448397
5272041
3075641
4108288
7711377
7498713
2360406
4405781
1256502
8904679
1859987
1476138
7326931
5100539
3935825
7004533
1850510
5421050
3688169
3058003
8384984
3938927
3125035
3187583
5882197
8665790
6559896
874720
9043254
1296616
5157031
8746666
1180394
7800537
8304132
2169887
7498831
3400826
650123
4282511
4085264
6399388
7910800
1408212
8031099
3663510
2584430
4748894
3383661
7096656
988004
3052297
1855085
4912428
1957537
277879
7547635
3260527
7170124
8276282
3122927
5459506
3890629
5802734
3938765
6486824
1115533
1752369
4833429
1336517
2566215
3666131
5504664
9045904
7442122
3214960
6017791
7563961
3301595
4742200
4593038
6498131
4700574
5052159
503058
5927486
1979572
3906623
281033
6623850
2692961
6585158
214257
1915818
3517007
260661
6793495
5477505
7567843
2313562
5105092
6217984
685149
4165472
5199312
5503428
7766236
5473260
2866027
5148627
7169830
4496794
6164832
9186130
5948775
2652979
8989223
1796237
5640925
5331044
2179104
8069933
2925429
4207983
8543754
4789489
2641567
3949071
5826074
6716845
632342
4193594
7894385
720455
7309652
5484375
1402640
6924172
1491463
9184766
6058798
2972380
3034223
2227219
8236265
7912280
1400515
1256063
8537083
903895
2048298
817346
3512722
5626406
5935582
132832
3221610
4921029
8887444
4452773
8720571
7797094
5458458
1909281
8780325
4634619
4992440
6804840
1397870
3050718
6323075
4121571
1112854
4145148
1121332
1771518
3260499
5729436
2324336
5300528
6137660
8317421
1231686
8305199
7262135
6600727
5260119
5486117
7260503
4705466
8558379
2780596
7627811
2022178
5827053
4070778
3558927
78150
2194030
2703756
6192257
6122122
8209130
4372895
4418795
4054713
1469284
6930762
1832852
2504847
1098750
2607262
3814366
7222336
593249
1399992
8743726
5733378
7462793
6409477
4368800
6210906
4961930
7885430
4917555
2009784
4044521
4228177
4511670
51639
2961425
8029842
1210123
1747687
3932927
3213655
1459878
5697180
2750554
3767125
8882232
4682169
4678494
3475398
3825560
1314080
3290683
3141980
316140
2329944
95763
8335375
5045904
9042225
3615253
358210
5813540
1033460
903187
838666
9258895
6207048
704189
84218
619316
1172516
5172617
5946467
7007476
6865937
6795057
1764793
2305358
6041702
3452760
3614015
1731589
1695300
1300929
8887975
2177689
3185502
7907130
3127293
9128481
8589743
1009407
6699023
2306935
7689108
3247539
6487616
8701211
6287546
1307760
5284746
6774880
5876154
381803
7878874
7053115
8800492
934870
6187398
8349871
594225
9123817
8398067
2931532
1743935
4263450
4231454
28873
3411060
3284335
3842050
5261870
3293736
4116176
2155437
8475434
5466727
4184363
9041051
4791943
4098671
3157424
6773338
5304359
7735248
2075041
6088681
2642876
2742454
6321371
1003646
2768207
1813824
4876305
9153459
8343805
8824437
6648421
2916902
1781810
864792
3645541
5392683
1938254
4545094
4877535
2866342
1751373
6878845
6538489
1711047
7349837
1625197
2604890
5990683
674469
6429199
8206968
5175532
6416350
6685962
5646977
7865576
8928492
6175393
6896255
730377
6784693
8035797
213239
7229352
8966249
2002432
4351807
2827713
8634074
6965783
5487659
2185992
8147156
2581480
2135768
1928612
4791455
4815442
1158515
7347836
5302344
3286444
8141585
7436881
6941019
1169111
6684847
1414777
1437308
3435235
5854734
3414914
4318045
8826913
4915089
956953
78061
780353
6371466
4628665
8662737
5963855
8738527
1876913
6247552
7596650
1114744
7118299
2342161
6592125
3341815
7260635
9034795
1975334
3813441
1790071
3009412
6945004
23177
2972429
1433449
1021717
3086555
3440512
768383
8556665
6070421
5994317
1486519
763175
2157146
742432
6271380
8982033
6907159
5239562
1929702
6628591
8769059
4262025
5509894
7908317
3202331
731007
2193317
4107111
649525
1795576
3833895
5071029
8631171
4496845
500818
8384290
5953608
21873
1400705
1765806
6432894
3846378
5744575
2646249
8656156
896089
5491569
235150
6836952
8339031
4648324
6267807
1645973
2298151
2648907
700689
7509281
549463
6153845
4400109
6651228
7315723
2395374
4657564
1270533
2269882
1254563
2601757
7798976
9085616
129369
4261623
7120374
2605553
4977941
7248640
311370
3376677
5191162
4498050
1710222
3921477
7933825
912196
6443322
2931301
5361259
4618332
4133352
5956994
1096625
1274722
2053151
6644421
1887314
5217365
7140346
5554184
1939973
4973341
5170468
5204433
645526
4728750
256182
6076293
5700112
1618685
3878279
1655100
7200147
8070064
4718461
513248
693475
5464105
1541123
548702
3111450
6282732
8965347
9048198
1087579
2174375
3775126
2240924
93715
5403603
2528109
4575633
2855750
2295716
5023180
1112102
7389651
4590130
4192562
5511599
605869
8634868
5100206
6468294
4215227
5647980
6123553
5461100
6426242
6719732
457966
8366937
6136149
8618449
8136340
6960899
8036064
2204359
7509818
4183832
6851198
1978201
177927
1920860
4116387
7814690
3719163
4609807
1245096
4879032
678800
3323618
8433521
3372380
5476062
3459084
5874593
2921793
675757
8348857
8151251
1181808
2047564
4176477
1932295
8001951
8809312
754760
8613382
4669992
6993610
3152852
8285280
2993025
6170377
7756912
4552025
4299603
8818242
8108740
5273834
3913132
1450367
4275113
1093982
7766924
2321045
2638860
8177716
1534561
7244047
1447645
6495903
666222
2534824
1197716
177115
251396
1730152
577298
2016409
4624366
7998924
6020892
1136055
32838
7100958
3405282
8812917
1526991
7905942
5314053
6165044
5349477
5690205
8651311
6272897
5724163
5187769
1509995
9044678
7192290
2867666
3782265
953908
9258649
3603700
2631613
647590
4249724
5048206
6699561
9092229
1199600
7907513
2466817
4357393
4910080
3405520
2692186
347349
2222644
8530508
3670665
8401944
6740251
4675906
7614908
348687
1486691
4746134
4938312
5473514
1150522
3377153
1358873
434250
3901735
5210371
4575198
1234337
4588326
2347940
5113439
2118291
1899718
5700306
8188051
2134791
233369
2162378
421469
5465370
3459044
4649828
2057122
2481197
7544275
7977727
7225035
3359095
4897185
1349920
5900144
5489146
5570141
6061366
1200063
3321257
4781
888735
6409819
305658
3085160
3861680
1372955
866670
6175874
6153582
8775337
8816241
2780927
4149260
2189702
2295120
8110871
6216432
7679404
7005881
4275827
8181499
7571967
5313871
7507960
8810534
6838198
7068476
1605031
330748
6204842
7450022
8628819
7755362
8668408
5638690
6289733
8026872
4165270
8742649
4992510
6636394
957116
7143456
472504
1072977
4842617
1194057
5713448
5658438
4125359
7322343
6995396
4425343
190816
2967248
1314051
9189481
9105947
4069874
4796481
2830563
7580282
5496944
1642571
468165
5902595
8624985
1159158
7629904
51509
4017134
1858864
446329
8811893
6401236
5276925
1634647
852999
2673223
6820714
9180511
3225697
3815764
533750
3338924
113298
2419850
5685955
8698853
7577254
6381613
2331480
6893481
3099212
1850739
1802235
8476553
3754769
3606587
5509309
2898757
6127873
422129
3538683
2572259
24838
884151
5362185
6328481
3472098
6258267
1049465
751232
519013
3526068
3696272
7579067
4378017
8583143
904884
5439426
5550471
1980025
8957033
4183185
7568903
6580077
3123952
5439483
4264811
2710051
5546370
1274562
386573
1253187
6391931
6014670
5561494
5983832
3519199
7877638
599631
6228073
8024187
3416214
5365758
4985290
2851779
3338205
7542872
473262
7778840
2838872
3996282
4772074
8881955
5728183
4767927
5703267
7357732
6248742
2973308
4994504
4741832
6786915
4518453
4476307
7354285
4478714
1161839
2353266
5460411
5645254
1094642
1787528
5407643
8588742
7490454
6564784
5643064
5274942
4892152
8863827
4428389
8733091
1812597
5265955
5769523
6294011
7009910
6943260
4470456
4763477
2065683
6330804
1926933
4634218
4021819
7364094
3154824
1076834
444827
8269285
6878957
8302570
4420632
2480637
6021237
2025673
7721222
5079768
5465952
7544417
6717117
8625426
5193629
3849534
8636331
5220036
7466639
3368247
4034216
9224625
2487422
4588519
693085
91845
928309
5987589
477002
5324611
4226485
7611456
8905247
2951488
6270384
5308651
4966628
5102476
6010368
1321667
8032982
2741515
4138275
6279698
1816084
2615239
4961369
5927242
987460
1034401
2384344
3846206
2089225
2834995
6914353
5452869
6824515
3663615
6926091
3787451
8969326
7016309
1638899
2422214
1910086
6300825
252315
1757120
6506933
9091048
2938525
3292346
1165539
3942684
6220921
5891671
5203982
5647223
4391315
6850670
7524113
6694282
8294912
6792526
5401070
8069672
4049260
9195965
3945
2773290
7040336
673486
2580004
8489969
1120984
2548338
1770289
5940411
4130883
7958177
3060046
8925689
1527744
8933327
3712318
8367475
4001628
794112
8734133
7532574
3507442
321199
900682
2806536
8691727
8952946
1829428
5863506
4906802
5888687
8037759
6285349
4651782
2604119
6072483
3658385
3810647
483020
75574
6450769
98413
4614760
5790
925164
6338206
7013858
877831
4117871
2110138
6623494
6805961
3334890
9196095
2179319
4319370
1363022
4883245
5171490
130213
1679300
7434067
7812153
467584
5025926
1789020
1611363
8746362
7798871
7510948
514031
8517241
8519003
7804720
2855789
7377610
2071481
3957700
5105587
4820216
1870386
7890195
883444
1824255
7532620
891955
3337440
3732082
3985784
8384544
4454827
8287471
6929037
5486129
29607
7029137
2299240
171956
2212575
7626299
3909686
793699
778913
5940406
4227151
8952827
896653
3608251
2320602
774658
7368846
1532119
323506
5588507
7238227
8279224
4828603
8704311
849717
5058746
8338295
7485325
1455861
673471
1328724
2325464
2035923
447033
1438069
5203274
4182389
6505937
6288508
6004920
977409
6220769
7323892
659782
1056179
8227174
7908568
4392702
5228655
2759702
3976640
7344584
5089909
7048680
6687123
8809650
6736564
1798110
6858475
8162116
6895497
6951962
6778885
3832309
6295373
6804532
1349805
6112094
5476502
6713190
7354056
5028788
3948712
3138948
140786
2486358
4728158
6007100
7079559
2548646
7269908
3854835
4272055
3985236
2905589
5803687
6212529
4476960
4803653
3026002
7188931
1068169
341079
7571260
60685
792394
5479271
8298917
2679378
2078737
9166826
58281
9003151
626555
5522085
3780516
6620660
8173837
104226
7875558
8421806
3386147
7905539
1161676
4193455
5803069
7146193
9063363
2183556
6224241
8285280
8786463
8779573
5560784
812301
8325910
7547500
7170742
4714542
5373458
868240
8125351
5183972
3099676
3016157
4645231
6283112
845642
2503399
7145327
3483960
6391522
7358508
3201807
3772507
1935099
7565772
5702097
1444703
3829645
880568
8381312
2762815
5006456
2398258
5859488
1581046
7649994
6560290
2741300
2652390
1526103
7450522
2668380
8303497
4829346
6349053
3709523
6560959
7782669
4625279
174659
4663914
1421238
3171452
3414722
368573
1815805
7120001
973684
2901410
5131202
7900538
1724633
3846361
8962837
8708532
4677684
2169027
7979646
4949380
8080446
3313613
7884935
7266552
5965298
5629091
4069809
5257554
6678519
5506274
264086
1450896
2250877
6161734
8730857
8838142
4749871
4588608
9255716
2410172
797119
3035867
6376012
3915847
903798
786668
8143208
396942
1728677
3580659
564875
2444729
5067585
951186
4744109
1826806
31893
6188895
9155928
6087915
1102179
8169853
8608700
351909
9222984
5356122
4199552
2717694
2477558
4783014
3738326
1029496
5871097
3537387
2974802
1058340
3992145
6281449
5679983
2061605
4698622
609997
4984297
8191372
2009530
4040433
6113562
7243345
5968816
1377337
4386502
2326955
5427718
5562188
929753
1591600
2126813
2690683
1081605
4715766
288669
4025397
3507590
9217652
1081366
1589219
3758450
2252995
466727
6010406
3775908
1867463
6067182
7242573
2959391
4984373
1312777
57263
1146549
3717234
4709842
8038642
9125041
9240290
2637610
7829900
5418114
1489899
6332579
7574482
6577520
5962436
7348699
1751002
3965280
8131549
8087826
3331939
8566048
274673
1013854
7242619
5004237
7714682
5914311
8629330
6303987
3787431
6070171
5684898
4414341
7542885
1660536
3838607
2441977
1962549
7856843
974323
5408990
2152773
9019132
2406077
4161031
7513102
2958986
5139834
4991023
2206909
3677310
624965
3578797
3291085
3127456
1888479
7587798
9136410
420460
4690564
1960342
7384248
1384985
5213790
8644061
3088082
4851264
8761103
1380909
2594460
5659081
683412
3989151
7095821
3922215
1150740
1313178
7268512
2828646
4967071
5270037
4859417
836114
5499531
4876543
997065
295472
2563755
4302026
3223993
2764500
75772
8788904
8781705
5744634
3232512
7998018
6966433
6938257
5272704
6914758
170135
2849196
8882731
3703640
3606493
8153256
2094897
2609984
1772842
8181431
5714830
5738858
7454970
1215408
3339737
6791484
1334209
8123627
9189904
7349955
92806
5813400
2868490
5436560
746355
9116256
1792601
5312791
7202689
6977788
7064904
561447
6372545
5571317
8201759
9106040
7471935
4491288
5724095
8509667
5576893
5954525
8616361
1105588
8115307
7911357
924760
7755846
4326507
1141715
939932
3340350
8613269
9218854
4548020
8075265
3954680
1945808
2179936
6298592
7060427
5458074
5950434
1271131
120231
1185750
5545442
8126180
2567074
2153457
62214
2516611
7982641
4607413
5583261
6271756
4216702
6592282
4427081
1799809
5793815
2982581
4971108
5298670
26561
8314775
5744842
6794687
5935550
278929
9107543
8122485
1678926
2584060
2951688
7086986
8100041
248530
1296195
5354572
8088496
5322560
9239311
9224849
1363303
7580251
5575952
3649473
1362193
773355
4907605
4130639
4746740
1110466
2126108
6076277
2899450
3434738
2959261
2560036
4904602
5429951
5845589
7417151
7462279
5626510
8897420
7514097
298510
949384
5887983
1313702
7768740
4230603
5326401
4827662
8015200
1497742
6210967
857430
3163444
1168297
8534651
219291
7945621
1407715
4976330
6931870
5552093
3260576
3810804
4073980
1017163
2967951
4796927
5770526
444223
8651945
928628
9059889
1825873
5097985
8058463
3326438
3946914
8876326
2189283
8380041
4669277
210359
6737314
5216228
6911991
4741344
5856316
3988006
3386476
6961595
5844348
10128
6083843
7641291
2022993
1332338
4500959
3418917
6571593
5741217
7016379
149219
1692604
7364390
3554350
4650498
3724109
6636956
2600132
2785018
2019700
5222177
8190671
1483891
5870810
2764402
6749396
554186
1270670
1983290
8316732
4228276
7706806
5602737
190810
1434999
6600265
4355962
2540028
2970378
2565387
1775296
301951
5625103
8901467
989649
8409304
3379528
4916566
4727672
1147583
7086501
710331
6992253
435824
1522154
6445172
6650929
8939249
3562436
2852424
2076235
7599015
663429
3117107
3689772
8333865
2077346
2164273
2893471
4330101
1248956
428026
4268658
409670
810968
5455361
836610
1887508
434837
1887500
3056172
6116033
6462189
4148912
2464726
288133
717189
5346175
5216138
2045529
4765713
2736940
575072
7490060
7475011
8457907
731876
7578149
2651624
6177862
959519
5042108
2928771
7338601
9141512
8206019
1513595
3204163
33136
1596848
4689833
3422692
1850584
1718521
4428559
4527616
3288749
7602813
4854946
3570015
4679838
6031934
3369398
5296732
7283537
1069686
1375685
1251826
1532160
8290967
591545
8544896
5474641
124479
3564482
4911062
715322
3947394
2840801
8444263
6298616
2226751
346084
1366650
1771850
7596922
2632664
4865479
8231517
6518156
2986425
2601168
5924413
3558330
8254199
2304977
2666489
7387616
6128685
4547902
3152294
7347396
6852267
5396314
6996155
5764524
6545163
6053235
5011227
8812282
3953627
4661409
4224171
6282476
7417223
630206
6073603
4656546
993161
8397385
6789733
9092505
5213396
6739457
8112509
8305343
3545428
3437094
8347912
5890581
2676897
1056348
7250155
4016630
6357765
2954960
9092493
5727520
1738465
2898912
6177544
6276280
7514620
9100
6652156
1367352
7735661
5623832
2165903
340428
2752927
2928533
3803669
7338472
3176207
6655443
6620492
5151889
6359251
1465883
8372218
5655474
676826
8885319
5329375
6270976
4064836
859287
8135897
1829810
5755321
98543
9214322
6285707
4996886
5760454
7352910
448059
6921806
380611
5810728
152939
620996
6811115
3225657
7971651
5281381
2972438
3006568
3001622
671203
3416761
2005301
3329784
4832085
9202712
9087731
8547903
1679689
5449196
2087024
1430759
3733619
1835878
3757365
1447273
8395002
4706425
5414949
6160755
1462027
2565062
7688821
8834725
7931866
4937554
2486339
3771902
7427921
2764502
3936135
6533376
798437
5813427
4713010
8789440
8578521
8065913
1162428
5955291
2056187
5818546
683837
7015906
423266
3193172
5639894
1779932
5777741
7690259
7764060
230304
8766715
1260268
4658857
2720047
649250
7565711
3437030
6692957
6399683
2839725
6819413
488359
4331605
504758
497590
6443035
2414922
1679543
1429507
8226137
342786
4315904
2105228
6146573
8188177
3781650
4873369
5238754
555180
4516005
5596848
8718469
7352789
6198117
149224
240489
426277
1826298
1113798
5973877
3553259
6529993
1008287
3884923
2434249
2855227
948454
4320527
1364124
2326544
3531190
5039683
6033919
605742
5839823
4976410
7334387
4224581
7691678
4305739
841367
1009583
688442
442650
1772186
750644
8237892
3258313
6996969
5273418
2726529
8264750
2755252
6065044
2862989
8980771
5736428
2997380
164370
2960819
1169801
6142378
6102463
3957535
4001376
5118584
1400613
5726154
3675527
4280474
3466372
5364709
2605264
2706293
3839510
1310204
2846281
872975
3098556
4928903
4272423
6376863
8214194
5518402
8971531
6015596
3432891
8988890
6653771
3676214
2310755
6477837
7157180
5864875
2103447
6273001
4085785
2974492
5646759
2772383
7884663
8164519
7052275
1965689
3466189
679041
7472073
1026399
3066519
7866918
193953
7670438
4595935
1074774
6823797
4570325
4980270
2328278
7903495
3830221
996585
6323957
805139
4559088
6408793
1969968
6884617
7793955
4935407
1559835
9187076
3848101
9214226
7001428
4239013
5267567
5917346
4179606
1924278
4962645
2110463
5658305
121711
6357896
5647607
9264450
8450199
5882345
2209594
1875638
4036926
2774582
3165448
5468269
3871659
399222
4249486
7305567
3010855
4313179
1210558
1008286
5114175
8832118
7189064
4760259
6905235
263536
1099327
2205529
9030552
2295990
6708862
65402
9087616
1130
6921879
3596015
8720786
958133
2646146
8994946
640059
5293445
91060
4433096
459627
2233187
3057524
2319467
6847917
3565778
4770834
4343152
46131
1921630
6791401
2024695
4372615
6853563
3220966
65451
3335511
6124374
3857567
8222896
6683918
1062454
6863449
1989539
8310562
5054336
2195836
4567281
6645145
58004
9152115
2116453
1444646
8041028
5473604
8077929
481448
2850447
8080800
6296464
4964677
6707049
8600470
2203902
8543120
6926910
8939318
5840087
8224638
6353163
5873114
7928674
3053664
6558388
1432499
7923291
2921547
5804235
3753025
7795213
1468764
5269105
7379980
5624425
5488309
8661997
6313647
5536199
4113877
5660665
4338909
1278716
9131369
6520059
5569482
4122269
3096630
4735934
771528
2633610
5854590
7992641
5496224
3548725
6012658
381376
8857945
1601922
2575457
1402786
4849302
3812997
9199516
4361333
1289229
6215528
7130590
895223
8524281
7099224
669217
8077152
616989
6039221
2330803
8649485
3459906
4264715
3138695
6329602
4104650
6920727
8197016
1463081
1220201
3458498
5874018
1301591
4776164
9229449
6630525
4859677
1512866
262321
5911795
2690046
3921122
3418506
6698787
4466019
3553312
2566893
7795553
1269216
4315861
6170898
2538129
5035293
2338400
7786970
8769159
650953
7235089
589691
1905350
5251718
3841784
5602456
54403
1425473
9239805
9216248
2145292
4917661
8064809
3980973
7902311
4113407
2400670
169632
2306193
4251014
1072231
2526819
5540976
1805549
6284052
6423603
2774695
9188500
4275092
9225568
6633370
3300386
6029666
6182991
3210128
2083167
8550279
1755659
6238761
8838345
799638
3384775
3815581
6542540
6222864
1445601
3828634
2731111
2710455
4149445
3202415
6820659
4378719
2282970
9255529
7020126
8867835
7159958
9056813
3099340
212012
2443116
193789
5544542
7610352
6175994
2062783
110005
1872307
5514485
5747832
3037588
6935669
5601177
9262189
8108034
5957272
2638714
2865690
3196372
8999198
9165955
6133895
3151461
8249471
8314472
6043660
8060738
2116775
3449257
9143095
7285409
7522050
4150897
8789159
799693
7700347
3650568
3437528
676035
857662
3432124
1886304
4375279
5994458
293460
4561068
1728553
5603884
3178946
5092299
5016609
1348160
593521
5469597
795032
6611939
221431
8028508
8480627
2906127
8036239
2712941
8670117
8931083
7672131
8110291
856860
928620
2919876
6227784
7693206
4404659
5755822
7908558
5091326
3482993
5459061
7507554
2413834
2410476
2615739
1350601
1284232
8894251
8447342
9096240
2473128
1093947
9169756
4667991
2864956
1363640
4369077
2221909
2302909
1592542
5529185
7067608
6945321
7034264
128623
3361116
5972227
2268132
3929975
8515421
2128805
4452532
2825837
4696168
4028972
3169602
4567207
3170238
4226050
5971663
5353983
1700903
2461043
133641
6965244
1818015
6910726
6659880
5826079
28270
9113947
2767564
5368015
8696591
3573113
8187458
1080244
6260447
6708894
7138931
5382575
2344431
2220828
7752676
6711206
6473638
464526
4964358
4233131
3783001
1150323
5492410
459165
3450547
6735866
6804961
4549049
4929284
8478841
5681120
339009
2521293
6585035
1764139
1779887
1253459
4897357
1510406
3542312
3010201
5067946
3262391
3951293
2233765
7288139
6540114
2072116
8372892
1970800
3450386
3288531
7715825
5086119
1982515
4055374
1118185
7902023
6962796
6165790
8206208
9083893
3861654
2549544
3796867
9058701
3057599
8239034
8106866
8953808
2296810
9100711
7238020
6569294
8696773
3762908
803263
3460504
246257
8472319
3579721
2813089
152877
4129146
5152995
8454622
2262848
6946534
6776245
7071561
7365525
8050391
7778193
4331073
684505
3725300
7227395
3165926
3454201
1713877
8547342
7729709
8527659
7688489
7579053
8730845
6262176
5606925
272025
3540865
1387712
4035984
7976503
4317436
1064039
1261247
5404554
7126218
4270802
3545891
8829329
2170560
8362147
1280989
4498968
7038558
8401860
374329
4472754
7476442
6925656
4990087
3597195
5058882
6523894
5281811
6853362
921062
6028162
715480
6841017
1017128
607357
7537303
4946440
1845481
2674386
2547346
4671495
1982033
4399990
4616253
7181593
1384290
4381695
2903547
4105174
1021064
3844430
7127601
2570063
160195
4903206
3568079
3559108
7629416
4042547
7728547
1210696
148578
2290220
8435415
4723421
630190
8819523
6605996
2741435
8006795
1502594
6038333
7551706
4899564
532498
5844452
6176227
9031242
9253774
4780872
3428813
5835143
5277647
1195280
237522
22013
8594058
3936339
1530073
4924812
1170924
3460218
6136690
1289201
7260377
4792600
2794202
396218
3696368
2856172
8508376
5168840
1503059
4734464
1681321
1839902
4545455
708448
5979904
8636897
8638535
351028
8083603
6035832
4658417
7556862
415584
2037571
8159149
3702891
44543
8836448
8881737
8253050
3223408
5269610
6762363
6827311
1683093
8752198
2535509
8144617
1463584
969847
2226308
5218121
2191304
3136857
655449
8028785
6540682
2422621
4089829
4706298
3906297
7547523
6013280
908908
2075250
8203694
7753383
7241951
770546
727454
1227868
4942235
2211959
4224771
1135028
4118259
968417
835103
6460164
5871872
6074478
2154974
6409301
8747086
1313518
5325184
7679111
4112893
7717962
4947046
4483012
1281489
5362404
8669530
7385157
195917
4551781
10393
5878407
7809866
3634582
1650210
3370904
3928952
7797682
6605205
3772059
7278406
3226257
8060138
1959895
397441
1329488
2531889
2876326
4441741
8661797
2934607
384730
7297720
1075066
2377436
1309424
7658869
2183116
7909083
5846184
860525
4628499
481498
274531
3322479
452342
6255765
4659569
5890422
2929287
1784689
6423658
9092844
1710449
8713684
1787429
3721527
8953824
2569262
6582297
102973
8345950
496525
5276413
5753031
8522744
594461
2064512
8769166
5026363
5283683
7747796
3703854
5694725
3638029
1213223
6694242
6106007
5445922
3756079
645662
6180398
7643348
3904044
7902129
8126845
4773941
4463431
6213840
4553513
9001829
3941299
737187
1006704
7140722
7468867
3637195
1520623
1728452
7145755
5952093
6818971
7033842
1936905
3788987
5652279
7642099
3238760
1642020
6899469
4623769
2219442
5292424
8682740
1369192
4636184
4807775
7083569
1098276
1063870
4884233
4808869
1190809
997778
5531540
3288600
5234854
7926442
4878062
8494620
3547533
6343945
422880
6778921
7419510
5463020
694406
5391704
2771269
2400803
6314647
8253889
6080426
8487117
4623476
4502539
5729822
4897123
6483977
151375
2735652
7238237
2928662
5282907
7264879
2469419
8832536
8739929
4354149
9253302
813978
7259685
4183330
6265571
4970954
4232692
3181784
1233851
8763183
5514072
4971955
6214941
5176374
8896585
8753729
8770948
3232363
3622107
2015768
189651
4453524
7621242
8388997
1763244
8077181
3466191
5634491
8555666
5313373
6055276
3333705
6282383
3172635
3770086
4336912
2161729
446187
2639208
4040346
3194586
2970762
3954409
6837706
7635044
8858212
4923063
3304868
1486272
9057721
5170582
1729442
7821119
3650722
2084784
995507
2051164
5249885
2303021
8465805
5570360
5362723
3479069
2785240
5013327
8067755
8928233
5636150
5303116
2194915
5348282
4414330
2737035
2292249
407753
3802162
1683934
8560136
7981647
6369026
3525674
2086499
2045384
8099828
9152273
8712059
8272943
1142575
1471748
8112578
8450192
3652671
3046104
5766112
8566857
6301548
2882211
4724183
2734702
8514446
1039823
1786040
5766921
662904
1735818
628321
4388194
699305
1215454
4737580
3780832
4721767
765656
2669754
4236417
8299754
1455757
4060452
2367953
4181060
4354103
3826911
548850
3176373
6262261
3086429
4724893
8948960
6289868
8290407
5135835
5731625
5724580
7660476
7420629
8640730
6490713
2563670
4730158
1632476
799583
5707654
8226415
5608441
5544686
3993132
7735716
82877
2011384
8243774
553386
1588611
9265253
6153446
4179757
6571730
8778827
2681122
2594129
6348376
5587602
1817272
77258
6614197
7929087
8755654
4654440
3480419
6516952
4558927
2598182
4035367
8503521
4445
717698
7404079
1714900
681760
4397483
8810615
3320066
7547060
58137
8830806
2035288
7601459
4448789
893816
8605166
3957506
6621269
553508
5377830
3834358
2823153
7543986
8539235
101942
978646
574446
6661671
6402158
2718183
3258226
105935
6039255
3916617
7853529
8745526
8172623
7818304
9124061
2058062
3515108
6063682
1624456
2498542
5556790
6948044
7252682
1108653
8866328
5334308
4453169
8188695
2572451
4521930
2648941
660340
6666734
27524
6628370
2569272
3586269
2099185
234366
8256891
1053523
1891514
8805203
325618
8031348
6931750
5908097
5932301
896010
6558483
2347553
2510921
1871273
1585335
6671463
605200
5201491
4441853
1062249
3067518
4683572
7989526
2305260
3397121
5135583
3063671
5072684
4010909
4030440
5114420
1717504
1435922
1279206
8563228
2355244
5138129
7994194
7580453
7839371
2074911
1803802
38069
353480
3408553
3966003
5685753
7375137
9161182
4382951
771288
8607121
4253095
1587087
522990
4793170
2036052
7833852
5611552
4065405
8424218
8861327
354343
1859266
357005
7049884
8730403
3024192
1290577
6325917
3455533
2057695
5600285
2539687
7968575
6877165
2058690
251176
5161430
7139480
3465252
6959418
1444423
5837198
3783503
3400759
7437443
9692
1588780
7285503
2795664
3316564
6227529
2846475
6942127
2211062
4749332
8601308
416595
5830798
2025340
7007807
5362421
6173454
2272202
2719756
3660742
5452827
6811735
8683806
8207345
952229
7860253
172785
5047534
6090042
7768491
40750
6375477
2866068
1398974
5574448
7520678
8723890
4238137
8456152
4701248
8711893
993297
1081761
806608
2219830
5904665
5051848
6001187
6203517
6009747
6089398
7413353
1952511
8975936
638255
3347308
2427412
433790
6604683
3269779
2171477
4222845
8028030
2657698
7163177
8747709
3978100
2090836
2363698
192395
208339
3461326
1308217
4272679
3461939
6704593
5407323
3616497
1907955
8372362
3785976
5827454
2516339
9020686
5505931
994383
8145220
2433886
8328316
7124905
6317903
3263010
2055328
6868515
6445453
6906400
3887548
6919779
1065342
6864134
4158699
5796190
8456697
5903935
229592
7853518
6873364
378210
1604294
5488075
8758157
7947946
5086664
5468196
7503599
6326701
9235659
3251813
3746276
1122696
9101207
1226340
740053
5357946
3291604
1340884
4885090
6239036
3911628
8204897
2444112
7988208
4636945
2753102
6840992
8134089
889708
8770150
6967179
8895460
6370358
2678129
734084
1041986
5020564
5647909
2732609
8603765
6351407
250536
8070598
9104141
6681217
1996052
1897945
8833819
5156238
6056830
4419972
7908798
8941316
3768415
178064
1408702
1393583
7794071
5268388
4510932
1905684
5326742
6965722
3405408
1345169
8731432
2834737
6342289
1491675
9168597
208361
6082646
3548634
949514
5562340
8552015
7226740
4544514
8474564
7919805
7932210
1029477
8502856
8256204
2671737
4327065
3165316
656227
2060041
7619978
2177116
6019314
977087
7077571
8413582
5364235
9158585
3377060
5034823
3182559
4069451
9073561
3711630
2959573
8502426
496426
3183576
3339372
8775102
9181761
5352366
8445050
2697411
5088831
5916387
6015139
2727057
87135
4371396
8225855
4845151
6514090
6873441
2426526
8851792
905171
7201062
8358953
5172612
1101907
5264965
5285445
7285713
489844
6341407
766689
2956509
490745
5406929
4075597
2238666
7887967
7620109
1049318
5972162
8803799
3043113
2296771
1001377
3325321
496412
7748263
7761760
4547564
5156844
5676584
6996919
3102686
3370868
542370
3837921
114195
6290005
6890451
6590121
8308719
3753235
2375527
8059014
6386176
3529372
4780853
4668053
4656422
4284294
9073364
1330515
4017108
7783636
2925452
5750392
8015378
4122188
2356216
3099377
1523327
4158091
7980091
4199766
982811
7262707
4090281
8985955
2571197
627163
7289303
4594464
8696859
1528568
4022536
7156511
6258414
4994438
1219420
3039924
7025116
5347460
2260697
711410
8392432
4648116
5494058
234179
5234001
4496912
4516023
9165709
8822229
794265
8219368
7963779
6793850
3328590
5112764
6405787
7573972
9196017
8930571
8544874
3821994
2121136
8707803
6701414
9213868
5412995
3384256
3384068
8479043
4978091
8772716
2731203
2395207
1453932
6877243
1593260
5045774
2750615
8486301
6086230
4257964
6247395
4217660
6754367
7395257
607847
6428426
5980528
5822541
4437087
6184750
5161976
1751392
1671850
6127536
4103665
7542695
7406217
7266637
3170168
2468339
6635676
8628016
4747506
5708410
7543984
2894642
7912973
1479719
8211973
2129902
5139325
692774
7701896
9254052
609743
3084345
5388780
3364784
1253196
2817189
1055002
452533
7560851
3212251
2129500
5965806
9094315
7080644
4838346
8793711
1097020
3679075
2165595
8336244
9075060
34580
385794
8154317
1023348
1134343
6765511
1046482
5746841
7409734
5208777
8150798
2850927
9258255
5329196
301127
424299
6842371
1712724
6072279
3617104
7048
1400271
5639422
313720
1697666
8411202
2314203
6691334
4522319
6871041
8578688
7653688
2008357
4559762
3717990
508113
3837031
87854
1077852
2603400
4203319
4191814
6695300
4302169
5026775
3274872
8826395
2393517
3381462
38757
3942813
2405491
2042029
8226484
5460453
159433
8667840
2899645
3655984
124532
7406897
1615703
653186
4032452
8869178
5127090
560885
1598166
2878817
4637038
573250
2027345
8276500
9140263
853760
3411778
1888835
5118299
8044605
315175
192906
9166700
6355229
5464531
7862138
3802767
8883528
2118543
5630981
3468117
5549226
8782654
6761937
752204
1270709
3815716
3668108
5378411
618036
5849382
3974224
3313971
895122
1337985
5795454
626292
5900272
4682720
4921313
4379243
8088147
1798299
3618439
4125585
2564844
809470
5527155
516772
7240931
2501934
8222221
6825894
776978
4249647
8968654
3389020
7600913
1636182
8527923
6819447
5743373
2646959
5226480
8810707
3749823
496861
8782661
6410972
7867418
4709081
1733998
6082409
1678999
4775571
4467821
5795710
9230379
5720894
2728327
5571450
9070880
2868964
3408114
6536364
3258219
8728104
9098901
7800796
5618221
1535106
724519
7958428
5592022
8956974
7949919
409937
2184108
7917681
8077228
4836141
8294413
5496548
2117867
1512113
8990879
2726361
4485464
5654143
4325035
1927509
464173
1956919
2546948
2053999
5563418
1064065
2781576
4228648
5558134
6086361
5297027
7812905
581801
1848446
8201682
921822
394990
8649098
7105136
2107453
3983124
1105745
965537
3744577
3804327
4338592
6772623
29512
4135819
3104123
5377623
6753297
9099509
4471961
4443058
3771387
6693839
7368847
3419959
8017183
3879227
3259302
2022926
7011810
5052468
396106
5357627
4531188
2901284
6757017
3867069
8928551
6624836
1320025
4418810
4752643
796042
2052216
199016
7232378
5529497
3701517
3717784
5325262
895949
5685573
18342
6046192
3093753
7974527
2980514
5697785
2479
6940864
4687686
6259489
4775962
2897279
5393924
9153146
8167441
6928619
8836320
9095771
3062372
5137628
7958909
6107022
689136
4750488
6843527
1574756
2797896
7722877
696643
8681150
338818
6917954
3036728
780779
1753998
22192
3658500
7376634
200195
2228302
4203826
2352844
7142892
5932753
6389836
2650203
8946722
4314796
4038103
6352813
9202544
819120
1757390
1395368
3263363
3962219
3169978
4766604
5834768
5334362
3299600
7146785
7347957
6233636
8804108
5133320
8108410
795902
3059392
7170901
5557855
1872883
4054562
1118966
3121734
1093247
7907769
6082130
384941
3336903
756807
9115078
3812992
2890703
6437936
9035317
2108783
4533410
5346400
749584
6264246
4665973
5634539
526732
2340235
9203691
745268
3638851
4412200
8558040
4710553
825878
4316820
2443889
3856492
4617693
4292278
3204509
1819856
4621533
1719518
5560463
7568065
4588785
2896153
8914908
4857366
1386747
7555457
2403246
6945596
4102702
107476
4010339
7403645
2934845
7807432
6194518
1033841
1144467
