611166
5515563
231118
135190
2347905
4237375
1614846
236785
4611766
1390884
2993271
2012554
3723770
4923663
215279
2805708
322712
4546001
199346
4694170
1542030
593844
1304194
682004
5201833
6152307
4790391
3649880
4014679
6069310
5216099
2691764
2226874
4255026
1454092
1098214
3797851
4293407
5716961
2150656
1136145
2458058
5678438
1865271
3002437
4266683
3057425
5487529
5866892
4625544
4883640
5315599
5677688
4303284
1225410
2565048
883921
3858378
2305922
884257
3316406
1481115
4361483
1512911
2071338
6164424
5824745
3983132
999819
5834428
5423564
4874765
5027473
3118320
943193
4363360
3690628
5385107
3151408
5695437
312400
1204630
1841834
5795674
2309438
2243990
5654704
4761261
5820904
3473532
4800072
2818623
3741244
451250
3868179
2407917
1667425
3527883
4813704
3861186
1793582
4749352
827813
4582478
106331
1941480
815960
5716269
5412573
486461
3958457
2022649
214661
2022403
2609313
135958
155073
2661519
609112
5678619
2483014
1565791
5142736
4933300
2578279
167987
3081735
289971
2924956
3052066
2131610
3113860
6086816
1603321
1287162
5917960
1625440
6044322
2321590
1214532
3942146
3632114
3221046
4198048
3369722
113329
3272481
5362256
761972
4798938
5699314
3718874
341274
1530711
4937811
2550392
599604
4037984
5073646
1252829
1422094
4123074
634130
3717876
3927570
1916516
1119182
2826693
128119
3865630
5466678
5580567
1934325
4958017
2567248
5671560
5503918
3039894
4045727
4800648
2983774
1206395
3252880
1923320
5696268
1595199
2723530
971807
4985992
68508
449369
6091898
329449
3272820
4729102
3719803
1998411
4616463
4395550
348924
3415980
26711
2860078
6059059
2504069
4443010
2666508
5179545
497829
4378269
4315921
2153005
5112847
2191878
4690246
2270237
134923
5375766
5909364
4372061
2116432
1846963
2799152
2229312
5502162
2522854
5033459
2664621
3946723
4621602
2622355
5810075
1177781
5030030
404704
622402
4177596
5476456
3294497
3591477
1369723
3411541
952771
4978364
341542
270435
785055
887441
5948105
4418083
1228858
3167109
2020799
5319607
688849
1571739
1646511
2655196
3582494
4764559
548176
4977231
738093
560335
4413273
2108453
2629934
6160913
3379753
202642
5474475
1599162
4748573
1858121
3237438
3254738
4257127
157689
3558992
4667711
5364358
5429848
5241040
2528977
2717869
2373330
5559708
2787689
3939398
3148718
5142377
1960269
691063
5912005
1093478
4068490
1895751
5457872
3748204
4091810
375713
2057823
5114204
1999201
354001
5517400
5911283
2417689
1696745
603307
3366063
4143354
1697682
3957495
422993
1813614
4794509
1128260
2127979
548495
849924
4787258
2568693
750825
3271768
5525172
1666894
1953872
2602676
1524884
3514416
3010502
1019835
2667961
5194201
2625831
6037111
1733834
5470322
3727344
1181544
3176341
4629399
1378416
2372532
978328
5723410
105311
2478296
1385713
4776968
6101822
5030285
797865
5951505
2686334
3303896
2304369
1223221
3169352
4266010
5504782
985638
3039280
4999434
3225462
1131900
3156324
3094747
1221185
5323855
2449346
6098086
286403
5331232
2343799
5698424
1990184
944708
2642674
714162
457786
882444
5314872
4331903
2099876
5573158
5720870
1678415
2706742
3861832
3068593
3676495
562158
2958738
4517701
3540851
2292635
1774902
537283
98654
4460032
6168861
406904
5293382
407514
3594184
1904193
933279
1060347
2902627
5199581
1472874
2113022
2933020
2507839
2339906
2779508
907699
3744958
2129178
5186124
580403
4790540
5163408
1633892
4858873
2138931
443314
3882086
5375942
2036008
1517020
6176355
5390029
39655
1309619
3758246
5985767
570423
3112373
57684
1991066
4189071
1596350
5490871
6080981
3616254
1464857
1130357
674955
2204182
4887307
4534563
2441194
4821647
4690296
2650288
3798346
2674310
6017583
4882152
4408230
1972399
3517385
5376277
5693218
560406
691461
6034835
2125970
5212659
2844171
5892173
756191
525043
1263483
3829378
1221468
4991430
5227789
5769211
1329397
791166
114974
5162574
648935
1292001
4212101
972272
2236661
3400526
505755
2429511
674579
3272074
3441629
1217916
820764
2797286
4899055
5290059
4801006
2746956
5720338
2751138
1117708
3226460
4947606
4254948
4668677
716516
2327843
19254
3930967
3941769
3137645
4768453
1680477
2351997
1869483
6034758
4950418
1709002
5172042
5434257
1151840
6129653
2759623
1196287
5965494
2647542
3731779
5210793
930727
10852
2177461
498440
76968
741326
4073489
4877227
777619
2814173
531361
601777
5048999
3270739
771448
1075625
5113019
2620925
1447459
6172375
5183897
3170763
4531538
5216357
3031296
1388573
3506576
3618528
6009260
1315477
2589335
806657
5011211
2696076
2770318
4820268
1277479
5291184
4574565
3560070
3324454
3657956
2215337
4204500
1779453
5754317
3139623
3791280
3152435
771180
3635588
3025167
3310571
5018464
4088446
4862096
646656
243797
2606515
5550222
315724
1299957
62866
3364434
5230664
3497922
4660345
578474
4987855
2550033
3574413
5948110
5272500
2546619
2017079
1341173
2749578
2992902
5317982
6032671
869293
4331969
4874466
5957966
1362866
2458523
5605766
3784252
1242247
4409204
4702289
2841142
5015218
3075278
3745691
1559955
5376162
3365240
1113051
2310692
3237402
3776472
442199
2789245
3065389
3068784
3521933
4365363
5705557
4892190
1401208
1698500
1084035
2959054
5133000
1039097
3796678
4600145
768969
3735107
5187639
55208
1227643
425963
580336
44294
2525077
2836734
5945687
1680110
5805088
3928060
6043403
1408398
4021355
1131903
1620811
5574577
2439987
5912389
556018
7601
4564782
5818904
2137873
4417669
763216
4970010
5808002
3949793
1842737
5821961
4965943
4182888
4487226
5666288
4962394
4630071
2416729
1359762
203539
1189474
4793379
2122919
1068050
1451868
1423279
3228861
4588019
4125819
2093024
6171562
1950717
4989810
4087195
3034879
2525282
2755079
3588015
1489569
5027517
3036345
37584
3229362
3050789
2762000
5542309
1290987
235369
5983522
3954215
5423539
3864906
4285137
452139
2400097
4425266
5622419
2011811
4158589
3635814
2396672
3765860
1168562
6186990
2336313
1850745
4161776
1771316
391929
5629895
2259363
5869878
5909876
2088882
2960360
502117
2107606
4162893
3323248
69177
2246283
2576311
6077066
4376876
2177597
3442926
1949744
1717341
2432667
4038883
2404802
3631527
3845164
3815000
2461958
2703852
3969946
2127916
5706405
1314018
3001410
459240
2912021
5967873
832505
2872423
3553241
1389985
5188906
1137350
5273546
489675
5935603
2112026
854596
6176604
2642638
4835666
5342866
5786289
2460092
3793464
1050818
5253338
1439043
558818
990744
3598805
4214256
5247950
996644
1657217
5481220
4756432
4882481
2510675
2761066
4756936
4363512
2126829
3388811
4276708
1968226
3619781
5880728
4900279
4569510
2669305
2296607
2852311
2857923
3812411
3109678
3897931
1311686
2419139
1009488
5566294
4670164
3800051
1561652
5474027
1370864
4800647
1616443
1179482
5858653
103214
1057643
945070
2282891
2460309
1827822
3062985
6017099
891309
3085830
700380
3322329
4100742
4984540
1157840
3560078
715332
2070994
996911
4818678
1672953
1012375
3214688
1302575
4173339
6063102
1282764
3104347
3323429
1812698
1488965
1003797
3806750
89868
709553
737648
146236
3919825
4379096
4705286
2144850
5213005
2799848
4362272
1226223
3870952
330392
2995309
5868027
1501964
408442
2611863
3847401
3544142
1832412
6137156
5143851
6169904
2772294
3361256
3619319
838440
2770517
3670351
1155501
93689
5024841
2319710
21542
3781464
4680089
1544332
2588121
448612
4982964
2932838
4532367
5705806
2782058
5715821
2072116
2809616
3416125
820585
3732528
3868353
1698489
5647491
1450280
5392648
4258306
2199903
3756567
5572681
5646553
732537
3452196
3918787
3523001
2923407
1459932
2120848
1404275
1671299
4051234
4320748
2420364
1974583
3007992
4426158
1424181
2918907
1591550
5265557
2664035
1850363
4295177
5856894
1374310
1650403
3584538
5305151
2143763
4496459
2011972
2610641
1600419
1762159
2034244
4596740
2841305
982487
5275981
3178466
3265761
3234308
652213
4457535
5202842
1938791
659119
5430194
1413596
3446446
1061085
3818945
2090702
4329224
6128552
877053
4564683
4920661
1398139
2963891
3156697
1299943
3275574
701117
1684559
5290444
2597947
5333545
291714
4440549
3698924
1992405
2522992
1693562
4137542
167490
3634775
2083324
4509257
4082997
1349325
5713542
5712052
3174569
791494
4411411
1713423
5046659
3261533
3458159
3023990
3698263
2964347
4158355
270322
3745061
1741899
303416
5879104
1867026
4811866
5918411
3455455
2734490
2248429
3784009
4972312
3297239
4292726
4687154
110591
549480
1533901
5544588
3012549
5923542
6034637
618152
1887817
5825216
1010913
2314995
5771149
2759959
1104085
1229126
6158198
6107147
2489566
6166656
2758200
4129636
4461169
1449033
1051185
1545018
1544748
6099422
459541
3749743
2710524
53096
4493351
2670897
2597870
5029361
1366608
5595710
2903905
5503155
5669067
2106632
1838691
3699191
1706707
3667363
632527
1050691
5021596
1532592
1726866
581731
4937051
1194734
3625068
774962
4754546
3746156
4680538
3721397
1031506
658040
4734884
5771049
4167464
3620556
15526
4698344
2532582
2467813
2055256
1139927
337072
6125999
2593233
805616
4375622
1691091
1145904
4545831
1773809
3867209
1856168
2172378
3854102
1025862
4797742
427698
1476102
178287
2890649
6066666
6002911
3574842
3292563
691122
1767823
3756961
2030510
3979149
6179078
1612106
2759496
3562460
1084444
3692552
197273
4500891
1371478
1629070
4731681
542838
3212417
5984410
2152089
2529648
1878244
1010969
5037535
3473141
5288878
2172559
214220
490863
3768211
5307683
2839568
3683467
4987818
6103018
3781894
6004582
502299
390501
1656504
577826
3656767
368538
2708793
840589
4691420
4543004
2271761
4998794
2240990
203810
4387254
4067434
4288882
3888692
4884485
5083698
4506561
5220875
4767356
696838
5824141
791423
3653584
1478518
506396
5729289
4298905
6023028
3068417
2455004
5977476
1745807
5534321
3318758
4112393
435854
5113313
1032909
2084904
3237069
759960
1542823
2826062
980323
3990367
5363068
456825
4239428
5501487
2335678
3622048
2973186
2485833
6152246
2806438
4818266
2668669
3669861
772740
5312159
3157409
3956240
5548039
4145881
891014
2274831
1826674
4322894
1152231
5294275
1120343
4488224
5549748
2665871
1673126
1789523
298312
2138641
5588061
2730983
4202935
2189270
4334950
5109270
966206
5727603
5363190
362076
704748
1152612
5647602
1006743
1832971
1592541
2144762
1335094
3865463
3375631
2249489
5920041
4733983
4094824
5283827
3750715
4127025
4232204
2164649
3014727
4217242
4496697
1250113
1582191
81316
3689131
1978076
4263106
5144509
5752377
5428214
4397354
4987347
4228248
1581066
4152708
5004401
1561301
4477024
1282773
5101515
4299261
6178279
2468621
1622071
1554935
3377679
1441217
360160
2767738
3938426
5557041
4015081
5279025
4250163
5037546
1717623
3110727
1464999
5633158
5897687
2619312
3330750
5637288
3699621
2302080
4918569
4005263
3071258
5230173
5747196
2474243
159488
2342169
2297081
5755484
1207188
2838289
3103215
2431168
4673069
3091404
1029113
5297272
5431907
909291
5006599
4105306
5762611
4253121
3500131
4308683
4565869
5850470
5079622
3550215
258581
3153665
4429390
4956787
469240
3369519
1477909
4113375
4844106
981089
3809934
1690322
267342
1633823
1310841
5953042
3008845
2817222
1689082
2136383
2377306
1851801
353197
978099
1254124
3090234
5881806
5452724
1919300
2673727
4526960
1319482
3648835
3815436
1577610
3084271
5973367
2860711
2815009
2673656
4853707
4347274
47559
3119357
3735390
4161788
3347214
5498684
735992
3284974
1011120
3819087
1574396
5838134
1421844
1600810
4262089
256792
3793052
3045659
707857
5572634
5719926
755964
4026763
2831398
4008345
5526393
3016359
89906
4472437
1106375
5833269
2431059
5696714
4133321
153323
3309927
3517296
4517047
3112877
4117773
1820774
3316009
1702971
75668
5421569
5719098
3749450
3989150
4797688
47534
4506555
3737155
3161135
428111
1061061
2277760
488863
5548424
5792276
4359183
3198165
1980378
3315870
6166060
812616
3765595
2937903
277851
4078021
2320307
6145573
1457510
2566347
2519370
3443297
1247321
3763637
3613227
2841950
478845
1284135
1975830
5937995
1042155
5192219
830715
1574058
3499449
6025116
6149122
1426140
1857516
5065882
2275621
4505903
6171139
2058670
5177665
4278603
3675959
5459156
2059907
3427111
4179713
3041261
5168419
38297
2133764
4023161
1901745
3755725
2754149
5504394
4231893
189836
50984
2701197
5394116
3040156
2418931
6093186
6109819
4578789
4685489
2504616
2827522
4700964
4004355
2363612
3426151
849801
6068306
2701514
2164223
3466127
4192523
1161164
3221495
2770592
5359358
4838738
5940546
1182347
1338743
1525972
209773
3178802
4731411
4463966
3448137
3746143
3332229
5551734
2888161
1411062
5527623
2365998
4242539
3007717
23216
917464
3130560
5972041
5237369
1575370
1579350
4266708
865393
5073738
5691792
5237940
91013
3677661
5237719
506595
1085420
2439433
2470183
2505929
614763
2773713
354597
478696
2874059
4880312
1275688
2334213
1899618
3335062
1091046
6016302
5751505
3883612
4237525
2431333
4922740
92232
5475376
5560950
1340425
1364574
5319355
2147165
1268628
6051020
6175856
5759499
1673223
5035211
5016769
298110
2004298
2781580
275862
4484431
1037173
3354473
5346044
3914396
3877629
3546601
3024543
3981400
3499491
3188350
830269
364393
3021059
3774116
3399753
4077702
3994005
5040207
1643387
871016
714823
904750
4864131
1290315
2321694
2858168
3663227
3144310
2714029
3335006
5952544
6160054
5526378
4626772
1471493
1417130
3533568
3421793
1456610
4106778
1355773
3826317
1925098
2130982
1662864
5808018
472288
1346806
2085810
51374
5574071
2480758
3841101
2531955
4451284
5460704
3341507
2724452
3189046
1081812
4189619
2807344
3344735
6169900
3606838
3196483
4893098
2356698
2479362
3608446
5181779
6145819
1771156
597536
3194558
3715793
2681847
5951772
508443
647222
5910787
463384
3562043
683660
5778293
6038966
4167537
1029769
2918186
855723
3931506
1068913
5592476
3927225
214180
4798571
5546750
3146402
4333934
4908229
4437128
702705
884607
5735960
5970615
2959712
4233063
2755157
5421680
3045756
5294816
2657343
3659638
2185744
780441
2155839
3031708
3699095
1726552
1245607
4584961
5857588
105855
4751303
143106
5883880
2281951
951140
668022
5895923
4883305
1843557
3159061
1224143
2306860
5572670
3545333
1411416
3285876
3421252
3119608
6105011
1668343
223404
1587000
1861251
3450199
583486
3187843
485796
5345946
2142209
3213125
5210192
2458201
5209919
2728384
4303074
5773678
3457419
3182329
42692
5065078
352510
3855600
657728
2256094
5291953
451388
6060516
4541879
3570030
564174
4744807
3445776
2663633
164907
3844823
2547566
5299969
4209214
3455994
953811
4755949
1955598
4428580
1913931
2446681
856040
1399165
543680
60684
265985
6163381
4487053
3429279
4308341
297295
2369901
5121131
696701
1886993
1947876
2059471
1475289
4266325
2242292
5180385
4068016
2303509
876837
5947028
2812633
171960
4511839
2935628
5921992
4929139
15823
628106
6100334
5338472
485233
600814
1830836
3766315
4501813
3789299
3179633
1416004
1943038
4491380
1255359
2040663
2839664
5475004
2827737
1819002
5535130
3677513
841675
2250351
5085757
2916209
1960945
389223
5043803
2693405
1217600
2701973
417150
1753184
4377561
2516861
2702549
1599995
5422710
3532795
2386362
5142238
280293
4133635
3617440
2157186
4898136
421248
77020
559466
4494113
405902
2501830
1746399
3633483
402404
3944194
5374103
38677
845499
1855967
841618
4900588
1492299
5052132
4219033
1187969
4887770
3653392
1673824
971943
3602461
4108364
4386578
2355975
3664308
5117859
4676779
173058
5350036
5376004
5156384
1669752
4534156
865432
1745142
653538
4287832
2071885
3729142
1952990
325597
4783609
2857658
2040526
3962981
1663581
2827972
1239205
5362737
6009868
5374603
2867247
4467154
5914912
5007912
3467533
2197428
5196306
2017876
936520
1079867
2822306
5781613
809326
4684109
4904652
2657653
5649019
175342
2398795
6065244
6043692
4572181
4613117
6117987
2944205
4386027
3948919
2818124
3503279
2239890
5154759
3350152
5253151
4811754
4757906
5781932
5707207
3284413
4891644
5054496
3119291
1126110
5514274
1757345
1867951
3819238
4312948
4503120
5474314
886722
4137849
1299739
886969
460433
1174442
1316772
5087451
1615729
257595
3552032
1652082
3479722
2643576
3399279
1103814
2715774
2695613
3704887
5772917
2806211
6039391
5779309
5798634
5173135
4100639
381814
4725643
2836120
4148290
3499995
4053576
4443940
286527
4308012
3927826
1869827
1966747
1768495
131875
1012453
3627633
2832414
1401816
6139554
1478488
4547763
496330
1453568
1088552
6048379
2641735
3947335
4993261
5755768
5032227
4538811
1805255
161055
1251497
4169149
627797
2788925
4613021
1524067
4130825
4868635
4179919
4339889
2720400
1135784
6810
3087123
1091945
5600828
1633398
1744384
2348815
992978
599808
3217169
6007956
903888
3450291
2263545
1912280
4697014
3245126
2049829
4831682
996581
5132915
6059323
3908498
4439414
2407599
3824759
4648235
3061436
5363755
2801263
1150978
1831407
3234995
4063311
5044927
4042264
663673
264675
3336475
5893275
5123124
3282406
1198583
4076652
1538566
4727788
232885
5781033
2900720
2295547
1061545
5546448
2760448
1105122
491305
2124036
263519
5742609
5148765
3659987
3860076
4487242
2564934
976319
593841
4801012
3824669
775929
4958262
629996
4404790
425599
2223715
4639732
1165138
2591741
1400546
3406104
5041026
5260301
5604755
4746752
3818328
4831301
1090484
3351619
1370852
4658754
2517296
3480021
3940015
3415205
4408201
4458938
2879882
5782508
2210710
3135721
3836618
3299730
3169732
2910728
331744
640638
3199065
5783378
4706463
1331604
2508031
3424584
5107719
1046302
5701577
3079514
4449227
3324097
6033801
2879907
2100955
4719190
1058413
2793472
3342233
2629310
3929831
4355582
3184999
3067756
2295270
2956301
3824360
5077771
1608472
3393271
393326
4882593
1119011
4152157
6120488
5304709
2136296
5047874
1601029
3964258
4521862
3397708
2463283
5553193
2033443
1693813
1619517
1766442
4902450
2174819
425682
2853341
1458261
4327802
3305158
71268
1872960
4980410
725100
3751846
1056749
2343477
3142979
5368654
2705261
371083
2641895
2706594
5666795
2828187
5934664
6060113
5901901
4017033
2193219
4603756
3666667
349082
80180
2284289
158625
568279
3867296
2719233
3334982
2971177
5841560
116709
613835
3290467
3648005
4400028
3249495
6104447
5605059
1711544
1999320
3984237
3061702
813734
4044863
4259797
1419125
779168
1843160
1191008
3297292
2069517
4989843
4843741
3246287
4296405
1499752
4683886
2302777
3004838
6087974
799690
732405
4492081
2432222
1915215
1916191
1617439
5274619
4034515
4147835
2207700
2257774
568714
3374383
335057
1924080
6143982
3376256
1152705
519613
2116948
1033014
5682122
5200376
3849422
2495260
5358083
5150238
2908362
5426224
4770479
3603240
3070371
4691531
2755026
4574395
4394963
4416549
245696
3319589
2170728
1948046
663780
509223
481811
2229833
5637588
922357
547660
4322611
4989533
5269122
4977630
1515976
3912268
4982572
6064837
6140250
1061533
5963755
4384659
4443498
5745747
4640419
131140
4664376
5448253
1793585
5408344
1095563
5976045
3246616
5870585
4633821
3304326
5576724
3521123
1140454
2009595
553710
4447616
1680885
2156800
4314960
2353767
103740
4713516
1708811
1031840
3671880
3498131
4367273
126187
5624693
942304
1021120
953628
3459727
3046725
2378458
1334809
3334870
1857130
2165783
5905184
5817008
4004462
3042196
1394679
264987
3808553
979402
5744476
6137686
3038459
5429191
575106
4342859
389449
4246111
287223
4948544
3236442
4800682
4048662
3254679
3490446
4723301
3811949
2185479
538705
2261518
4275510
1001779
6030993
5650681
3151492
4226751
5795213
2271029
5261138
1786691
2824019
52097
5808563
5722419
792839
5768112
4128869
4092382
6129192
4641716
1129281
3015942
2726164
5025902
5152334
2413883
5242498
3823658
1132314
1527115
5211002
3795445
1096617
1803425
3360368
4414921
1710966
5223788
2691880
2894233
939145
1064430
5228087
3304445
3179964
4766175
1892666
3334641
114510
351897
1862629
1872984
3581126
5721979
4720194
5348903
3333647
3264311
641753
3854581
2898869
4773096
1698006
2559462
5022891
3795943
3313802
1123503
4233510
5751113
155691
324650
4899471
679122
4736074
1078186
1875789
3826935
379614
1675718
838967
4238753
3637449
3001101
3822969
767624
1493984
313043
1108120
1841195
5506562
5968521
3132775
4488867
496772
669577
5261554
710502
1309093
6043517
1199629
4958423
5876714
3246836
4269559
4613228
4704924
1947447
3021570
5232729
4343907
4932881
4580395
3387328
2355641
2325884
4769103
4903498
481354
5121676
5920059
4287216
2631128
2812554
617115
6083344
1745050
2225292
3904588
4114530
581501
2243147
1276921
1801533
5831134
4799318
2342436
2122521
4671448
787028
43896
3335524
4250111
285524
5624246
2590454
3115288
1892457
3177934
3589036
4054405
1409433
3269443
851748
1670791
904461
4746434
1008004
1876593
2215197
5682156
5313899
476686
4895140
4491996
1151079
121056
4895741
4448634
3239485
4287771
4750395
803190
5963981
804065
598859
2492246
4818227
4256266
4594920
1670857
2161250
4905813
3052223
1892319
1800441
4308399
4263679
4754073
413583
707018
1511150
58995
326977
4323012
4800763
145893
2018301
683311
3490399
2540833
1841354
5970527
3179855
1340964
3064542
6044176
5742596
1824429
3242507
3825661
4359833
746273
4230564
2990187
6002135
1438472
4142799
5567093
867253
5530580
2646718
206147
2733282
4004818
2053854
3090336
292258
884440
2254272
4809321
1745946
1452312
2699572
1513493
2910747
428928
2953990
320207
4457009
3359631
224138
1294386
619048
5002721
4649318
1429297
3684745
3330139
1288081
5395093
968171
21175
965079
3322048
3849580
865486
1761236
1671329
2891853
2519187
5698283
5840064
2405234
5463129
2703428
4536685
5783793
3563919
3856235
633456
386077
4910229
453936
573353
656231
677274
3339171
2831072
3581705
4900675
2088906
5525529
6163229
2676787
4055792
4172393
2281773
4380076
2126585
785678
1648892
817776
754550
1683976
273333
5644658
4677943
4682948
1038511
3356254
958055
2599609
4089351
1065526
3718306
3061037
5234506
2721465
3858751
2963972
4340731
1233445
1859217
121349
4591987
5929981
4639147
777320
4874271
4522437
558254
2447915
4608238
2813610
537187
3567875
1731618
2462480
2226177
3712160
2929281
2679743
3224004
997349
5830647
5623627
6099886
3180985
5358799
256263
1080437
4289622
3520362
2341074
3291742
2930236
1573067
3500145
876569
2064184
4252170
2367142
3578536
5355213
4159040
1110199
2539305
5567087
2326936
3226430
1943161
686618
358981
2904977
2642998
1138768
4849722
763688
4519032
4653347
2397479
1496410
2365103
799490
5388305
219244
5450077
4620234
4441099
2188563
2046959
3536557
4379491
1973541
493652
515684
206907
5168158
552287
490409
413322
438352
2276725
2279514
847157
3512536
4827633
585260
5508133
4595121
4909543
5633483
1332292
2040344
743854
283227
6132367
526764
5217439
3407919
206947
5961086
5323704
2842674
3197882
1589265
565239
1793450
4046994
1087196
2371885
742359
1309450
4660383
3279048
1127100
5652391
2362807
202278
4871811
5366840
6027634
4253944
595012
6115448
1180670
4876192
3044129
6178600
4614903
1299525
698420
3264037
2849484
833603
3783634
4813666
1624726
1497868
5525445
4865606
5014353
999900
4476451
5814245
2890994
3594705
3522010
4237302
4163840
656661
5877567
1133755
3387237
4064494
1017538
4152100
367985
576676
4199298
2074198
3861441
3002330
3827307
3498646
3284903
4608174
3546149
4913918
4348479
1270346
572935
3957558
777446
433759
2953632
3350318
2852141
5250926
1925499
2052456
3945898
2347501
2892696
442744
4018051
745742
1206694
124405
2431626
5174211
1580973
5860097
3291124
5107709
3712207
2264895
1785303
4301607
1645632
1934509
133600
4080387
2048225
620556
3265556
3523576
1325450
2505350
1819792
229781
4154585
5748846
355700
2840406
581275
2991639
128042
1346199
3425604
5288283
2310500
1130994
1163425
6051324
4279663
4651085
4375053
5610580
4587829
1833734
6014487
940775
4329624
4713094
5533149
3817718
1913604
1088564
3618703
4559217
5399414
4065629
686360
1527640
1889705
1129866
224916
1293506
3506356
4944108
5642618
2835192
1008005
3544144
1021443
3909792
5121190
4982525
5451551
8368
6071847
3457940
2388897
3832262
607631
824993
2000216
3943030
1074986
2335754
4331975
2750665
2578841
3470664
3669418
4950633
838847
4769522
2236886
3016762
405269
5940369
5810287
172653
1394
4587164
1022709
1459852
2427651
958100
4815987
5681362
4686480
2398437
3630667
4970248
1875360
4784518
5042219
607753
5811389
1208399
5625501
1718711
3406511
4087855
2215026
2497720
5542281
2207514
1473707
18794
2654346
918649
5020383
5712577
51652
969092
4670049
4035161
2208520
1215181
4379737
5828829
3681699
4586902
4031360
3221923
3957980
4080862
3778241
4831457
4478766
8679
3137103
142795
2479183
3698735
5709124
1686129
134957
935037
4644426
2644401
2253041
1693060
2998123
4072104
4705796
322475
2670511
4366844
456342
346380
703246
4882590
3201743
5704713
4043856
1153336
3082071
2264309
2059495
4977535
3753404
1121688
3629048
1124247
2435815
2267665
3880831
5534464
1966330
2914611
430481
3557429
1506519
4216253
4845146
1948252
4482204
5583201
1113982
4799473
5172689
3267289
2961890
1131144
3149340
3745762
3146015
1801571
3248453
3101003
4633550
1563375
2142646
1209119
518210
927831
5212139
2014267
4597057
940282
3399764
1425146
2975617
1427806
346797
5984315
3391252
4054655
3212712
5405556
1200064
1029004
313038
915107
2306109
5015792
3759958
1913891
6056770
3580138
6129931
760080
2617908
2249135
668430
829673
5820646
6098075
3733353
2269370
1325869
5185728
3371084
517792
2171432
1040913
3123877
3828558
3788690
3225122
1782923
3089843
17879
5870309
2474705
4750563
5621716
478509
1210329
3085198
3391558
4662556
3641685
4210267
5837783
5266591
2185573
2098868
1847677
4861823
4128924
437092
2107676
4977263
147981
4500521
5477623
4683558
5127494
3781416
225603
4540506
5951269
390923
3456840
2847807
5423806
4810856
4876697
650237
5018888
2745954
5953700
1021102
2952149
2881620
4773658
3360417
4966961
4727225
4645223
1337368
5040265
1347537
4945964
3029574
4271256
1091121
4103013
2784207
2528154
4755956
2484810
6053834
1550781
6093679
5477249
2323359
2720087
2591125
4410114
1089599
5249098
2977321
3546738
231034
5587245
5903459
1285106
1369038
6067307
1736378
6172267
2079222
451549
2126990
782572
1097703
2485607
5748610
5838782
4209843
5609416
5147159
925482
3331217
587480
1529048
2223545
747150
211447
5146684
4313083
2684772
3739320
4011148
1052866
1395000
2193015
3370275
3762154
3789775
3161047
75490
5143342
3265251
5092609
3767787
232422
1239562
2578498
2658156
2832241
3516231
3091502
824594
2134110
3384551
4658405
2248332
5532940
1296397
4207748
1107990
4009473
2117824
1944879
2555167
2509292
4024939
2383524
3158147
917990
3351729
5370118
3436809
3976488
5672001
145586
407651
4257767
3215496
2889735
1691761
1719525
6175766
466230
3792374
1659627
3786921
5535246
5373459
323185
4487538
3572924
4945881
4866003
2385903
792692
2174359
235703
5563596
3983367
446216
4785701
3410455
1134781
1696600
4724559
2304374
2421278
1270452
2624951
1621183
1791099
2540481
3474019
4949619
2326057
5884617
4678930
1174446
5394770
1103110
3904343
372156
3987017
1297829
356702
5218924
1971489
2979
5600466
2109557
4141825
895641
3174198
2153928
1818558
259729
5353408
3714616
1601368
4548785
5994653
3052143
287042
2314050
2398105
5769061
3670638
1585780
5277635
1344862
3060791
3907399
2040968
186027
5376017
1222541
3298929
6167565
2219978
614954
5182825
748320
3732914
6083547
4111167
5243715
4473321
5419332
1361752
6051861
2020570
2489849
5004180
3859985
2295573
3658140
1405311
2045252
5080465
2342852
2038661
3518199
4050065
2462880
5391767
2743308
4275487
511200
2635090
5385567
1484820
2929079
1986896
2042963
5841000
5280554
3242412
6132656
781315
203357
1672142
3004756
4921137
2150632
4651685
1491965
5575975
1344879
3424687
5821918
3309717
5765890
1547821
5801883
4309654
4732930
2885363
3512580
1685577
4131227
5101098
990539
3237407
2573205
1674466
1934504
1583039
5899497
5408175
366772
452919
4479891
4827999
159532
822470
4357930
180497
335832
5967339
5674902
1439928
388085
3486237
3568989
1923385
276608
5487702
2118041
5380619
4882032
4592138
3798662
2591378
4316465
5953666
925342
5016353
6051754
400330
41342
4181843
2963790
5606422
3634745
1732731
6016102
2797233
1631508
6010621
2641798
2542195
2393450
4477092
2400419
989412
2229158
1980671
764060
6013821
259026
1024053
5328625
2870501
413602
1292098
3853384
2381954
3517149
1790586
3417133
5220875
7499
5422835
739727
2817509
304327
3119841
4118693
1586667
307943
5331120
3208071
1321308
2962524
3740873
3117391
1245937
6038291
687368
176269
4431582
1505186
5841739
6138896
2004543
3592764
4219397
2889797
1991590
2216971
3730836
1896265
2517195
4783051
301134
3134178
2067732
1183027
122378
2885773
3175012
1681336
3158204
559390
749964
5998281
1751740
3176558
3168340
2752653
2889242
1192900
5817028
4940739
508015
5964837
3392250
5679030
6109845
4374805
829258
3272635
2977696
5996759
284752
5082925
5339126
2139124
1233765
3519322
2379427
3691807
5449489
1457740
4747659
4556260
5227592
1005349
4243180
4404334
2649573
4501454
4087760
591710
3829950
40159
3208400
3683607
2578072
566552
3750305
3112250
6011289
2818001
4470991
4777851
2734129
3542927
1892287
4373045
4437642
2559242
732390
2172485
378859
2847017
2326615
800227
3088111
4367155
1611295
1052198
2228281
6164126
5525992
3126205
6062907
4268624
3454808
3511871
254089
2259481
4680507
2861995
4128477
2246196
3094788
1713778
1310448
4148923
2543729
676872
5382178
709927
693620
4330423
5637933
3227107
1990437
4758456
3107080
784900
2631332
2866465
2200589
5264917
515821
4299607
4221448
401765
946662
3848342
6022259
3903644
472617
2774671
2948157
1021599
327093
2233646
2333409
1538928
2975488
3146528
710778
4054751
1333836
5145486
1388489
1201584
3028105
3618055
3136156
4637513
5244011
2597386
861621
2426863
3672076
304118
4449067
5303579
5976157
5693830
2276136
5982723
2198285
3709216
2668600
2295046
3142120
1673487
1112465
3134777
2015664
510425
454567
5168813
2770006
2146974
6142116
13540
3625586
4353745
876531
481187
558673
3688205
913798
4503648
5853328
5246240
1883295
2768634
4471609
5199751
1440565
55430
165566
4256210
6077522
1824893
5769432
2963899
5610172
5155645
2704787
5484779
4700524
2227745
5837419
2233023
1751537
2992201
4741552
3809607
28181
4583921
674453
5949389
4682537
2458438
4094750
5783614
651168
2231347
2053835
2754841
4078758
1190670
3312617
5576016
5558924
4842998
4607686
1091488
5746142
745453
1842362
4379374
5024343
2998778
2802466
1834160
2198570
1868493
4105606
3677836
6043198
4014760
650552
5376534
4996543
551121
5110922
5465568
3560707
3361886
2584575
2748660
5848648
425728
3893012
3723875
3796383
2726733
1267175
5009310
482370
5302775
1170968
2826598
4683699
517395
2833809
5314734
6041478
3946420
3879283
2963442
1041439
4234075
5364593
2394445
636
793811
1114315
3497621
5363874
2474329
1007828
1771118
701738
3037264
3701770
2609371
6096856
2136987
5729733
1318329
123056
2350170
3369342
3309651
3031098
2187248
4312388
2314467
76846
2204666
5786041
1760516
1698777
5013263
4271730
271045
902828
4320707
2263137
718625
437305
2116163
4793790
2688733
5695913
5740939
1731607
1516985
3421640
2711501
1334838
3283071
4196257
4429371
5123457
6097772
4173469
4172928
794519
569206
854228
327631
2253522
730452
3104172
6082210
5731138
49098
2553920
4136592
988075
4225545
2365624
3498329
4472230
4565781
5420964
1017382
3521182
281732
3038502
3623520
1751379
992183
3065151
865486
1062349
1605799
2252571
5073683
185505
2778451
4382571
1854929
3814120
5025396
4748944
1496116
3516560
439889
3304101
2927706
823286
5255888
5295516
5953383
3129178
71608
4586995
2203147
2075481
43904
3899602
2968781
6046328
4076763
917889
4067804
5190918
1279991
1914202
4390719
299047
5208224
1013259
5481373
5657601
5139208
5905526
3019236
2843000
2624706
2821468
788367
552142
5902223
6043378
1765950
1111065
2757516
3310739
4104577
3157267
751401
4489472
3703464
511068
6129947
2363776
5704456
1157600
2196066
73259
788232
2699403
531309
1798825
2101563
5965664
3965112
5822572
4170327
584636
583773
2324310
2770532
6000590
2437339
2439636
5895413
5983554
3522003
1044377
3388883
1093822
83396
3225720
2028385
5734036
1692448
4482808
3632835
5027379
792714
5997309
1762945
4044050
1935942
683210
6075106
5498614
5756763
6060594
4261998
5417884
4219547
622107
4169850
795267
4041752
1451745
2155546
272746
3522802
5057603
4701800
3644046
151523
2935883
1674356
2594138
1858842
1800399
3996490
2296257
897074
4563686
4353395
2623836
1631263
512014
2664675
1524324
4114172
2117334
1878955
507229
568738
5481435
6018050
5590806
1607788
5365865
1851247
516362
5499553
1907304
565097
4907087
5822385
2480043
4250417
5413557
693025
2793630
2616720
4208840
3025735
3775311
4168669
5193701
2688373
2365485
4246732
3106594
1785044
520876
2817701
3718740
3621301
5650284
2498424
4677042
5386211
4026962
4042066
5032116
4132387
5957855
5845480
5185868
4602224
2695922
181101
5071907
5948206
4553708
4924288
5526110
4141513
66816
1270183
1089126
3419132
5004810
4475070
4788750
2969492
2019293
5330198
2906943
4975871
5024796
4540838
4746133
810472
1660534
5114606
1388585
5398964
2392129
1562725
3697739
4045464
3894099
3238118
3646840
1531372
1423591
834986
90358
6052363
1735104
1359944
1887121
3447871
2799359
389192
734847
5930551
3213882
5794705
430937
448490
5664259
1486977
6184249
609748
1529060
1285347
1414267
5916828
686479
5330764
1664768
892181
2844540
1505810
2048301
2885594
5673688
3591811
4202525
3346661
5798423
5710998
427569
3101578
4959516
403928
3770211
2306406
2548567
160293
2678874
2242415
4786037
4306819
2603887
3047124
1946821
4060663
1500249
2993808
4881338
4402491
1349796
4658602
734599
755364
3149840
2880224
4737224
2107204
319856
2953480
428464
3109206
2029507
2221039
833040
1717737
5310103
5448993
2530939
995827
3108117
1925042
3052778
908754
5554301
283978
606692
6020675
2071122
2075678
737633
2283086
3723440
299534
1332063
6028960
854916
1046110
1994495
5066688
4343250
5751565
398649
3403223
3949229
2905654
3937410
5086093
485751
4175636
1721484
3343803
6019917
3572352
3112011
3330927
674031
5647888
4108323
708171
1543784
2513773
3201041
2507247
5239420
5991598
980022
5576210
5988124
162387
4500346
706324
4654429
5931020
3420702
1961717
5034799
2986626
4114719
3526251
4507933
615853
3603526
2037961
1629866
5002302
3097675
3185943
2144211
2350578
2085447
2074790
6111344
4290839
2545582
2705858
4353827
928664
2977909
4509860
4694586
554682
5601579
5823850
2372693
2201563
2584930
718812
1570715
240519
1320353
481548
5659612
1338281
5523317
1738379
1976119
5574926
3939965
3102716
5550380
5319268
4547922
27137
1203017
1323529
5688979
1297943
5551346
2283069
2178496
1043362
2022664
5895024
3272883
2111953
5705749
2168314
445951
796656
533573
3927561
1925813
4709729
5105192
2795372
914550
5496878
3625062
2009358
5845232
5106437
1122195
2252836
4851101
3562720
271573
2994393
5005840
4647608
3612011
704967
4253296
1233486
5999961
1636661
751134
4798191
2789367
719569
1130061
1126493
4803421
1203223
5754892
5542862
3724991
2820313
1304024
1020958
4230170
316707
48812
1254492
1172094
4101486
5071427
3283658
2526533
5960516
3039739
2643146
498247
4284635
348303
2167191
222698
373621
1676890
5728488
3779731
1705851
5580982
5960679
3671503
4102677
5953145
33673
3405649
2468639
3593548
4984412
3458691
173872
5685055
994974
2405851
412443
1692247
1952739
788346
1504914
1554008
3118078
1742046
3770413
825499
5776578
452034
4410463
248291
4882695
5417979
2020865
4774893
5639776
5983729
5477177
2231122
4474275
2133879
5007852
1352163
5974942
3930568
2385358
2393643
1187257
627815
1506064
2050227
2995964
5536418
1970385
860115
2823659
4225931
4072107
3924375
3124011
4067962
805078
5547898
2708337
1430827
4888533
1336226
676019
4752569
5886605
6189147
1978726
3531260
5645645
2537269
4891910
300756
3671285
2556551
4286363
52311
4840983
3143431
4547169
2415588
547022
5155510
1352538
5612341
2853214
4816355
3198726
2110341
3225729
2476931
857657
3484079
5485655
728899
6121431
5807010
671778
2454808
4019376
4104470
1340115
6118958
1969796
2432871
4350369
931872
912556
5901244
4466957
1125604
5296964
2127479
3038700
4939947
5815792
3281132
2961095
5242510
4949681
98369
2992036
5928996
667288
4387181
5988161
6079489
575087
1073299
3720143
5273483
4345987
882370
3418102
4373182
1667986
293782
6115757
5296620
267505
5325308
254186
4292862
1391685
735560
466912
5750981
3916216
1781297
6158581
5955534
5169350
4620982
719264
5927192
447259
3397861
4271736
5109972
96194
4391659
951647
1809396
236686
1079243
3584430
1056731
1635846
2792502
474515
5064909
1153485
2251508
28161
3888780
1093420
4515650
5631222
290786
1188754
1056516
4319058
5603855
2421009
1758621
4581651
1791180
5262848
3826945
4241913
106750
1034379
4477219
4047111
3129347
5191712
640537
522773
700472
544022
1276981
6075991
3701812
1830237
5681285
2776200
5361043
5006210
5254947
851926
802786
3339513
3091392
3201019
1693954
300279
2986702
4857065
2014052
1432320
383785
1158893
499256
1322006
2573341
2887649
1952636
4060459
611103
4313973
4479299
851696
430913
5888740
5116716
3470010
3072652
4554442
1732186
5585598
4872548
2985636
4070806
2694383
3435230
4282425
2194387
4257059
4577275
5222161
1662507
3854280
1529502
1341511
5993851
4899505
4046364
1911675
794293
4128909
3607286
2336017
4982845
1691982
2081420
3353671
2392055
4553982
5446990
4016431
3017012
1892659
3864074
2458329
609979
3955466
2940534
619435
2512549
4490074
1633342
3785729
967320
1393162
2787893
234682
2782611
3622436
4073366
3439293
3728774
2130409
2518625
4526962
4201334
762960
4422251
6089692
96918
3871080
4965438
25015
2896664
158414
1193157
2604447
4366186
2588962
5585042
1845930
3029222
3220171
4245995
5795024
4270484
4006628
4667596
5231703
2259158
5428040
3737933
5388378
1905916
4520477
1595041
1605566
1228457
5584818
2690955
3979115
4263952
6183616
4576591
1460601
696582
2155303
3384873
2513267
4831329
5099167
1881324
2526007
2924176
3221708
4541690
1683804
4637483
5909035
3868347
3038350
1620759
1799213
1582171
5031048
403079
4829978
6039671
4643788
3599101
352456
3276206
2005876
5101775
474239
2962160
97082
998603
3839251
2852982
807900
5153191
3972969
5902358
2739411
983739
329888
5483147
6084605
2095789
5022560
713254
3207705
828470
4247416
4089257
3246280
4747533
3400640
3702587
5890808
4430829
4709228
2447769
2208778
4665790
634459
759788
4624578
2629938
5777700
3029414
2073889
907545
3786404
5025699
3054514
4523500
3759522
5838671
2858285
1711821
5953912
2994993
464873
3267588
4716769
5381678
1162870
4273275
3705518
4131438
181829
2407339
5147243
3289911
2344980
4822000
2993487
2796668
6155426
4223938
503146
798759
2919614
1242521
5141646
1177914
459280
3303109
249932
891698
2963993
838661
5294383
1906494
5061483
4634439
5541356
2170316
6123743
3332192
4031088
2098060
4043608
4361346
2570657
42535
2596133
4703191
1060955
3976470
3109075
2622402
2269880
3492690
1592857
4487493
726539
520042
3171073
5925169
1929541
3901475
2992510
3455787
2054480
4550645
2593522
1209796
908011
4735824
5379379
1341415
1139892
4451289
2455183
4878009
4819925
792265
3205525
8030
5969330
3251710
4118469
5597347
5851725
760922
1488262
6150675
5932865
4002048
1040715
2365280
3456711
2198412
4240691
139479
2171356
747990
4467896
4526942
5967933
3511796
3209651
4573966
3930634
4971260
2713776
162911
6004670
3891659
5408308
985634
4793015
2234048
4204373
4837602
4426226
59005
5922808
5327023
3465918
45237
4768188
3376393
3821070
5789500
4713381
2084044
3717044
997391
4554785
4221361
3489141
264118
5834292
635033
4696865
3187460
5554267
3673148
1735481
3342908
799158
5218843
4610846
1711263
5497746
5277134
4658497
4868673
3218867
2460361
2203805
461934
4348956
2407366
4710955
6178000
659438
2493730
3348276
5305731
2467206
1198277
4317851
3705967
5881082
3843962
2937893
454982
1477373
2342279
2372691
2392495
2888709
1898771
628448
3636748
260695
3065640
5684433
51355
572454
