388
500
257
271
28
36
276
324
200
24
414
199
362
363
57
407
454
121
504
495
425
300
353
505
412
60
67
294
87
245
318
87
177
564
262
418
511
212
126
490
269
73
58
37
228
554
446
427
559
40
444
188
210
39
291
193
437
481
150
30
225
38
208
523
301
99
145
560
488
201
526
463
397
282
514
111
352
498
187
536
371
496
127
428
185
32
5
141
421
497
124
35
302
80
457
325
461
113
223
77
93
222
32
175
227
508
332
320
407
301
511
15
97
149
295
496
92
365
158
322
261
358
456
57
278
536
382
133
473
143
408
238
529
524
233
257
426
502
110
180
185
492
284
272
404
420
135
533
302
385
161
566
444
506
426
9
75
187
377
73
368
435
313
411
191
329
8
156
481
245
107
138
523
37
434
133
169
526
66
281
239
367
80
46
21
504
68
542
173
536
222
406
270
540
318
559
122
51
232
560
186
217
136
466
169
26
162
38
102
12
162
185
349
314
72
442
466
297
32
392
330
285
152
200
368
537
433
287
33
243
315
364
324
247
465
472
469
408
477
281
141
469
209
131
375
358
56
141
264
328
564
362
135
210
427
6
109
77
301
220
453
23
216
392
364
111
31
141
262
335
135
511
511
261
120
233
368
23
416
236
119
345
17
6
133
422
109
431
287
38
279
379
496
452
20
54
171
435
399
48
137
472
379
120
363
179
233
551
414
418
557
302
215
137
374
207
500
423
339
511
227
42
459
50
199
78
178
28
373
224
397
54
559
431
91
426
67
366
408
86
425
136
428
406
270
223
263
221
171
259
419
260
426
34
83
97
239
15
203
514
480
453
137
2
425
65
5
370
405
70
88
227
53
197
331
238
420
272
17
356
244
216
241
143
209
412
210
59
413
115
197
266
282
48
508
364
332
153
110
352
374
299
560
279
6
358
343
135
104
425
207
262
294
440
125
266
510
14
544
143
562
47
354
560
310
457
537
45
390
92
316
146
101
115
316
142
349
565
174
105
138
350
233
476
261
164
442
317
250
166
289
150
317
130
552
401
327
113
249
412
371
548
145
481
74
455
13
278
406
178
246
418
123
486
508
549
530
181
295
135
454
123
62
471
225
406
407
23
316
489
225
441
453
44
516
200
103
527
306
135
458
111
86
149
392
8
408
389
354
459
333
447
555
337
547
301
521
508
213
496
264
297
200
322
64
381
378
41
72
425
567
146
548
391
310
378
121
300
18
55
196
558
60
33
364
143
470
350
166
36
307
309
434
384
407
33
503
184
473
359
481
450
399
297
435
520
283
517
487
258
522
311
361
469
447
268
510
297
182
430
316
527
511
148
43
539
259
439
245
499
25
248
154
488
545
208
318
104
258
20
