6731392
4999431
911593
4311589
5146422
5939905
6778966
5870720
1036489
6354464
5950995
7528035
2618154
5622906
3471233
1590191
6100088
4628654
362700
3852215
4469413
1627650
1034568
6550637
3694332
7750814
5948892
396704
5591974
1846099
6961421
5510319
1045147
1051185
5504151
5532478
1887242
4740584
6540631
6327973
5049619
6203344
111380
346950
244950
6592774
7641297
3876562
6052382
5456263
5286520
5525684
2792159
4862317
1429216
2035615
4978668
354328
766725
7659247
5521702
3110243
1189853
2597490
216157
6313166
7155673
246783
4307453
6930776
3930276
1674778
1449070
7336111
4687813
2038951
7741963
4384411
3227870
7279662
5639984
2917354
5792048
6494157
3049206
1699571
3253380
3928455
1424276
6978917
3925322
6389963
2027798
843421
3642074
7590505
4600862
1125508
7784987
6836102
4830764
808602
264154
968332
3717988
6651982
1274509
4573525
5579582
662838
5083986
5228385
1670727
392557
7646223
2132572
899444
4052483
7462595
3311693
2049830
7956895
5546175
7680721
1360166
444366
3929018
6733811
2604366
4335756
5308143
2041589
1994639
1834717
756035
1614463
1772135
5567400
5998796
4212742
3089455
3695654
3197725
2629438
6969102
1966724
7826023
5194213
630438
5254760
2490439
1203363
7409993
3552295
6752012
3017413
2626015
807633
7790953
6063665
4411926
4000534
2103151
350079
7626411
3159526
4743181
5387071
1614053
702369
222095
19218
869899
4798839
6333622
8006594
2079174
7095415
2997944
2518030
1307774
3288169
2851788
225727
5305057
820900
4761081
2787646
5811487
1562112
5450032
5275903
7678045
4116006
462796
1882618
1006769
4359501
7101721
4213332
1471293
1601560
1046093
2426084
1324411
6690023
1904097
5687930
2848802
5394852
2075937
7579305
2668449
4082148
3077944
1933753
4039908
4269996
3410086
1923629
1181388
3327400
7514424
679537
7802551
6078920
2682561
7166354
1719626
2548917
1429971
3622171
4274593
1126571
2987231
6478628
5387275
6480341
4894288
2102365
2496079
5390032
5853602
5389800
7375669
1549582
1125232
1153598
1807795
5205000
6611411
7706871
7753534
5745173
2192338
3061657
3144166
3078948
4743937
7862109
5425648
1117427
6990257
2713822
7604716
4279466
6967831
4014971
7965942
3211751
4885086
7456447
984732
105274
6673998
4771437
1669764
4537958
5996043
4552346
1712392
3564876
6242939
4216375
2875258
582452
3381641
1907864
5126557
1383722
6595422
5254682
328282
7081844
6599065
4326250
8000711
1843973
158347
477997
6886343
2747945
6053603
3959572
4405736
4551850
6671523
5086439
3791578
95502
7192055
7207291
4383375
6524686
4628314
7688779
5988506
5490722
5387166
4177980
3704599
6667504
7556904
2719138
1031621
5322054
6066474
4865541
5655595
3742851
3428377
3620436
3360216
812570
3264697
3714691
2819965
3651749
2510552
7819723
3470249
4440860
2511821
2089035
784985
6990345
3680860
7312261
1403315
1502945
6203504
1586318
6175377
7064663
6864756
3682748
74060
5270719
971687
2532645
4062050
50319
991897
1682659
4897778
5232143
4723754
1278122
6974234
5581268
6400457
4731188
343788
1810458
2628401
7239493
7115489
1124159
5287257
1504942
3330543
1598344
5646842
6354226
4504645
7271206
3539586
2135074
3997580
6444358
27196
3585856
6247299
533981
139145
648536
843353
3183700
6081913
7998997
2181373
3434545
1862000
7847819
5617868
730096
1453739
4045584
1273746
7552516
7144953
392014
731243
1201542
7550087
2955833
2275351
5345011
5871802
7444720
3189738
1864036
3614115
5087398
3046741
5666588
420815
7543761
4935070
2112928
5608004
4012982
1787857
5462147
4634513
3732121
5339825
5936372
5834400
6827902
7200911
4702541
5733187
2857941
944062
4832421
2648597
2890001
6484665
7710274
4578091
2045295
7650517
6902301
6393051
6822980
7474207
1999611
5552744
5635
291110
6448388
4843324
6162358
2201006
2821635
1930268
1361831
6398400
6969808
203638
391561
1480688
2239089
6851624
7876983
936294
127388
5504373
2359635
1242762
6029143
6423593
497314
2265683
2065201
5576925
6669724
132906
35952
4430899
395511
3746370
6405855
7398756
6771271
7630120
223852
1571973
6207689
3685484
7608555
3159828
544899
2498793
4178460
1915930
6396496
6254588
4339034
4836415
5025989
5752040
510761
4704254
7020958
296976
3118313
3491995
535669
1996904
3554965
6127593
2563199
4993528
2230167
183448
7031351
5287295
2438295
2895868
3517306
3218320
6431010
1645774
641895
2504691
2268377
4250801
6801174
4276338
6018767
642534
1983552
5396861
7461436
4060142
115278
1508670
5338775
3012160
2438199
4577896
1295641
7307209
6159579
7428145
302269
7565145
1789965
4099465
4653851
4325389
6748984
3296031
1600617
1166336
2521802
163626
7127404
2154211
3406199
882367
7005073
820468
7336827
5310211
3667243
7864552
2112227
1324842
212638
3315523
3515901
47278
5260221
241322
4961725
6187591
7851072
239027
3380750
5820485
7736735
4165979
2065096
2412079
3992811
5030251
2310955
3422443
4609844
3364643
7899051
1700539
6067347
549511
7553674
3294255
7678965
1256914
5422494
972845
381664
2924511
1037197
7734686
2208131
1020570
2188609
4456883
2810290
35548
310943
6434327
422059
1272578
2283925
3007868
1243182
4779319
7623918
2065201
4787090
6614038
1467869
1284833
1080870
932317
2854360
929383
6681858
2168806
48205
1290143
5127687
2638275
3280965
7100194
1861937
4903623
6237025
1929597
6164899
5639346
4041283
2695757
7488192
64055
1999163
104014
3950059
7892677
5098315
1767181
6859629
4142772
6703278
3102767
7861467
7628922
1857531
642144
7250588
1355801
7466241
3686299
737526
2964736
5361
7729630
2488536
5890734
5014056
3187699
5003539
5682618
5029062
3161917
4238737
7857554
5726759
5342391
5189641
764483
3396865
6125411
708283
3041177
5133613
5819704
1563750
5789905
7849779
7188696
583890
2758720
1832443
65030
1362325
7019786
494120
5807551
7695803
2749304
6437604
3793815
4469991
1464229
829202
4800239
4421185
7035148
3720645
5588078
7516613
7154099
7070297
5332638
4709993
1359279
2594211
7437337
7364975
6747610
6068989
4688251
1375948
1647484
1857616
5466039
4331712
1399785
7548522
5851684
573781
5742210
4211192
6207536
5810498
769896
876935
1201608
7018982
6947085
6003571
4561867
6840917
4257492
2108778
5166756
4763948
4018218
760293
183915
197667
1380467
6963046
1820360
1579107
5369834
2490721
4894679
4290209
1353808
3618515
1461463
6474721
6942066
1152934
260849
1821202
6761700
149791
7753488
2965674
5929634
3623755
4885395
3771884
6492088
930188
819230
952942
7678286
1903439
4616180
7031051
6883114
3823293
328639
5461444
1792737
1950427
1008933
1914558
1970646
4551817
1886845
5801951
1133882
6093397
1173620
4927025
449669
3293651
527936
6403499
2412035
5156643
1036822
7444257
6722010
988493
7941172
5946304
7993338
4279489
6702236
2402638
4306633
2211347
1939234
3874161
3652451
6377868
5994359
2788114
2740881
3306898
6582176
3780023
143723
6266255
7661977
2108190
3061485
4560361
3731096
7289950
4939138
1938812
3225774
5125819
5614606
2755868
106579
6983044
1058330
7881664
2178516
3213647
2524840
4254079
6333366
2297369
7256233
3149402
3361915
4019068
3035171
4133194
5676187
4618986
6274056
2512824
3735689
6239003
5510604
7740052
7739161
6155428
8023664
5954899
7262581
1367452
85830
5464127
4458140
1690730
6904088
6009302
5655578
4301203
4291244
7154638
6741334
1473249
6040003
7135545
461747
5698029
4239997
396593
5054278
6374694
171075
5084306
506406
2293560
5445915
7827426
635825
427293
3174806
2324695
7609409
4138483
3275352
1638719
5045971
4919202
2012044
3125736
6736894
3436358
1404784
6850203
4428373
1506387
840685
713272
1566210
7884010
3154155
1892006
1242242
1851659
1895711
1988030
1510793
7490269
4575508
2155071
726569
7518714
7404687
5230651
2535313
1226171
3453506
5581628
5789520
4761463
7147759
838868
866592
988888
6083161
5301536
7263299
241625
6232310
5763409
6252542
3002146
661508
5849004
5228563
1632924
1606082
3944652
1882277
772021
5007399
6878921
1426652
1397329
5565314
761756
3000217
2542522
7856941
6672141
4559907
2727477
2467395
6113207
1132098
7658607
1734560
6852447
5149099
4884898
4706368
2958437
7085384
2064235
4090195
4420878
1036370
1384091
5295195
2273402
7035475
7663367
1773375
440730
5233192
3185049
559127
5352469
1021966
6454687
7962570
3765793
3543181
1791340
1385030
5025798
5734465
3932666
3379610
1184978
5330873
7896739
7279908
2237280
7703387
3332297
3954095
4778336
1383245
2936689
7832769
1456696
4217779
1707188
3163116
5764334
5435494
1168665
6796337
2914692
7142542
4120478
1495501
7980807
513089
3468425
3871443
5273361
4441411
1175386
3640190
6267592
3434610
2478835
4877751
7366888
3878093
7523706
4072933
7411594
3300373
568622
4793557
2092653
3141964
5487492
7754259
618168
6635977
7553058
61550
4923233
6481318
7199900
4599413
4892905
3069605
7922524
2537094
6736518
7229375
6330179
4310737
4636548
3362860
6527504
6655250
3291345
7289583
3976785
4728571
6744298
2406735
2255447
1056206
2422591
4882007
3785251
6582811
2010822
6229751
4428775
4780710
7192962
1066941
2021307
6187860
5852769
6929370
6089957
5945799
3774863
7797442
6312020
1686684
6723590
3523496
4525027
4797212
5117727
4817582
6331163
2575406
4147321
6636016
7408388
1037122
4206694
2722673
350284
3589288
6146835
4375431
3064509
4315130
975634
1133888
1069508
6962625
1975015
2703453
6416030
7414839
1456891
7169213
2179018
461596
5782629
3502222
5843816
7547024
4947571
4756339
6977894
6948064
2875061
7762615
1467013
6843910
6264489
674101
1777116
406853
7494540
533859
4382676
206577
3504357
4004006
5114087
5093363
7562449
2446691
4396548
3919490
2147090
5610856
1390139
1624826
3299611
2346095
4011220
7550818
7901447
1342961
4553884
647475
7040943
4618850
7065754
2434388
6232031
4846590
3359975
1905983
2272676
1595984
5587830
2236526
2439520
2264436
520417
4481175
799405
6695416
6760139
7282400
2596470
122164
5120336
1548721
1894328
3121133
3349557
7163351
949700
3470898
7532193
2753230
962991
4720161
1104345
2629524
2257180
491322
6479744
4350200
1389382
3179699
1421994
779937
5426614
721392
960924
2725477
2626034
4739756
6015039
6347715
5112996
1982029
1906621
5275515
1841147
1660439
1142401
775871
6697257
5139315
7676394
7355750
3762445
7186920
2114956
5508201
7913603
696463
2640723
2064283
4897075
2433804
66687
385813
6144355
6420264
6377599
7347573
1011021
971880
4208529
7961056
4408874
1867409
465781
7321093
1423219
1876905
5670872
6702581
6648157
7256094
5053827
762404
5856307
2116586
6786053
5139076
1362173
7417517
7278787
5306965
7876405
5700785
1847953
1456266
4954004
3393618
1372586
4068348
6628833
7089693
7707720
5716004
5989809
1207495
7125400
6925949
5600924
4279464
5574700
5986956
5519669
1302338
2897979
2099962
5576542
151720
4193473
2470115
7726361
890545
5757540
4971039
4732033
4190321
5836485
7151797
510018
866715
7841045
2899763
6047418
1484960
6407831
2809595
4904580
4883464
4742177
4279085
6814864
1048330
1926562
5094975
292177
7733398
1523815
1426194
4227328
952656
2431621
6432715
4744397
992635
3296026
5682504
3580350
6091085
2742552
578324
1254603
4620406
7129617
7776285
1907236
5518516
4311554
5779545
7177470
348846
7571922
1638264
3026693
2099979
7324380
6301309
3369666
7674028
3753610
4749732
5499144
7108250
4502371
7483922
2410405
3900001
1904504
4842815
2267985
3065397
289720
3243718
5542866
1546164
5320295
7502460
7632863
2021717
1560094
1968067
4137973
2229237
944019
3819570
6556598
5646996
5516199
3309272
3408602
7748819
4871018
5738821
4934430
850019
6288710
1284859
3638232
2323000
6391141
2755329
1401892
4946523
3985562
6663427
281939
5329525
4089852
5819166
1376514
1193452
6041485
2990572
7297659
4420164
2756745
5499049
1083073
4395491
5015813
6635629
5485682
2491644
4724229
6933995
4841360
3144625
5064808
4432789
1789796
2619205
1938176
2364955
811550
6158281
7604783
1656755
7996785
2966213
1685287
1722989
1307162
7740026
1664704
3655757
2464266
7145316
3831790
7387290
6107036
1726924
1764708
3024298
1659156
378513
5707870
7283753
4275544
785759
4734792
6280745
1281578
1423032
1821861
2052113
271123
2134682
6475292
1148665
1266888
3575687
228181
1590677
4590159
4894689
1184434
842340
3314690
5681073
7311696
42142
2762453
6991287
5317606
3116292
691960
2440047
6719069
3430080
2062469
5079863
3094700
2089529
7356113
6017862
5496766
2750717
979188
1592486
4639947
5441428
7179974
2936745
6495150
7090332
2265443
457205
3761852
1150769
6112387
5945699
6312936
7079034
4702542
4581423
6632322
871323
7218672
644284
1882992
7477829
6862483
6961803
4036350
1563460
3160519
3751673
7445002
6955701
1605948
863602
4082654
2409126
2717294
1335910
6054313
3965229
3207015
4393992
2426552
627988
3518094
772660
3723679
1806524
7234196
933566
5364276
4927495
339371
7780160
4604823
4553232
522549
2662204
1348596
796333
3525293
5361830
4395447
2206070
5617031
72458
4839858
3473716
1482356
4218715
5890701
5781662
3999265
645833
5803125
2443604
615333
2695909
5757956
2881009
7782876
1213762
7638397
1507017
7906893
5595810
2021680
1777578
127609
651657
3267905
3981947
5040087
5967333
3663921
4030839
2143559
6941673
2558050
920126
5556872
7003879
5736196
3816413
5397781
3928850
3673746
5793748
6589841
5061169
7359369
5041105
1421523
4060008
6755115
6241002
3495069
5212694
8005871
5395646
145247
1975430
7455540
4907608
3272142
5309852
696026
191236
4548304
6866830
4443745
2075840
2305837
4142590
8009966
5928568
5413274
5934101
6090160
2141682
7503153
4413530
2777193
3973122
3122482
1345563
4647193
1529095
2485702
4859338
203735
7245651
4179853
6176665
5591898
3727596
4774226
3959112
6074499
1808842
6586113
6349951
6001494
6050059
209338
5099960
7506532
873534
3265821
5293606
3396858
6354250
952701
5097107
20972
4821211
499457
1257945
904032
3982709
2189247
3173000
4033911
1351456
1082902
123835
2528021
5726136
6249794
262681
2574627
7604530
6516470
2853525
1136304
3604924
1014580
1855815
6682686
7223086
762307
205952
6173162
1737793
7652757
1160774
7709544
5457420
4861266
2643017
7844125
4982624
4817044
7196231
5750277
2178432
6906434
7142520
2790010
440318
5207013
452796
2945302
6032786
3413761
7392927
5747600
5385955
428677
827751
3731169
2455268
2866119
4993426
2713323
3880413
5408481
7896463
4701220
678300
6652712
5880585
4055615
3949195
3388016
535891
6134479
2933590
2624690
4660667
1441266
7724750
2216083
7213696
1600063
1815903
1966045
7604662
1664432
517213
6028734
2582880
5492398
3322001
3645506
88024
6608636
2564677
3797133
2131519
2483275
1169815
1887596
6333500
1709101
1381796
1341639
132395
3841194
4585576
2658917
6297498
1414332
7302516
5731416
2349173
4045369
7438316
4978477
396581
3218585
7528876
7834873
4933064
6180877
6261658
6287261
2159790
894164
4436462
1611922
3721713
7156977
5294595
7720956
3619790
7948069
657233
7145178
5851650
7863846
334403
2338530
5990872
7471858
1675633
3511931
3777150
2673249
6166209
2720348
4942000
3192757
2673713
1159471
7205557
2815333
4318667
3467409
3304068
1218579
5399668
4599667
3891365
7090109
5875535
3879420
5296272
6437104
681721
2299171
2647276
2316525
366271
1676369
4324198
1324244
661095
6093026
6487932
5117115
1708844
1421700
5167936
4516245
1206157
6611067
2424791
1058654
3292723
6656847
267052
1134258
4852721
1001233
3535761
3978644
2069004
4145272
1485503
6589591
5654649
3545487
4303330
5470330
5211146
6182958
1882354
3659644
167946
1030579
2061456
1056404
2694913
3766875
770925
7169779
407719
1269988
4553374
197159
6579831
7576530
7108678
3333851
5938776
3935850
189580
2787618
2332594
5108109
7676848
126777
1221509
1209396
5637769
1011112
922877
2180408
4624050
2346568
4361632
1829365
1862410
2119050
6497237
4060395
4222245
5880003
4584708
2402008
3667790
5885831
5661091
1317439
5070792
5765960
4822931
4328758
3892918
7115934
6374844
1907019
2259807
7442927
415521
81923
3813074
4033829
1609895
5864511
5060102
1201943
7133403
6028126
5458005
2198137
4136845
7274820
5207408
5699077
5624080
7130941
188284
3753020
890535
1993471
4005950
4467495
7349785
714376
4909324
179074
3561564
1271861
861336
3242215
1039234
592213
1809665
4590289
2291055
5293749
992395
7232842
5770298
5373702
3795031
7072533
6417182
7673362
2520055
2130179
322535
1701883
2471824
2670964
4798413
3433171
6196319
5785933
6428358
2572228
6534164
2203464
5176835
4602767
3935305
5904207
5426920
496416
6108388
4857255
7582501
6294303
4942455
800433
1985182
753533
224032
179422
3798641
3506384
686498
6571609
2943612
1099134
3619966
4228132
2937951
184749
5944143
4372804
845585
3659512
2750647
3092037
4247443
7707786
4785849
7748373
7235997
2148803
792825
1414177
2478705
7312470
2398514
1546354
3346993
2876817
51521
2803995
2015714
5764294
3064102
5529276
2507489
4911347
3563266
2681716
877659
2527364
2981861
2079951
3931370
4509139
6754362
604351
2480934
4673470
3320923
7458261
2083772
4989788
7512720
4477064
4057707
6871912
1027152
6803378
3896567
351550
5917835
1490954
5967524
2498066
603629
5692065
3879420
3312479
7295471
3572727
2626065
3071136
4342225
4246912
655029
7271302
2998120
1841590
2290730
747766
7555908
5712759
8007391
5354196
4789065
406973
5117568
4294200
23638
162186
2584095
205502
439076
6498305
5298224
6589561
3403383
4809317
514216
5235925
561803
6252338
1898992
3420962
3526982
122337
1130654
7017055
5605006
443825
1892483
3143970
1128014
5495550
1580518
3947330
7289103
2061262
3916918
5161117
6390331
1210817
6043467
553736
7930564
7970058
3076104
7025839
6700120
1415348
2250465
2788471
1061229
5816933
6356360
7639962
6161693
7595156
2517538
5079176
4825425
1027365
1547627
2367036
6844879
3939474
1228748
3341246
213091
3601254
368772
1091977
3539004
8000567
326650
6532073
7373747
6996838
7009980
3188598
6850352
831139
4813475
6885832
3301258
2510454
2982276
4970781
6264981
5645156
3531296
5362194
3159059
2125205
1443732
7021966
6108248
687876
1707816
2319047
7147840
6231963
2543056
252130
3082798
3593504
3568805
7064693
301361
1487029
7536237
5100726
4418810
1056257
6251773
6876598
3796593
978276
1333933
3597772
4233224
4763387
4932175
481538
7590187
5719609
6977278
7015518
2110322
2777656
6122532
5732518
2784911
6502228
2266228
4813344
2745888
6283785
6266934
7987014
4932101
624710
4445638
7886088
2534034
4539267
7549694
6044374
1869109
3640473
5095729
7508514
1192590
3323746
7357312
4146672
5749262
4371080
934002
714611
4300197
1323702
6985216
3368900
6712559
5124033
3160860
1141036
7134627
4785560
6463834
1094695
1983967
2508725
4483433
3120546
5050573
5751975
535844
5579653
3331781
7073849
6186446
1122139
4105300
4519839
2114105
1072676
2596308
6084553
6206285
1014465
3792083
5223303
4019573
6120792
6466843
7306787
1916497
1825363
6431730
6249541
3882790
7294305
6963484
1613177
5183531
1247298
5974571
5686088
445124
3832935
3644094
533738
396808
5931938
5692294
2124401
7937302
4080775
6566068
3007057
723467
5517963
2613089
1777533
6002602
32060
1466389
5006403
2332761
3063782
3177396
7855265
3459612
6003064
5681429
2107942
282907
5729247
3516643
4078912
2464594
5219635
951685
4964007
6274028
7088002
7132727
6903527
2973278
6868853
6058114
512415
6545834
7408435
5436310
1644245
3911762
7550604
5142619
4491817
5063070
3661959
4774885
4817193
621689
1716718
3367003
7682986
735006
7816581
3097115
805633
7982763
5339052
4473684
1488960
6913743
2331703
158104
7549777
6882768
138073
5655504
1804395
7237572
4019738
4702472
1021987
6086692
5965639
5072440
2399345
5136685
5414711
2423620
4765164
5972713
2490658
4489288
5764102
4211797
1354312
7609450
4152502
1774922
7201882
8023253
3070493
3772366
4302319
591700
3109790
1479823
3488022
7010975
2341362
792586
1175642
7905211
6787835
6394478
634400
4008775
4940015
5914337
7225421
2663052
915490
3484980
3474457
7341693
5700578
7325140
2136712
5939973
4225772
285901
7143447
1678782
3518737
1355407
1158947
2176418
6880720
2078074
6065606
6833864
3131671
5528671
1310789
7426298
1812373
2155755
1296922
7688441
5481860
4566358
7402585
2869733
2353320
7748839
77476
2116454
7448347
6794832
410673
2099576
7202840
2054024
3888064
4935356
2608762
2479034
1862947
4214438
2830587
1637205
4586170
2211480
5534487
5830351
5966558
4229276
6255277
5189549
5723182
2982843
3322271
4842547
6260656
5649358
1141359
119304
6948736
5669337
7191013
3428989
4930821
6896373
7738296
1395725
1031014
6881048
1292445
5744723
2840527
7700597
4350916
2669376
8000475
4760240
4428359
5604104
6965902
2247316
5828010
4264570
3102587
3391224
1515861
2868418
6718538
4624693
5938638
5338097
5277085
5291392
1148428
5804579
4304001
3192217
3082228
562650
710014
4251285
1639883
4998915
4326172
4459082
5609460
5616154
4869226
2380982
2817939
7612936
5908577
6685239
1634828
4031297
2586516
389482
3659932
4322316
3208017
3491414
2023592
4331814
66475
6402336
6339203
4093686
4904190
472726
848293
4976571
5951743
7514510
6751928
6621284
7481985
478509
3998752
3826422
4201261
1434603
3205843
519691
4461917
5596176
7187392
2098934
7603413
4923800
2028069
5695933
6315351
6137475
7501835
5389772
3087889
244290
2179428
4558934
2175438
2546700
2300551
2419157
6914192
464409
2731226
2058829
7989427
3764807
5458277
5814325
1468295
552282
68347
5835686
1705409
1547024
3279266
2108705
4895072
1438199
4504124
5096869
5779908
6563940
3877575
502588
2738078
367803
4713373
7774516
4731765
2276792
73494
823602
5970565
908212
4096639
3501760
3386743
167049
3104793
2987011
2964146
7799193
3528167
7585813
6657039
7990544
523102
1569846
6926443
946539
6638725
5411893
798077
5849867
3730577
688062
559484
5608258
3803133
3235266
3830984
3594075
2950395
1834724
4396353
1527402
7742113
3674432
214734
7523370
5142978
6763915
1013533
2128905
2014750
7808321
5008529
1796238
1882479
6973391
3821356
5570810
5881854
1285788
3604698
1880032
3573887
7970023
553312
4955459
1010539
3212032
4554439
716050
4095943
3335738
3107143
5137025
4100705
3371845
1488089
2162470
1217758
6397034
5120575
1741227
328846
3119899
85924
1195374
4704023
6849351
2938035
1810344
7704398
4844939
7187975
2883165
3678302
5373931
5125284
4414761
2553420
3401156
4650077
1600909
3862991
1368092
1468775
2755106
517013
2901005
1015934
4159233
6069466
4851634
2565009
1785274
6078328
7360947
4467080
4056047
3118489
7002238
102175
2505998
968913
26173
5230522
6924342
6885928
3922333
1184154
2092597
5252100
7730488
7781257
826598
7677958
2647340
3711338
6871887
2457772
5860590
3539024
1502495
3836770
4742446
4825520
6891913
6112841
4786427
4096350
2976603
2999415
5956373
4417200
7025477
3301984
4576815
7478466
7092159
5540829
3526976
4580030
5702482
2485354
6052100
5192652
1715595
2497041
4743804
289613
4638077
2355287
3123383
3978852
4450895
4830835
2810527
508674
5818956
5561207
2370658
1497019
2797871
2318937
3945232
2752144
324219
5837985
4617753
1307536
3902542
6975616
3765283
2929038
2945136
5148528
1568156
4910882
1962907
5798262
4809881
6620359
7363286
528851
5629169
3899838
4205924
7009728
3010231
7417010
66230
2082716
1990989
1784550
3282651
3326711
1657936
6558007
7815536
6111559
4971519
5888773
6032397
2491710
5445196
5580609
2217182
3329545
2797414
2611623
128739
1933579
3822092
507960
5411641
4319347
796616
4265894
7827262
6522710
2635604
7968864
7236694
3684451
7580859
2173139
1639588
2579198
2811326
275721
2631778
2672928
5318020
7778746
4759768
6960636
2736421
47287
2703634
4875993
2067539
146356
1739051
6003162
1460520
6790081
6203746
4395197
2939066
7678483
1056456
2736504
4406713
2875135
5932937
7520285
2157477
964316
5112207
1196746
7736004
6908413
2915785
2824555
2988178
7800792
5762338
7325778
685829
1321042
174383
4807341
6361317
1127459
7242618
5383143
3025902
3583931
3129469
5621939
6460107
4715501
6228233
7254066
3106967
1065518
3969206
5065621
7567441
2212392
1115626
335304
479525
4425586
7782364
350481
483711
6748247
4069378
7390755
5888017
4731989
3783817
1428105
3511899
3696868
4119091
955499
4422498
4986103
4183774
3778448
7119066
7995562
3751771
2200273
6661913
1614177
6345370
2371861
1740776
7253231
4828256
6398529
6118931
4731460
5812723
1624836
7287
7052713
6547589
943215
6959792
1525263
5043126
5137187
6611420
5640372
5315655
5976314
7493461
2907439
4995131
1753100
6302353
217092
1292177
5054281
6274622
7228010
4056
1932808
6956689
5600784
952930
2083710
3937016
2103840
5373665
1439942
6555087
3250106
6675179
1037142
5167676
3185251
1216352
5406035
6032329
7472811
7892952
6812529
4398236
1394302
3632600
4635734
7274940
5889958
1086980
3625585
1446370
3857334
559206
4226549
1819762
4752134
5141566
5502387
6215767
6539797
785746
6129836
4615739
1220798
2093988
175466
3694041
5700835
2902802
6719063
2075264
7809210
1844526
437712
373161
159143
855574
3746255
5673041
677989
5609006
2567421
2044084
4464862
3861053
1874206
2573908
6922687
5394930
7954290
3759114
3608861
240183
1387695
5978433
1590701
654220
1051593
5014926
1456639
703308
7804852
7148413
7749275
7364615
5523772
7577196
7695466
5508032
253257
6695971
3276020
4352319
4305341
1140979
3181863
5281388
4336399
3129511
4127789
4678609
1296510
7325315
3906200
380433
857933
121060
4546064
3990982
6998194
888113
1590812
6904491
5837208
1513230
2231967
577829
6832725
4957796
2355185
5689474
5745338
2953759
7276309
3994380
138732
5373374
4239256
5737172
754491
7759888
7569708
2923656
1144059
7353028
4428818
3289914
6590990
847493
6048504
1940559
4870434
5103885
453676
6680364
115417
5778833
4993579
234204
4410632
7333827
3391093
5200266
847590
1144277
1272600
7752257
6656009
7707190
2527437
3095954
5705236
5564998
714125
1193197
3004511
4243250
1760154
1618549
4319437
5876400
3969722
5455017
6965653
814089
7008413
3413877
7488138
77888
1973531
885957
1911810
3542086
5183904
2922771
3417239
3161677
7994059
1302947
4781091
2697779
2612203
6116538
4486309
6422984
6707435
7210716
2529902
2185123
1135297
7326916
4966991
992092
101042
608973
4743652
3486536
1034099
4137580
1496356
5594663
4031524
2355014
3243115
7845128
4784012
6545767
4514916
963626
3597489
5648357
7413938
2195095
4335481
4882779
4978882
7812987
4130526
2783241
3796098
1242117
3387645
285646
4087029
7581318
1384580
3028032
6684412
6537896
5651138
3911635
3333385
7865638
5850251
218798
307108
7857953
637571
5449951
6145655
538721
7162059
7220440
6890259
2810408
1647845
87443
7832882
3657636
1143669
3556086
3366245
1195812
5690822
6847294
1662285
6518786
7752685
4741154
2477292
6713997
4365317
7954320
5087052
3268200
5876597
805257
1865240
2034798
3979065
3708483
3153014
248597
1041189
3661191
7415999
5731525
1338136
1684896
5531852
6164988
1638921
7556041
5007963
6937573
2632991
5353150
3578206
758360
907608
2120514
3705969
3358855
845788
3991445
4895713
3313915
1484217
594484
6519283
7165656
6380165
5114212
6382936
6001
2572363
1797657
5572517
2803919
3124740
5932238
4454588
678094
3649221
2148917
4983631
3688044
6001429
7925973
82547
6942006
7293981
1228566
2850430
441472
7650238
3480501
7222983
5490272
4066918
2495752
298481
3586562
1644304
7910110
6670035
4229978
5471374
1729045
4113194
2007941
4281216
2575757
1772772
7312703
1215770
5479487
3625583
215605
211217
6929133
2552039
2937020
1737991
391410
5170795
2561443
7752446
6292857
3219833
4339926
7841388
186231
2234990
3918897
4379134
1317176
1102091
7433280
797234
2081698
2541950
1540228
5083564
1684813
2369033
6823257
3806422
6961830
2297058
1115497
7684466
7531994
7907606
3384257
902237
5525645
3498986
392404
3700384
2253064
7357382
1272974
2795917
4730062
2811765
1710474
3567589
4742518
6582043
5716593
4383298
3233182
2225715
1661022
4471245
3568806
6526398
3507206
4086959
5289166
3310320
2554051
5667128
6414814
3295376
7489942
6560023
1455740
6373242
5394061
7476003
2128162
2818540
5383200
4773063
2902605
4000730
1954612
69548
1036596
7998421
2487594
881120
6940356
7656715
6008025
2374561
5902545
5774183
4882546
5633761
3910587
4958454
3008878
2962342
3825546
959705
8003044
2238340
7963952
5387525
3237114
7909084
2408537
702449
6782519
7992316
6692853
4705140
925898
761871
567907
1337620
2485560
4969824
4442946
2207987
7924596
3296898
4178701
6089139
966170
7242746
2771412
7466708
2658199
6683383
6347567
6944212
3667958
1034230
7898245
5133144
3674462
1212577
612995
2539345
4297958
4910553
307001
1658315
3034899
5709006
2433142
5240617
2482018
4577585
5687005
2932582
4931151
3883173
2028195
4325175
7250449
691083
1609801
6998283
1985906
5463474
7055059
4674951
5380857
1717474
2056362
6488923
27077
7994040
2105862
3703152
1049209
4558584
2948503
1670599
6778351
5320323
1658106
6390671
1339566
6115864
3952360
7172253
1884012
6699033
1759683
1032517
6260631
5691288
7630541
5072008
2589872
4892937
3417942
5684520
236249
1902403
4804260
6549963
4080372
7996718
2649326
6552966
3671981
1797529
2118823
1705553
4557154
185273
49053
4133783
5653974
4568451
5045434
6961657
1144368
535436
3716523
5790962
460692
3028036
6124473
3271031
1522318
6145294
3081099
704304
7462379
5788857
5967733
5736490
1185136
1885201
137141
6508329
7845294
2033985
1669067
3717660
7814093
4575641
816556
3911637
7166071
5267111
5426858
3252641
4299866
3973221
3478936
1820313
6004201
2050761
3920409
7041902
3294419
2120480
6744721
3353941
1120974
190960
4829622
3119669
144496
1895484
3595201
5667900
5228502
1242663
6662556
3216382
1966228
7475389
4270205
7665028
3140915
120041
1013312
7299717
3811586
6883096
4151618
3333438
6476662
7190048
874627
4933955
7757243
5205642
7575839
6054147
4639494
168489
5194870
5049884
7483589
6014900
6054978
2238959
7840196
7033194
7650030
4642147
6276731
5049591
6146025
238204
3379729
2670533
7116192
4078245
6350236
1400766
5214642
6884562
5054030
7884173
7318979
579761
1016238
3657033
488274
264823
5981242
3712503
2901253
2526815
1126038
4196189
6038727
7901192
87017
3140390
5032902
6450253
6449962
1931797
4048378
7703189
6263011
2566222
4816746
2718418
6505894
2057576
5434821
4593387
789412
1627743
226467
157677
5814645
971047
4465924
7457775
2734451
3147618
5140690
6111012
6591047
3747971
6152878
4693964
4957439
6565222
6765425
3323781
6359243
4232398
3056543
1752269
3996313
5666013
425596
6973911
6555965
6653980
3691781
6063363
4653999
6861307
2624089
4290426
2155824
5288257
3518769
2371918
2737887
4897326
1477081
8032867
47586
349598
5492025
3003955
6586754
2189062
4135362
1108824
6196598
1257372
6099879
4093735
5265133
2332066
7899531
6614580
1187910
7144330
442161
1674564
6701975
5758595
5102068
7373848
1870977
5217336
8016399
4589254
1395787
1034327
1432734
5281367
776549
1966875
5468683
1763386
112930
1226621
5251249
1724992
6846334
6131779
6656207
7924243
3568702
3065908
5923162
795392
5736901
3699343
1830300
3186984
1320657
220264
6979935
5643770
1647760
1530179
7754938
43247
3473495
4475804
7647928
1081981
2326443
6717613
1870098
7313965
5733687
2812998
5275774
4297992
1362749
633317
7374546
2321984
2091211
3550185
5294609
6620613
1507532
1341006
465464
7872295
6435753
7268998
1483810
4326621
6472949
2141686
6823553
3512451
426765
5373627
7362056
1157110
1978579
3329937
6557335
4591666
1202508
5585868
6589113
1160092
191981
3635571
2626940
7110379
6798943
7457189
7858540
3602100
4890370
5372494
7196154
2069008
548868
3247685
4281567
6657138
7102444
4807885
3862108
5062796
301186
7126094
5633584
1219955
4626992
156620
1418303
971754
4153748
4524537
586651
7709435
6624981
7438262
4560327
1947023
3871563
2000501
3269764
4160304
1958342
4143154
3733738
2440779
3830743
3634714
5586869
56864
5025105
1408196
7149645
1592910
3217906
3240390
7219903
33802
3518681
6445664
1117501
5046253
4683060
7946134
4827807
7640600
3283419
1906618
7160642
1841630
1946412
3763107
4383071
1133190
510621
3838486
249484
2714162
1290065
5877146
5981652
124027
2260167
5179458
1002374
2229699
1096894
1775379
6859415
7109804
2871860
1495580
5856220
6830006
538946
4744666
7265164
993421
5834209
3999948
661443
4935159
2817285
5779726
4832879
4713007
343580
4616779
4925558
3517732
7765793
1982377
5122
502639
1489301
511295
2795466
5504323
6208240
7549471
4784585
848186
1535235
775230
2632981
2105629
5665095
2074871
975214
7946636
705040
3595539
5176291
3348459
542563
2586266
5696981
5531516
3806293
1470418
3234369
1144680
5435060
867411
819955
4504815
4589240
687802
3359005
526224
3905615
4844659
5318991
2040033
3449033
3796261
411332
3877536
6786456
1936511
5040932
3059508
5046261
1334982
6259557
4653956
5106674
2700155
7718736
4689781
1285262
2330746
4369922
5980707
959744
7399921
6897473
5604607
816630
2067703
4757825
6421420
1171350
3092902
6902499
7381825
6954891
901910
812453
2341463
2632753
3131038
1572267
773322
3121935
879492
3717544
5289511
1131373
6214935
200025
1243486
16019
2906450
1228240
6909637
36278
2473382
2060378
5657836
2773340
1726859
7779709
1998953
7890141
6535328
1939511
2220764
6637954
6783185
6830886
4546046
5358809
5116671
1624730
6769838
1013695
1097758
2733749
6792079
1908977
7913756
5835966
2913274
2791425
3545939
7053472
7743803
1398258
4412998
5034297
7092657
5751980
3744271
1191764
347566
7291280
6902445
369934
4987682
3015822
4653506
3944272
453737
3431845
1820082
7336048
6840345
550150
883517
6379726
7876441
2928413
1007644
5283064
7468989
7107868
4623445
6635995
1973444
6594491
7952389
169223
3094264
5821776
4257840
3787870
5451183
5220430
3306151
2331067
5441731
783004
2083994
6888376
3787135
1998647
7582760
7092052
8013599
2414866
5449423
3426096
4912599
4698652
2043629
5564956
614714
5541937
5691444
3292264
2864198
6173267
5281541
3593459
1492601
6352071
3421955
6296909
7326868
7109228
4214505
5104074
4695309
4840061
7214790
5755912
115569
6008249
4353261
1220528
6696258
7793535
2374250
2515259
857378
4395858
731589
6732012
7339399
1969242
6819189
7723156
5238849
1980184
4120268
3731607
4895802
5125381
1441900
7695607
5747777
1393815
1834626
5250662
1302692
7384775
2614347
131756
2415693
6321150
7105708
4032628
4475737
3036763
872276
1999233
5534014
6762652
4975825
6065252
4951271
7781765
7391176
7460311
4763729
359985
5368089
2797298
5743664
314853
6453436
875115
934189
6361105
1966993
2872575
6539842
4314590
537422
2189773
7714681
7665716
6441357
5781366
2414899
2749248
949182
6809535
3410391
4838320
251338
6568387
1106711
4433258
3684334
566901
3499168
7448134
5475485
3645160
1557396
1817788
1311320
3040049
5044002
1418308
2944102
2809769
5728735
1437830
7289673
3509766
1595697
473811
1534059
3610440
5947361
2399667
7454986
474127
5889664
551123
2893152
5040527
2803375
3686575
5453399
4021273
7212818
2147244
6684760
7051562
34062
5262416
6635959
4695919
7903118
6152445
389672
6598091
118078
3597287
5340439
4163637
6482519
7108178
2639057
5321363
1943088
2172523
7332923
1124661
935979
3946928
8025451
4154763
678902
6374724
6111637
7143683
5410401
105355
215443
4567161
6650374
1061566
7989295
3722701
2060404
7852449
5806227
4248845
3969496
6741046
939082
2124346
279413
259408
3314240
4660869
3383324
6382417
3638712
7531053
7903868
7440806
6989940
4096261
1268166
4763003
1371572
7608882
6616236
6641785
3902533
3690945
261727
7469025
5545462
5267252
488380
7334585
948848
5635694
366856
3140669
6769636
1693689
4040916
3961328
4243100
7279729
6316304
4399309
7601192
4590717
5972748
3757509
3135445
7803085
4608920
2230878
1654665
461667
6176102
5389523
1768316
3346927
2220502
1584912
1443214
3014848
5463892
2074598
331110
6522200
6241614
512241
2840158
6761605
2962016
617884
1892517
1334712
4150310
5490459
1342822
193632
2034702
5158399
7574299
5151932
6713836
5555062
4906408
7832863
6352717
7209971
5876126
7687011
6882319
573832
2643680
692780
7734363
2753520
2311362
4298808
4244874
1684794
5980871
6614913
2284829
5765006
7490526
4883816
5912040
528228
3522614
4754584
1036028
7791314
1287822
221658
7346869
6789121
7771297
6249720
5312006
2102982
2062133
131431
6566046
5119836
3954397
1709134
7713445
7446224
7494824
1218033
4443584
3893889
5981074
4466157
2537105
6772043
2157119
1186377
2147583
4706856
8021489
5942432
5537104
7223695
682013
7313037
17772
1525016
2359513
3936509
5988504
6607937
4324139
7503121
4832297
1669448
7917228
2603358
2940109
70294
460654
248888
7036088
1255082
1456816
5251944
5808447
1661519
2368062
6213693
3830646
1643420
958543
5016582
3531886
1816596
1422471
7723328
7046703
953896
8017943
5358931
2877162
536934
892907
3323833
2477679
3746072
728039
3593145
742585
5470825
205177
2315363
2298969
188814
4623968
3548635
5939593
474192
5952816
1567045
2820480
1258690
719384
1397495
5663078
6186461
147882
4736579
6526546
6507370
2799100
6533881
6515385
872806
7318520
834413
6059856
6747769
5816838
6008022
1548831
4246820
1011042
1710427
7893151
1453536
4866351
3536030
3900071
2728241
1271782
174213
3428233
3306975
7392941
5605569
6856842
884079
6162387
4287494
5799152
3105262
7147462
7760798
549
7449890
3081506
4060355
7318244
7828271
1447824
6485274
1671223
5718555
20088
4302016
4540370
1430450
5130299
3374312
6923956
3964405
3470271
7447483
4383116
586621
4304134
834537
211049
6549231
3495522
7758157
6228777
2193476
6085158
1717164
4731515
3389900
1573840
5054976
2432792
4375721
4878445
3523351
5260855
6045560
2452392
6170648
6053573
1742247
7192275
2396357
3734168
2283353
1064665
7132727
4028486
4357112
1500528
2490333
5826380
6909376
7461282
1340700
3671235
7908358
4335059
2280584
1241081
7959674
3112852
654738
7935221
538360
6554304
319212
1472039
469922
547174
796705
6953410
7388027
5683387
7417692
479161
3893825
5629087
1935002
2353512
6315025
6824115
7700412
4480447
6619522
6654926
2799121
7039668
994181
4590293
3955283
5217268
5527360
2916670
4537770
1705340
788617
5713468
1329575
3025365
1835617
2150951
4361101
6511645
927568
5294546
933267
4265201
4036883
1006199
4295137
651234
558506
4631791
3992883
3157530
5166288
4157180
4629200
1569966
7906018
2043868
3486104
7902140
4813286
8034815
6814919
5076366
4555894
1954119
582198
5054062
7935673
3613236
3454836
1703131
3087885
1073440
1726456
6765241
970850
7713410
7247011
5034225
3014733
1459829
7378931
7524024
4937786
2713414
6971081
7851420
1072012
1440924
5707025
3517502
5870855
52065
4835700
3251295
678056
6378506
3712027
248011
6196023
4151692
7767932
3970989
2713346
38147
3565611
1778969
3049473
263073
2823638
1232493
4760577
615590
597976
1097475
5520556
2335899
1691804
1111398
2562488
5867809
1772978
470687
1128713
1441463
2773811
3077754
5616959
6265123
6249854
6669329
6336253
1543224
2981645
2924237
7812941
2833780
2900201
4871808
3096142
4748624
4748180
7483655
6829517
1329362
4391329
564091
4948842
8018023
807288
2356734
7075063
1083510
447614
527652
7853113
3630710
7661500
5539684
7841375
7105891
4007734
7458157
1393391
3654700
80070
5533767
4296914
2562563
7567862
3934722
1207981
3102799
3013362
3301692
3184386
241703
6542381
2165873
4649449
6455014
4388727
7689517
7363628
813278
7662977
7458201
5179974
438526
1490710
5835519
5035403
1696929
3380050
892855
6349926
5308818
5210002
306404
2537362
4724657
1736693
5603867
5506844
5672981
6017720
6398309
4000774
6898923
3263579
6255053
6731370
4521846
27403
6113889
3164782
4305207
6164612
3577733
3342484
1603930
6859897
6599603
368331
3820127
4223548
4698841
6916275
5871003
6563040
1830925
4146148
814802
5515208
3487147
804911
7903582
594130
2497640
6333036
6626610
2820135
6311370
1979553
2572010
2273207
6925216
7740450
7361095
4836209
5892405
7785488
7772100
929288
5486846
676969
1490490
2144761
2491380
7987053
1115210
1431750
7725644
7984979
985524
6413437
5155801
1875005
7774156
3800286
5597577
2456025
978493
6343363
5573527
548225
3749086
5010063
6094778
3599490
3528617
3263581
7303336
6201968
7748333
5661185
621658
3898515
937158
4026923
1613133
3327004
5986101
5702226
7618933
753820
6406249
4370816
7414333
536121
4536034
4268773
4217669
4985367
3139810
885459
4672446
6942988
2943125
442341
5437523
4075704
2368767
4245167
1475649
5377121
3532434
7628315
7142570
8035028
5152189
5658350
2625045
7494211
797463
3265616
2639907
4790786
5059021
6531633
3111104
460089
1521280
5104404
4424312
1463610
5463023
5605932
1468446
4872928
7610879
3259738
6830458
5093171
4651846
6943183
7434870
687688
1005296
5371481
4265966
2002689
2997972
4935824
6564527
656758
6996534
3196260
1420232
1777834
5846749
5069788
5510062
5437046
6871747
5068321
5220317
5214530
7994458
354816
3757284
3099828
5234619
4501601
2930160
7828237
4607727
6682059
6350918
1821271
4744240
6709777
528941
435306
692195
3525952
5382888
3868124
1496126
4053338
5602803
785971
6001926
2865638
3359084
5108801
4573661
5903472
3737080
7589450
1160996
5308672
5521836
3331379
6482477
7564261
8009410
3319014
1572958
1862980
7490706
1464060
6062020
7835871
7071565
4024055
2005704
1344045
3280991
2736365
5722856
7381428
7977107
3609576
2220971
7457874
2003811
7505980
7294551
5067109
4586757
6174465
1837820
5058089
5801649
7259845
6125361
126545
7424596
124789
7590137
3920299
5337932
3892636
5203671
2865808
8012751
389938
3690753
2625667
1222832
5630407
5539030
2701212
3703699
6977520
4060867
4586229
4076224
4418241
5293865
2043998
4046289
4659884
3659246
6672537
1588119
2842063
1708351
6659190
6751751
2137741
7234015
5942904
4140156
1470477
934436
2869314
2094436
5433898
1837415
2056906
5808420
7137018
7427208
5720444
3820325
185479
2210733
141341
1784214
4892253
4093570
4565795
7108871
6817243
4976169
6774846
4989999
7345767
1357630
6975063
2390697
6054726
1887231
7172087
4593023
5487781
2617483
1985015
4123402
2897545
4428771
1930729
7706061
1017786
644612
2840496
5188852
3938393
5830692
5125937
2052154
2301264
6429202
2983710
406939
7258526
958417
3126753
1430230
2840076
2935230
663748
3411376
2699304
1652061
2070642
5411273
4965620
4088359
927170
1531437
2631839
4196602
4233514
4375361
4958410
3343779
7063131
2845279
821726
2171322
976747
1303077
4012880
5070728
2758108
868327
597098
2654432
3575529
1340327
5028318
6623084
1189482
4659381
7484476
7826767
428774
5835955
7288691
5007279
6058592
2422665
5753214
3888944
4174266
1843935
3754036
1407864
7163174
178970
5976587
4182148
7339223
7487989
6210014
5524316
6172316
429030
5792116
5726310
6859490
2870496
7509186
6984689
8030975
6746341
6577916
6230192
6238211
3885955
3155520
115279
458028
4900934
2098077
1167915
3191605
2509095
3980835
4418325
7090468
2211320
3875310
6133359
1252702
138660
741379
6016301
6781679
1842185
7700547
2275045
1120185
5419428
1040299
5942557
1568974
803914
6239590
3103637
4126326
5645682
356770
5954554
2857907
5979449
6084538
7321474
4088864
248716
2279876
7037581
6908177
5522627
4215137
1536850
653989
2671987
3539118
7447579
5711543
4846960
2968568
59121
7533781
4538734
6910842
2420411
1238363
1289179
6223238
7251349
7646451
1405852
3277177
2703102
640034
2190238
4466941
7324706
2585517
87448
2419932
6196473
7360854
7900720
2352304
4369024
5688069
765800
1575514
3614757
4547045
3884233
7205261
4144984
5414876
587898
5559337
2772952
3829535
7894823
1274006
6222106
1114779
6157712
103042
4110188
1022756
1923152
6420787
3433845
1277676
3127673
3540799
2674699
7540089
2614929
1190572
70717
654908
4165143
7246717
6978373
548614
7893879
2870294
4350721
7604134
4984963
722710
1550397
235957
1751153
5759932
1335888
4219927
347160
5312675
3355789
6658650
5922130
7978987
5583170
2895374
5755374
3699021
6501873
3524327
5521560
1066298
2833797
4608088
1022783
4407688
2954564
7506855
1448710
1495171
66979
1332096
2794090
160743
5845584
1191850
7499842
3144457
1906170
7741529
2068287
4299167
336459
686242
71356
2600533
893857
3413104
6057528
6297182
1760100
4875743
2652487
8035763
1318808
4986473
1042431
3016863
4035409
3874374
2836967
4185500
999088
5277933
3195825
6853995
2809349
1154806
6852739
257405
1932617
4483924
5387522
1613230
5852148
5132884
2194060
6609190
2581248
5884501
5415655
2866473
3478598
5351619
5930805
3395547
5796463
3891639
6338143
5171849
322598
3628437
1777306
2071164
3832068
7570702
3976709
1003679
4570140
5900746
7377543
7193012
1762942
1510726
1579252
2459159
4533781
2359604
6385849
4336154
6340694
1981662
537806
70570
1010419
7257899
3794192
2997088
247485
6928767
2677117
181804
4104284
6597240
2093715
5526667
3520498
3139897
5873669
661777
5996329
6713724
7203850
4758309
1974112
1394646
5475473
4885434
2558420
116474
2834143
604165
5343761
7466387
352366
7546131
434817
3775059
3400642
110931
4716845
3476438
5507574
6997169
6754746
5921028
2635820
728597
226587
2670515
2444623
7762629
5201216
683248
6824831
5045643
5043277
7169577
6621817
291165
3222645
1911581
5593142
53032
7240956
397040
7325615
6045037
1591199
3678684
6765217
2692315
184409
7486491
3178806
5523928
398748
6004349
204895
261272
7660153
1876054
1887802
887963
6205787
7357806
7023200
3617220
3707410
7999494
2610673
7384498
7574511
7206638
5662348
1444926
7285611
2623215
1929705
5301898
4853489
7636802
2321088
2257004
7526942
2936834
1933855
4538556
3008207
7618909
426620
1964454
5493991
5124992
5557338
4053825
4356477
4433772
459313
6989427
1510943
3387063
4530213
4520162
3047210
4259911
2247485
6480968
6807004
7790121
7305796
1215849
1819643
1772720
879002
429282
4633102
2337301
1675103
5531875
1588832
4769427
4396036
7926898
2233687
6082703
3662101
7024797
5210416
5946949
6007468
3031892
6527128
2829671
3348829
6223051
6125262
4513291
260026
4389204
7674457
3180450
463884
4377370
93822
7046879
2324460
885575
4636378
4360526
5342
5104269
7836840
7405535
7469604
6598436
5737084
2674143
7519808
7593629
2107216
1611987
2536581
2323459
8025293
41917
7157085
1401801
4171571
3492446
2272989
7823585
1753318
3539234
802696
4454382
1373489
510420
3111878
7741953
7176467
2246600
1756498
572522
4937133
6629199
4354922
7118218
3360031
500075
1918418
1255189
6229635
3787645
2207659
6600849
6066820
1334969
888448
169725
6392672
2510720
2868156
3671818
6085316
5990859
2142697
1667828
2497746
4704068
6251734
1356102
7922520
70473
914149
2190183
1199622
7523961
6312651
519981
6835188
2889294
4625845
5588849
875280
8024373
1565110
5650247
718030
5421124
1854149
4443223
4185525
2223965
2535895
731216
5819068
743828
4169185
8033963
4465863
3750895
5473316
2050506
7814072
7541841
1388368
5506793
7749768
6726088
88255
6188387
3343826
1266522
5464849
7826470
4240457
4905998
6952432
3948175
433974
2355048
7279114
3457151
3170222
4706809
7046387
6575251
3181898
5493775
567609
1672373
4187896
3366766
7456156
4029847
403050
6858965
4625741
7002496
2475048
2920043
1827005
3280945
1921212
2619256
2774606
2474601
4336742
1039681
1230743
3717320
7210668
3624658
6981444
3398215
979241
1388986
7753929
7023555
6116122
8003315
2954182
7488944
2896827
4243168
8028732
1087570
7185600
7935041
1350366
7430453
7822479
653103
5762145
2171789
6473824
6118517
4063489
5994417
7549204
141609
1152494
7462336
8004364
4607822
2993859
2475234
6653243
2497643
4820954
7045112
3340320
3541021
1951544
3202191
6403468
556530
727377
3097392
7626360
5119465
2251270
1812039
7836193
6671080
7821367
6604188
641045
6997474
3054434
5371233
4448105
6022630
1730732
2340776
6468280
1778724
6035702
1924405
5777429
3137402
562546
4814978
7974556
7011633
1994361
184130
2927894
2742662
6399077
7176940
5708539
1451487
6205393
5358339
2632541
5876695
5553847
921732
3899820
3337693
14173
1888613
5205412
4485432
6775470
4289612
1097925
227909
5279566
2725509
5806957
1675832
2980598
5800275
4026804
736842
7665692
3423664
2421170
6783127
2493277
3616662
3121145
1346794
1896116
4473875
4678580
8016316
2232064
3930292
7160428
2703148
283559
7064142
69812
1467029
7471377
5647897
1908079
7464981
1024102
7277413
4058844
3114866
5236472
432272
5067129
2338221
5975510
1946555
4490851
7515599
7029522
928633
4477423
219180
5907240
1965109
3022662
3131058
6011509
1314838
2861244
7842709
4947929
2048085
6061501
6142853
4719794
1911768
7321809
2227472
2828454
5268891
6559279
2136654
5875501
4483740
1871880
3453067
7115455
1677921
5445673
562440
6014711
7363712
1300832
5950821
4701684
939547
5642661
7080092
1976097
1288309
4916202
6277200
6464568
7458667
252927
6789233
4127168
2766851
3204914
5853705
5489011
7258503
2107321
2596486
6753167
2487796
5079952
4596923
2483789
2372236
4627332
1469878
2951732
4737688
418821
3936652
6277685
7039843
7449143
5456356
6110432
4892297
6407745
2282039
5978582
7559581
394517
3082902
5507986
5365656
5972877
2135707
4384598
3795152
3126252
6934970
6695974
1132325
3295577
6815665
304477
7947778
7332343
3772366
7675609
3114562
3051908
5208750
1348810
5938982
5916554
7054206
7131346
1988084
3656531
3082736
4809620
5097167
2655400
4008606
6266772
136822
4218318
8029522
811624
251311
7596305
804631
1217915
6297573
6094834
4714170
1649143
3292357
2731689
107761
6456403
2942752
7880318
353303
2069003
2242345
2334404
6692264
3766028
7647432
175872
448086
3192167
1570720
5154901
7956610
1894282
4135906
675991
4929534
8023446
5446856
241248
548599
6188233
3430471
3781360
3932410
589715
1807456
2584070
7826271
1206832
1973534
5153094
7856209
7407044
3757542
4838841
1386710
445452
35015
3124197
669379
3290339
799112
3596402
5670104
4574109
500859
1232443
7887485
4208525
5977434
5730695
7277879
5675602
6882173
879441
7399855
2966679
4682931
961148
6152371
5018093
5515160
83195
4788033
4343151
7807061
7836117
4664877
3275180
7184622
7568594
2373192
2656470
1185948
3679183
2184828
2507285
7360715
459067
5048851
4299874
5716709
2832717
5637273
3342185
993057
4043238
5697168
6882704
7776981
6772451
873396
3260823
5403107
635053
5905132
4748026
1747646
3333215
321831
6004694
5562356
5569528
3677852
6367950
7363447
1657700
6088066
1249527
6370887
972240
1978202
6567350
5642226
6365360
3590576
3389450
3327893
1758991
6422320
2329078
1055932
5900759
2108999
3495738
2812975
6771211
6702810
2068004
2009101
1566381
1339906
6060781
556393
586571
7126799
2496880
5368078
3196864
5722300
6479366
468245
583239
969622
5664500
1009045
3309229
4740072
2088286
6006538
135620
3685874
6633155
5459373
2598326
3023255
1434478
4720084
108332
7077251
502244
2970183
6226821
919926
5650307
7765346
1445547
6742974
2121010
3554944
3775433
6107677
2116285
4566265
1614053
2947259
5119460
3937930
1954730
7715733
1021192
5216668
1688755
4702911
1106948
341345
7740562
5829874
5199750
5877780
289646
1918468
7736038
6637122
1521089
4608473
7785886
128798
824746
2361837
2839026
2470850
1364368
7857515
583341
5423664
6637287
2285638
7359487
7274012
4380071
1424090
4876039
6017516
2091667
1389238
4313450
1171286
4769062
191553
6212791
129881
7836008
245936
3669890
206219
7012175
1795307
5770344
7886580
3944907
7198332
2276878
1212527
6855510
6288028
734253
3589664
7514175
7534520
5001693
1224910
3855123
600392
4545821
1516814
6069118
1383730
6590838
4904364
150224
3490867
1545269
5300341
6839245
2573489
3767284
5545163
7279252
3434732
4275809
945914
1105605
6160651
7907260
171747
7320194
7298152
5704570
6887610
8025721
7652170
2001980
4910392
4792421
6249252
4617892
4379344
6873687
6272173
1742245
3473080
1132555
107817
7432383
6392960
986965
2734547
3982038
3166319
4403486
5774613
3542485
7965992
2937587
5744460
5773834
3347885
3683367
733292
5127217
811951
909868
7395275
5218919
6258495
5694260
4187958
3488185
4470355
6396034
7198524
423392
4798501
2230752
1021034
2869354
4076283
6532411
4073605
6730198
7707221
7577469
2866123
4232337
6765210
2711835
6900100
6288330
1881275
6975692
5326438
4862158
2302767
2166371
2166586
2400699
5660393
8001989
6885745
8008071
1749303
1313590
5385793
4311201
6056970
5977988
1693185
5179961
7281534
8262
7120198
7205059
4917849
5061830
7428911
7985399
114720
1810040
534919
6008526
7276442
3682970
5887781
6405064
7034358
2421311
5737661
2463133
1699385
252952
5542382
6190476
1810023
7287622
770623
109990
6186455
3273345
4223955
458992
4748412
1083443
4705032
2530475
2247289
2735753
7300901
4886046
6502177
353901
4666873
7672353
6211024
7502227
1075373
7913751
4305979
5396053
6941392
7607123
3537888
5200923
4370523
3051687
5535125
7386189
2332656
4874466
1492221
2985987
4358557
7407888
1486043
5088149
4383743
6721110
7190669
2667825
4955724
1472064
7959983
4258129
7712085
4142509
7086378
6919758
3631027
2355043
5340162
5261620
3096889
7586020
7247443
7206569
6804236
2436098
1605455
7950000
1065997
4422340
1183408
2998975
5514373
7655301
4197989
643812
2416934
5124478
7887359
5349051
1486495
907846
6432856
3543230
5954824
2415471
3796632
2208205
6388893
4725417
5852100
560329
3240400
4255230
4206107
1187806
2662519
5648197
7270204
1570243
4064525
2590375
7505524
5611428
7373764
5108906
2087693
2989553
6419510
115175
7833031
5135129
1740177
6367261
4211953
2459622
4293388
6071697
2435584
7740402
6238671
3666802
4904632
1134084
1973830
6639549
894356
6985157
139168
6588645
855063
1684963
5491293
6596218
408924
6228549
6683357
1405632
5775619
380110
5017662
2888606
3462328
6388052
3045649
6987579
3096140
7840826
5953586
4206980
774164
7782726
3641842
609720
2302111
7820073
797999
7681013
667189
5925180
1921416
1215094
6257087
2016064
3483439
7236075
4155720
6312069
1538190
4415719
6375614
6860937
2050721
6228474
1896338
2977598
1372500
4889546
5041461
1650189
7560304
6730216
184628
3677593
5312277
5322784
4796417
4482700
1577989
5082502
1874651
7693374
3293853
1117656
2350474
6824083
6418103
5252058
3172631
7527224
6439805
6818696
3688275
4575069
523549
2918199
735612
5393807
6761348
7613358
3281689
4978919
771325
6392720
4550567
2499130
2699367
5334726
5586272
5861255
4275576
1573857
573457
589905
4483726
7613578
5301940
4542195
5022965
38727
1115233
2146684
7512642
2553498
6301821
5334203
7177612
5583646
2186603
1927111
2778090
5880905
1522527
2519254
5265284
3235954
7009216
4315173
2547236
2528212
2654580
2158375
2761145
5162721
1731223
3394953
6389589
678241
3146364
4789246
3787476
1257644
3372618
3015681
2173048
5634971
3025214
6923020
6395201
7792404
675579
2521311
580744
1335798
3631626
2577324
5534986
4741698
382252
7982612
7592105
6636560
3469355
1015860
4089069
6815040
958345
6793082
2202488
6166799
7383131
3609103
5925347
4082845
672669
5263917
5617906
1211240
614287
6029450
4356807
6215544
4838869
2245391
6473411
598309
6774898
783661
4038247
1723541
5434774
7442392
5601317
3335786
6565802
2628152
6364834
7347902
5898110
2066009
7279411
616432
7076558
6727531
355835
6701605
1184153
4325856
1388727
1698444
6363154
2742831
6093937
2937796
6833694
75727
5302370
3096012
5511407
8018539
5706751
4800888
7851550
4388036
7604876
3318362
844128
19221
5772649
1973412
1484170
2003728
2293157
1844542
2366270
4904062
1804310
3957631
52577
828662
1111608
536858
6182093
6775757
7158605
537529
5940496
113464
5517619
4877097
263288
6170373
7729690
4151245
5509147
1592985
6761394
5342263
3235480
1017696
1782710
7409786
1522052
1086181
5052230
1774889
7872433
746535
6864825
4156013
5422247
5575884
854552
2744977
2550892
1976788
2439455
1350107
5325451
4981117
7790972
1741991
7460295
2184675
6493186
102169
2589815
7524835
1676221
7057591
2862042
6837989
6530553
2772531
545308
250617
7378620
1380266
5500463
6166332
3302635
4694071
1897686
2532810
5001939
7521973
842855
2487568
264455
1539355
6036768
3401857
1486505
2450050
412742
7186848
7006524
201114
7475406
1558948
2234924
4081758
2355105
4511469
1340517
850131
1627973
3978393
3459241
3706266
5985965
2752613
4754659
4209427
1504873
5973
4480382
7497650
39082
3226500
3915748
551386
6833265
3113258
1482335
2985266
4631167
708130
1083955
243019
559197
472441
2287893
2784350
3807736
4202239
3864048
4370189
4405891
4030495
678997
2587993
3796018
1042062
4185051
4860408
862444
5062394
2530869
7847322
6117577
1971330
4973296
1293277
5110377
7378680
2143496
2015148
7960332
3521023
5340035
79025
870502
2328341
3064888
5808661
870641
7251372
826535
4590039
1335336
5158806
4573455
4739739
6291160
6629411
6389557
502034
1906237
6168094
6791688
5758701
3395605
1298791
4027741
6714782
7221250
1732187
656650
4903207
2633437
7032339
3152649
3993526
3606285
2301161
4011250
640001
5478571
5856267
3196442
4642239
7404259
7615550
2718780
6427046
3459384
1888984
1313674
3766473
6733258
416108
2825651
4315666
7394672
648245
1578358
4179041
6721190
5225787
3669631
4204047
2963460
4299200
3306317
2438604
4822579
2073624
1317281
7417511
3274749
5803978
766647
3783652
2714386
4082623
6933626
3937065
7044690
1251903
6592613
5158999
3319402
5889494
318927
2714801
4292518
2816391
7943437
7633455
6989464
3622721
545158
3630548
4301365
2180985
700763
414426
3518843
1599465
3581480
5484601
5887548
5071319
5044303
3858497
7386740
6621127
969700
2667471
5660911
2135090
1445398
5077224
2228391
192689
4743231
1384041
1469796
1483624
5315370
1922041
365084
6319712
3679678
3777491
1809494
189690
1901347
6487714
4820659
2895538
1305109
1787004
16316
58349
3663876
7598507
3612530
60060
5818659
4028880
7948768
2378268
3463818
219443
5017433
2379316
1300948
1749781
3915154
6993471
574303
7980018
5803294
3189924
5754795
4833323
6661054
7048006
5838744
1205828
2092144
6409096
713652
5946274
3317738
3377386
6325302
1323304
1017942
4542748
3968493
4954676
1176715
5925394
7574438
1542208
6673084
1159259
6034380
722121
3362173
2159783
6265855
1009264
5586604
1693607
6420958
7189585
2599676
4707235
5908693
5073674
7431085
1620210
6581323
2931504
270143
326529
6641901
12042
3787954
4820190
317338
6700714
3299568
6558457
628200
758581
3542687
6849023
5669830
4230632
4831900
6619261
6104029
3138178
3488031
8023613
3143798
7286297
915756
3143602
1496136
884780
5896743
1968806
5373853
306375
3756762
7709122
357929
7356296
4660237
4915498
5553218
4707298
6680461
2265499
6857657
3373169
1636092
5869212
5746514
1158999
3755738
47521
1427481
4860618
7266295
2704576
1637924
1690979
4633407
5385307
453906
2076459
887421
1446850
4297214
7471607
4383031
4961209
2169424
3779950
919088
7593837
6258699
7351296
8007092
2714997
5269484
3681800
7121483
24681
4566143
3965764
2692438
4096631
6569395
3546821
2164889
3924743
3909356
6194906
4369503
3511338
4778889
6636413
165469
5244502
742785
3211522
7650270
5959137
6438819
1299580
4116446
1392829
7927109
7565374
5769264
408464
4269912
4192687
478821
4095344
7156937
7302814
3435398
2499292
4752399
808789
5634354
2841
7701126
7945648
7360257
1470001
2390447
2136589
119342
3539236
7073992
7392923
6328086
3083176
6988997
976438
3083696
4214012
7561580
1440979
7695523
6415426
4366422
6276820
868733
6460986
4794085
362767
4333688
5236856
1785232
6359198
1868949
4158914
3684813
6140480
8009151
6187359
7812911
1612073
2593851
2750476
893237
7372422
6811385
379698
4397094
4971637
4253343
3241163
7070287
7114727
7674361
4190320
7384874
3714738
7801142
1285066
4575933
564838
446313
1096686
7897656
3934822
3443290
4412340
6774728
7510161
1660298
7328849
189035
2700745
2306034
4936376
4943110
817143
3653489
6702598
624288
180879
5660420
3832243
7798811
5332743
564935
1143295
4428902
4418227
6141560
2399919
5559314
5348316
4732919
610567
1232107
4067035
532708
8004217
1344321
4189341
2438892
1329650
6999964
1564526
294616
2892285
3697964
5465360
3073283
3430096
7044171
5780368
7499279
2275374
7846724
7687276
5539155
5313850
1022907
1262215
1869875
5542196
4562992
1610305
173421
5003205
7785482
7437440
5888312
4164413
228903
6104268
2563373
4872684
307577
4074175
2113029
5861194
84139
7433273
330998
5349696
2186535
7784963
4166736
3969505
413330
1091350
4968741
6583199
1300743
1539972
4242925
5354188
6564210
181087
7314264
742065
7685759
7457321
7950259
855503
2980864
3463798
1189702
290010
6914824
2576089
4433779
7833608
6890721
119118
5562302
7474617
3312572
540535
3313913
799323
3936057
3593084
2520475
3623465
7674484
5601186
6241755
1761854
5368068
1472776
1204858
7486481
312240
1960800
1936037
3430204
427136
6446333
255593
1632838
5433989
4775326
976990
5620372
5676067
1616888
5048388
7128544
2469635
1594144
3708905
2834718
3347235
987283
4658603
3874269
1169787
4815783
1619511
5288514
1323273
987956
2443693
2258131
1334088
5476523
265917
5191151
614129
6796526
7250757
6848855
6737187
4336826
7072316
5690316
7281442
6603704
6538996
6304563
2258006
263085
2867800
1893108
1568540
3784642
2912241
6499360
6358259
6536558
3572492
947735
551725
2889664
584122
5710752
621003
581081
5105501
1156894
2203562
262957
1675123
6688164
512536
3441765
4937816
5136796
6429630
656864
6402764
6754502
757861
552436
3085276
5090700
861200
2051622
2463113
6629565
5464487
1056376
3335276
5099939
5746267
224041
5631002
2611994
1907136
3116068
1358980
3768412
718057
6678916
5643127
4430908
1047262
5216498
4193101
6109771
2542618
5870170
4061718
2268639
901117
6184388
5177487
1441826
1385898
6287618
2680802
1697895
4282014
7772796
7748077
5721225
6999664
108982
4032589
855641
4375565
6073007
5632116
8028041
4771022
907626
1820332
6521472
7923548
6576720
2115843
1217654
3512476
2754683
4525109
6503581
5099215
4447164
4123669
3576409
2411837
5518923
5977275
3186051
7081953
175953
2516775
3032642
4836071
5122065
2263106
4880211
4484142
2241230
5756802
2356170
3242422
3538739
3538536
3075222
6431261
3031365
4384750
2211093
3257590
6613733
3892855
5850040
1097442
7749672
2873409
7253347
5422141
2018636
6773900
4036542
6284535
5164494
6797367
7744483
2196847
3317255
7288599
632039
6096401
4584943
1116539
1453775
2416279
6899637
2587286
2772721
3219587
3381800
328413
379227
6618382
1919664
7995412
1574420
2158750
680636
122187
6061499
4551239
2848358
3736066
372337
4826026
2504943
5493503
6709983
4790720
4735302
2903308
5247693
751392
3241231
4644023
5831764
856439
7624420
1977463
4273754
6693040
2448240
1526549
8014878
4000322
73252
6497886
4163747
3846152
3914460
2928674
966445
6926257
6185598
7585904
6965208
572135
3306573
1982547
5576381
1098342
1467885
3660708
808631
1445670
5978552
1499820
2654992
7857980
3571517
4187061
7660165
3083005
4307342
2617201
3103110
4566359
4833829
6069980
5423782
2724738
3945905
3843283
1068225
3446233
5419024
7565483
5537337
249641
6653171
7858032
5028380
7211533
5189387
875659
3396813
4481888
3356118
3333904
1446654
4961747
3289284
587274
7778323
3122052
926758
1384332
261496
5223183
5387585
7327614
4319138
3369563
7518260
1344603
5003531
627485
7653167
742870
3429974
1695209
2018426
7822425
5783358
3103683
5993377
61835
7377930
5886224
7170805
6087845
1208341
7216783
1563625
6632648
423807
7421058
5314331
7119352
4155174
246213
1654597
6580387
5064478
2158746
4392719
4363140
2961900
6551996
5111470
5126404
1925053
3187736
1066723
1036675
2248457
7295334
1427689
3195460
5429789
6314633
1803462
4884090
2745175
2634538
4913251
2724274
6843865
86242
6330548
5961535
5364039
3123
4359571
3069115
4425546
1664600
36714
813963
2305732
3273331
6591185
3968583
8004400
3394798
1423821
5669191
3151254
1150719
1109584
1084115
7966940
3998715
6725078
2571789
5376696
7380530
3303128
6351848
3740741
6167685
7999025
4767093
2104391
906895
2212315
624573
5261283
104132
6824066
1298255
2065038
4381147
3125345
4082011
1438128
2926144
6194294
1338629
5561597
2462162
7614026
7482932
2360604
1312036
6654958
1008966
5363053
3286846
4534388
639216
8016149
7996226
6888530
7857806
5030258
527643
4656383
2714400
294370
6782595
6040441
2059855
999459
4965749
1875490
2156880
1109187
3505944
418572
2344962
7003218
7358417
6950877
5558336
1119974
7639109
3044610
5034639
7287238
5342016
3136242
1638137
45233
6326794
1960324
6993346
4942416
2810203
1969506
4576969
6890235
5200119
2787459
783674
4899568
1504179
4878988
3837116
856894
6432124
6052537
4000050
3024584
2608124
3635359
1907349
3548395
4149676
3646848
5090473
7145822
5018832
6712610
3095063
4998835
371799
2494236
1316150
5255870
3077298
8010635
6881900
3810221
7566917
2834588
3754967
5718724
2351462
6885791
4558487
6194340
1385911
3101874
7108998
4991374
4098064
3143843
4874368
1166019
5073819
2465154
5482550
1895191
4279173
6187818
1938676
3662913
2565322
7699055
2560538
6892387
790272
1840684
7682047
195326
5374025
7003997
1571773
990256
7659026
6789703
6404485
7326609
6673718
1987970
5532341
828139
6277181
7659664
5448214
6452196
2772589
6957616
718316
2118379
726599
7685772
814496
7638264
290916
2484611
413953
4309260
6204816
3065421
3959491
6175799
1377896
6972787
3465771
7289847
