880806
2720749
2595985
1204056
1644897
875684
2621058
425463
1748479
1862852
2565205
2098354
1170694
2238121
1831526
251160
2709107
1815709
1756496
405906
1459449
1943223
2733447
1852564
890478
1675548
2014258
1236425
2791633
165663
306683
445346
559876
1518057
1878970
2117367
1248163
1956379
815881
2655435
216227
2206539
2081201
2517581
801847
2252306
49877
1583603
1177270
267264
1203408
2275745
1395174
1885108
27698
2865203
270903
2751755
385838
1847497
2950222
1346715
2553252
2891185
2064421
2272942
2701735
2838983
2488338
1240399
1290294
2576992
2608988
1184529
2198048
1549033
1439675
1148006
2005417
268834
199983
1438013
1805835
1694473
2742388
36034
2499370
2730403
2834701
2106794
2306359
1463838
794458
1141929
142579
2106447
1450709
2772543
2433458
2277826
494266
1104703
2243961
1214304
2123137
2878299
876801
322401
1274303
1312864
821435
234390
2007248
1768756
1285216
2579445
176320
213538
1844958
547607
2154396
725651
1057811
1798477
117493
2651208
1237135
563556
961817
2496625
26521
1285511
904238
548238
189404
979948
1487230
2135942
2417933
2755130
96339
1903659
2514654
1478754
1002132
490909
238984
616953
2113004
2108753
2532632
1898804
2522647
618248
1338825
1835601
2616314
2789702
1469364
1996339
2778139
2481115
2477152
1247447
110804
239412
2582646
710035
863060
12660
2815046
218311
1882900
578852
1353185
1966872
2168301
1868903
22242
1505974
2860266
2846451
632256
1150124
504078
606275
538979
1681282
3652
1819036
1575811
2284605
1221320
1403272
908938
1108212
1042517
1281562
1570487
861075
1725641
2045179
1810289
511146
856918
798971
1289185
189226
1339269
2818688
1226960
222776
2970001
1142553
236631
1062024
468020
2438000
1686243
1292767
2110432
50372
1479560
1456545
101546
765603
361788
2932674
2933826
1502663
2208596
76240
141739
1125745
1938268
1058101
1901900
2208157
2788538
2408361
418480
2353547
371822
322815
1575675
273569
2900755
2802645
2546044
2345517
770866
2924151
55585
440338
2234882
419891
2003930
1579452
430234
2703295
225050
1708617
2346082
522168
1739257
968950
562578
2114350
486799
118629
241343
350144
1316969
93153
2388267
890880
1848396
363227
2683517
2502777
2321851
1300413
2579375
2728464
2372528
2590922
675030
1438400
2996657
542233
2567474
2312275
524813
2713946
2699832
2960318
845143
2452938
3366
1262608
1045780
451270
539347
2028710
569883
1106117
2054227
1497324
768370
2587509
1238
964715
248291
2160123
2351478
2738883
2234583
1451393
1725742
766670
651353
2823548
2494810
1237823
79508
2630077
2162101
1129812
2555583
1135410
2790527
2251487
1669574
2210835
388599
864015
2420655
2414946
1525823
2017807
683404
827876
2674893
2227232
1817027
1186590
1524845
1443949
2622512
2583724
2763815
1081555
8736
2174816
707134
1831134
2993889
1340627
2055556
2071684
2982053
1958395
1603505
2452711
1938317
2117794
2771510
2785830
697335
1319266
950493
1569755
2219192
2928330
1675422
557555
2685225
1093445
2859896
1307525
954225
29964
397363
2457952
2867124
2262985
374628
2687930
1087220
86903
1304276
1866213
2091657
300024
2603509
357447
1161738
825588
1483830
1006855
1372268
1594648
1117077
2703844
2673134
2510838
1892211
641551
1899777
153774
2228157
1145265
2636782
539136
1910475
1281082
2308307
2582582
1198015
930181
1811242
2286103
2814797
2706573
1281047
571978
2667725
2123330
530889
1843065
841748
1132469
2422423
1235500
2729970
1896874
1184381
500230
584238
950502
2748255
2383081
1972458
2525580
1944981
1983852
361492
330903
643554
911416
2692326
2668923
904783
391031
1144898
2120701
2170452
815635
2474999
2466282
1593314
609021
169033
1692579
2649744
1832150
826586
2514604
1023838
2962875
132198
1308848
74050
1461892
1488345
2126691
1431090
634964
270008
2780996
2764476
1741815
2484274
2122148
314432
2924695
819011
1760772
2158916
1238890
2887457
2871650
111941
121264
1714863
124640
2965530
1728792
1550772
1002779
2042334
1927430
76392
699059
1513374
920136
1134435
1528533
2099576
2212246
2573289
1026232
96109
735269
2005853
282876
2192905
2425126
2182615
1347507
2560853
1150981
16233
413485
1724309
1043571
2150967
2171924
417869
1025639
495574
1604987
1038296
2828878
2147231
1322588
2935710
2584958
246821
78457
157819
2671458
2872358
2990814
2466696
561275
2835286
2654204
713234
1576872
464505
1772071
40005
60013
453782
871500
2922432
2639991
1696523
785313
27007
742135
2430511
2842319
206811
237959
1549055
1531548
2997627
660863
2336310
326166
2636673
340592
1541675
2109388
120238
894814
782636
1721362
2128289
889308
2870092
116657
2503559
2956719
1675403
1772500
2906417
1098125
2371331
1154870
2833741
2308784
249951
2219596
109197
1490971
1604696
262031
2319349
2106983
2752188
1077321
987858
2083773
2910124
2822644
622577
435662
408219
364949
2606437
795970
2635098
357968
297603
1836426
251800
2066092
2993053
710091
2899693
520498
1801386
2139452
545597
701573
2059951
272740
1925778
1248286
2665591
2805832
2891187
2206360
2752176
2159801
926246
1577922
162539
65223
2353498
1466271
51678
2729859
2107168
2024781
847269
1911845
1345383
2003772
2988986
2224536
793696
1152244
1888267
1862049
477647
1278256
731736
2343195
2360999
2922843
442115
1949886
931506
2989616
472828
1740834
1774019
615301
2446944
2742718
1845958
1052102
333111
912044
2388525
2391096
1265315
798293
223379
1022428
2596555
17059
2255460
1196701
98101
1618423
746204
13310
1085839
127515
2669079
2997107
604084
176750
2221788
1152486
665328
2985455
1189592
1338552
972517
934652
2249202
2979963
1809241
1480138
1507434
1484068
754443
1366898
1912610
2176313
2287390
1232637
1206355
1836617
690944
1365654
2203669
88714
804329
1652450
652794
2081054
2635277
1351483
1856803
2572334
661660
2490098
939881
1770392
353870
1821192
870865
1464881
2435053
7160
923492
500183
2760658
1024529
553661
1100858
2377257
691635
226854
2295573
1664083
625123
326062
1841822
1356428
1122262
2934163
2063632
126558
2903064
1371555
1981338
2440558
1042566
2870369
1388544
1473773
1531993
2229607
2867177
2429626
1673245
1090359
528944
1117326
1891868
1606206
2265351
2295730
230251
1122126
580324
2322863
182500
593572
1828663
1759913
855798
1809088
1503007
1436939
1348071
810203
1252917
2230645
2962327
1024931
2781136
107686
2078172
67876
2048716
1249277
2974410
1342996
2585500
2734313
2510835
2617607
2899546
2815390
449489
1836126
17542
2872392
1626338
880235
783490
2896334
2091122
1716426
2955009
252896
602007
2593984
1004286
1895425
2243039
1589385
777561
2823399
1041043
184394
1473390
490712
656500
2213811
66204
2318190
2386063
1206579
2388754
2816096
2678098
2641608
1227270
2371639
2268459
2082489
184736
1737542
2872627
2715307
1119210
1999965
4493
1663101
765942
38771
2674176
2887503
1736517
1774492
957146
106008
31822
1916198
293291
735392
352921
962543
2205166
1076152
2995532
1163750
1855502
1447389
600082
2686241
2324839
2384593
1438812
2606153
2616809
1812511
737359
59720
2469829
1238657
1061800
928162
456850
1764862
137794
2848382
481129
2758874
2039331
928272
1339182
1896177
2191925
2457011
2596715
1625853
685745
1230819
2358916
2272239
211647
773453
894105
1561186
2463342
779441
2452625
2930732
1277888
1410939
871067
270990
2492701
549469
2166346
2872478
2298143
1630432
96614
2191322
1360307
113307
1438985
2105262
2570911
1186166
648256
2152161
2253443
183785
1459738
941512
94979
1476946
1511398
339837
2589564
673227
2630047
2731508
1238177
1063809
1577074
1884318
2292722
1385576
770818
451323
1111305
2221596
2178416
603005
1540040
809895
2016825
1193165
231176
2461604
1604978
1732977
2003939
1521009
806363
2823252
1437641
1088336
1637657
1539323
135244
188700
2072844
232169
2794047
1045338
2326667
2312467
1366874
2634854
1719526
1396218
2868676
237270
2274246
290050
1446098
2369057
559510
1731984
603348
1068229
2426598
1800821
243813
1395230
592287
2403095
1806039
2271012
1140742
597628
2008466
289836
718853
1874224
693521
906524
961749
1760418
1200747
334611
2999617
712116
2103147
1157064
2564749
2650732
2130302
412101
1940834
2678541
1103382
530847
292970
1076634
1976523
227434
1374402
2836636
1288233
1920287
933743
2721670
1612661
2924413
1704023
1920024
2853144
2698261
2082754
69954
411706
1229208
2765618
487400
927319
2248437
1068354
1045816
2377344
1084532
1233600
1112544
1310128
1600450
882986
2800006
2591495
2151474
586232
1012259
1342818
458535
1439066
2325597
613571
1488227
840397
179174
1219865
1685043
902058
2334543
338410
702557
2010897
2011213
2519754
547174
2805205
1079198
1182147
1541417
2141510
1482522
120427
394615
1457967
723782
2380840
1407686
2085096
100483
363055
1252075
2245107
1347395
17635
585109
1395200
1494855
1317724
1513560
2257045
1578166
2070275
158819
1551847
801911
2913260
190329
1636683
1651877
488711
2810410
1606793
2409214
508716
1270409
804874
1847898
1202387
2845608
979985
119497
2566518
899253
2870857
809868
185089
1590378
1458315
2461019
1572394
2415236
1515590
94791
1715110
1068181
367387
448369
188073
859328
2094972
2919192
1662700
1291682
356224
2248273
2942382
966052
603951
1012149
1388797
2840900
412709
751782
1160653
2352543
433713
222660
1295213
1714805
835284
1212968
380284
1535779
2237983
2475460
431718
2486637
2268419
2174822
517765
1006956
298560
2825188
529122
2946826
2053649
1553646
238307
2646550
1573537
1094379
742745
1199086
1455347
1962720
603850
1191281
95264
1205994
1382239
2912125
172583
2725911
2006705
1025224
1008657
2045604
684573
690105
860186
2893330
1233513
20512
2364793
2765902
2947798
2323454
642932
1454467
166680
1705307
2992402
728573
931936
2133823
2307558
2312924
968808
1359388
1899155
2501103
1986418
314856
850459
2872313
494965
1940765
1338220
2805226
51164
1512186
2533038
44403
966816
1569930
374037
1204215
1022686
487735
2626137
355299
19217
2574706
2502650
113633
1038981
1950087
1764867
2481730
2370008
2636337
2931473
2418604
2790769
126515
2443266
1856390
2858333
795971
2345115
459896
835998
1707542
2281482
468521
2389132
120245
1613284
1285259
2010970
2098841
1712088
1160149
2104247
2816196
1422448
2419198
2278667
1331877
1082239
1752830
1159559
1448776
2879333
2386438
24112
945831
1407112
1232430
1637334
2750618
1795952
1161905
476656
533032
42243
2744411
573218
356835
1357012
469470
2597942
842406
1131728
2820654
1424652
1178801
2125694
2103826
2314321
1186456
2122025
199585
2434747
2254995
2721336
1174415
1307963
758891
1639753
1761178
2816743
574489
764062
2460903
2870516
2692520
1709536
2588843
1397677
350430
1012886
606023
1498914
2592848
1862879
158242
1066584
792884
42751
2062790
2784439
2138194
557892
614943
2898430
1659793
1297564
121164
983736
1011640
40731
328571
1759575
357360
2698581
2969196
1311612
1654694
1829136
989295
2445304
1345370
2136874
1488408
923037
1421849
1597797
2012023
2607715
2013759
2066371
1114543
483202
292007
2155916
2090592
2102308
1129132
1034059
129497
2173609
2653754
2570882
841848
175015
303831
1171121
698954
2826760
313666
1165359
1893116
2074475
1761757
2705794
58983
2456921
1177972
126172
942708
1891594
1913242
669978
72075
93874
848200
2396731
1648915
1284427
1587610
626029
433721
2488007
586056
1191207
2924526
1063625
327353
2044553
335714
2187391
1221423
396108
494123
2891264
1145456
1484655
2581734
636748
2426266
2634461
496565
2783974
10985
714828
2083419
737951
2397211
891901
200451
1949307
1892143
2472703
2491895
577691
2850037
1617729
324351
2305412
989255
1958822
2231389
2052343
1931903
2970716
1647456
495924
499434
1373513
1586454
1442806
291243
2382928
16082
617509
1994714
2611936
2887916
1121887
1005148
1054463
41345
601358
782709
1544966
1392263
255049
630505
2655820
547105
1950379
733289
274312
754692
2639119
1685738
1285975
2039719
2297939
1071034
1069984
378849
1284974
2674143
1923698
1610393
621602
2760055
1142186
2816430
2941351
2249607
303396
214453
689065
1453582
463932
386666
21154
2315339
1289695
2808569
2409455
2064587
71213
2841849
2117099
546248
1674990
626108
614695
856007
1347489
395305
1697708
804262
2244873
2269077
1307559
886584
1145340
2277489
2793713
167265
2999522
2255589
884894
2829845
1796215
696636
499953
1068117
2791882
2208538
609422
761326
1467133
2508594
1042346
1742706
2730262
2871541
2275898
1499492
208834
2715875
2973531
850702
2286681
2947550
2750875
723439
2137469
583957
2268793
1293601
744784
1700130
1540227
469942
1336452
189968
2857877
1342253
156642
573512
2167697
1514898
2799116
2664088
1334641
1712181
2224169
1672516
288756
2349163
2971899
972723
2849220
947782
1870484
1188663
1478016
1424315
2488664
654565
2130105
732167
846397
805133
1606676
991841
2708620
37243
837596
214643
2375030
2411894
1572694
1852958
2348603
2287817
948282
1535405
319267
188446
2252642
2089118
2624449
942115
2352384
1635584
2382263
1540189
2684507
2518117
2958401
1023135
479583
602611
346217
587032
2308163
448864
512127
2163577
1034140
387950
681594
653326
1095255
2492446
89347
1302246
433177
1726921
2571413
1545860
1172500
42195
461446
2859820
1260540
377581
2580104
2210359
2918878
1302403
2203567
976350
381526
80754
1675614
2638909
2448754
2551652
1704371
60176
2062871
1434349
2180034
728809
2755219
946102
1361071
2835005
2262949
1050369
2365970
2868007
1287944
2094909
979037
790119
617724
515854
2464950
2339919
2816953
1854180
1421781
2379670
931111
1508543
2421497
2594692
1675818
1330064
1629017
889886
1351550
783648
2899866
119725
2600137
1607973
1766866
710820
2903122
1417759
1741116
395657
1061499
1729650
2205635
240788
796741
1572497
2051976
2288821
600684
3000241
2024024
2400501
1793717
1235082
437427
1170119
2223514
58119
399479
1361533
508170
2738391
542217
1131168
2499101
2959168
483633
2545852
2049998
2945363
981699
362100
2221660
1424383
2876692
488686
264250
2747455
36926
58310
806765
2596720
1294465
2893377
2655159
234233
1290264
1565173
2141542
2417252
2216805
975023
2712444
2644945
989973
1138378
2714883
1090780
2597013
2377586
2487146
2912943
141850
1686784
2774148
770934
2384450
797994
1009152
78853
1038618
14191
2278668
1997477
267495
2816202
2140007
505325
2765363
327023
2448276
88918
1164749
498951
1579120
2708943
335934
1449025
1895975
542710
711188
2618101
2535583
2951619
2341777
1480862
219216
2264651
2488911
2903991
2051697
2893722
328547
1634767
1617898
2754468
1307526
2020848
328953
1282885
1159584
2697228
2069491
1541384
2342324
1677567
1582013
678634
456706
2567038
1392137
2994878
1564568
2190055
1369299
1653685
2817016
2365448
478464
2422027
1727893
1194821
20237
1682310
316798
1701174
963132
131912
2788320
925199
127436
1729890
2648609
2603099
1659213
1803169
2023183
1908234
1605879
2182567
2819989
533257
717008
1910040
380802
302774
2909141
757912
1873719
995827
198587
2387443
654266
791833
2692827
382184
2660072
1384170
1537982
2774572
273255
2846065
428584
182258
1868436
2673670
1971915
430963
935355
665865
362757
1053689
1484774
1333512
1969266
1117006
186842
769340
1073038
5547
818181
2026476
1805835
253928
1829079
2018786
2417082
2052114
1539753
283541
1540693
1763340
1201046
2589692
1062922
1139399
1050966
2917287
2286995
1858722
1699750
958870
2212951
1971523
2937619
2351277
1059707
1845269
757127
2214919
1310620
1813726
1741667
2445154
934841
968705
842856
2564671
1290225
1954542
1673587
1718379
2833725
575337
457895
54457
662893
1407502
2596593
1495222
1289823
2438721
2189355
430977
1094374
2681209
2177417
1338847
826150
2095241
2216933
2834649
2306585
2165512
835868
1389061
696954
1363158
2492582
635440
1128883
1272258
2932673
2117308
518307
308901
1663782
2355624
1594436
2602711
2783084
2938438
82354
303817
1637936
943602
2467118
2164248
1960208
1272205
908512
968521
2609785
2078535
1860655
1182166
1175042
2387381
1111156
1091312
1448611
710908
510763
953302
2500314
2333997
2067627
431086
1266780
38668
1872211
2225982
2290760
2951372
163754
634568
245213
2234723
1231167
2093519
1573775
2604431
2096658
1190714
2207949
972352
1374105
888286
2213500
589038
1802210
2460802
699252
2702443
2812609
2052679
2205323
1736913
1265176
2853723
1509200
2692019
605118
336622
1132967
1779553
1073796
2479888
2428665
1015476
999541
1094378
2051754
2741528
2479482
1556601
957343
1459642
724802
1318113
1063961
820073
114839
2647443
54357
2823848
853529
1435956
2426213
1725813
251061
1234703
1137487
320729
2498815
2889672
129538
158798
88581
2681370
2182667
1203548
2227534
1054510
1703329
2171227
365578
2387293
1922712
24334
295318
1724330
194200
2329788
857885
2247722
129895
248379
408229
4460
1286549
88668
2351282
1527581
1696092
928978
2781947
950569
509077
2266732
2410725
2784413
1827470
2126031
610247
94537
972501
1387470
976167
1946675
2839308
1134913
2905209
2520836
771491
2861806
1087429
885673
1062578
473203
1711677
2327192
2536257
2022237
1203726
2621415
2874303
2437517
524936
2181436
1807922
331533
284101
2652854
626999
2600874
860711
2747371
440335
1069115
2784640
244882
517250
435930
2070549
2088482
380051
255607
1721467
886725
1495555
175507
2958451
183321
1198249
1356085
2527941
1520248
665601
2661190
1852507
2177347
775910
1686941
2836771
1621894
2603586
1773382
234259
2293958
1524227
2535251
2620182
2144038
2602552
2658941
13977
1304978
1472587
1099549
731659
310084
976253
2782961
1693801
2310693
978049
990424
2999890
1684904
2528294
212505
2543874
596961
2108853
2633967
1884802
134123
255187
1495979
534119
2222065
1010208
1036157
1974998
2848399
2449941
1039801
2134447
352783
314551
1605227
2736653
2445858
1130801
2497479
809406
2623524
626560
2820163
393601
1441765
396575
1138489
141022
2788106
2780580
7204
1996705
1872936
1416709
2551609
1603235
113476
2627886
1672109
1770198
775015
2131366
494106
1391329
1703102
1355705
1995539
1097753
807086
2374865
232199
144248
1682256
1314223
2671157
1274341
530645
1305041
906928
894858
2603646
1662380
1580635
1653313
2771875
2189836
422444
1838306
1490109
2448375
1500319
123299
251601
1684709
384554
1551289
2772711
2591440
236638
1701917
1162257
1817685
96590
124305
1036719
237761
2792809
2151174
805422
2070944
2118495
2322406
2513133
1056591
144067
1361020
1358852
2447175
22063
2326477
1504902
2017959
2443656
1744191
2443963
1086628
50702
974286
709929
2733528
567771
2264508
1382980
120865
405595
1316919
297506
2098719
125906
1372426
337749
2409902
94863
2377190
2450865
1254257
1781735
2684682
2373664
2505922
1114583
1951461
2337761
299073
30347
1249473
2455824
1800329
443602
1909531
1610240
2691032
153388
2351129
623550
222667
2087497
2934124
1465323
1319015
129505
2426057
1699902
1336445
2063641
324991
536402
895299
878053
2990519
23479
2662243
2907406
1351408
2608783
2516013
1349022
2730005
436874
1630608
750717
1340636
546651
1102954
1774059
578369
645454
2852656
2044146
1479269
897490
743965
1268232
1896100
2825614
449145
2103660
1613008
401488
2573462
2451523
2051808
1327486
413389
2765951
2726862
499956
193530
1803546
1516754
1932902
1819316
2776944
185589
1168236
2310299
1440030
2490783
2949862
2731674
704486
1286175
2921936
2708402
2393140
268133
2385881
2804563
245691
1776410
2829120
2485817
979282
1642283
196555
1403117
35686
2572120
396394
956089
2053863
383691
805507
2495570
2241497
2090388
2614776
821377
1188760
1561369
2731315
404469
2183034
1556322
2999642
1373930
1397394
1371726
1313272
1908460
2780603
2027177
1887583
2699837
1628333
1317764
2248058
1035080
2430882
1608458
1261020
2138672
1009784
230489
104999
2162433
1973914
49459
1349746
960327
1900273
1815524
700280
2759695
2209221
100049
2391662
1174798
1304233
2804683
175613
42643
1054812
1675415
2460773
2769697
1932559
263712
1902501
1119278
538200
666869
1544981
457714
649522
1596880
871132
2076615
843724
1563767
1291044
44955
2165440
1120857
2101012
1009157
2523884
1845771
1396792
246217
2165727
2323694
241625
2434762
2846281
328469
2571241
1962080
531665
2154998
709532
1427383
197842
1970670
2881161
698006
2538259
1626500
257194
808309
1560567
1318909
2415879
1943999
2386100
2680841
2574204
1765891
1908814
135973
593391
2436120
525191
1075810
130273
1863776
621244
515053
2079738
2464524
370392
7444
954227
2703020
2949490
1023291
14881
2660869
2058153
1809917
2100757
2035840
1033978
2405487
1647986
1983500
665149
873044
2164675
2418774
1000879
853646
400584
717654
1201864
2315685
967517
1083305
1498362
2252778
614273
1681528
326815
2023456
270337
1620567
1214669
1172044
1561951
1008165
1809771
694172
871576
752846
2592776
2249508
2951025
2700460
1027714
2030332
2106214
1722767
324208
1506656
538862
330383
224016
1218811
2170052
1973225
2525434
1239078
2029079
2775691
2076863
484065
1832380
543121
573324
19793
2111
2983335
1939124
176077
2774967
2638812
2923695
1629810
1625234
286220
729343
2295693
2693992
2423246
858152
2207032
505929
2245225
2863829
2779704
1278762
461437
1900741
1032798
1244799
111722
658735
1700865
1270413
2075100
1269206
1739488
795418
947637
186023
1952334
2792676
84624
2972420
1562628
971904
875901
456413
1128980
1074443
2451189
1072736
189506
1111197
1158097
1756355
2316243
2280339
2707603
101014
191650
955737
1681369
2041934
1322622
461322
609997
1610178
1043161
2287756
239723
2012687
620865
1559058
729713
758414
838784
2703809
1968029
2179335
2897466
2627617
201267
2532370
199831
943953
1304760
2233680
1826906
345796
2417744
878330
1766529
2572266
1476591
2222712
2326134
2528505
1575979
936741
850060
1370077
2996338
6877
2922804
910339
1963154
642446
327956
1282217
850659
198098
1500826
1144043
413380
518178
99215
1478645
202686
516563
1241076
1628341
328522
597828
2804915
2415033
407940
2059284
646471
1243045
2901663
50395
2892111
2262636
1016144
678901
1118343
2958163
2205695
659229
2329452
2199370
2649134
1250398
1251305
873558
79915
1217637
1050853
2855016
1806331
1793982
2570249
2776924
817575
2359418
1607076
2846265
2287500
925783
1853104
2961276
2953660
765201
2106984
522184
1344138
1868818
336873
1358686
944256
2870169
1014410
287310
2618114
75024
1498310
558029
354019
864059
1371704
757587
2421411
2591837
327290
2368723
529096
1497156
2330223
1415967
1538770
2677670
1249827
1380590
136307
604099
1421469
1230666
697732
1061970
464261
768943
1128128
2214525
523390
1383354
2797507
1697947
2046967
2281865
5225
2343981
126227
2122680
114315
2912067
1262183
914245
2753654
2746507
2262834
807857
2539007
2438733
949591
504570
1072888
498622
1415042
2884290
1797716
2841727
1373413
1866717
1906936
249487
304767
2859522
865560
797143
738875
2027451
221851
1366717
1093888
540850
1133416
2773608
2295658
1767432
2051459
2253383
2287226
202036
2099609
1254807
2336430
220006
2090234
1606493
1196104
1892771
469676
522595
2985320
415706
1750674
2407770
2747338
1860592
979612
2159257
1941532
2557888
2471498
135090
500491
1337216
2368100
680887
2961213
1970799
1448616
2154808
2941210
421240
931079
1587488
2957649
2087477
2897652
2375309
2052050
2379866
2972280
2866506
2293514
2815658
169210
2652734
1294843
269474
1825525
2085256
2936111
1458718
712358
2237283
227687
1449505
1945814
1333954
1263273
2431404
2022476
474222
1823092
440578
2837521
2414210
966518
757756
2290389
783566
129920
788851
148213
1078844
1938682
979112
1328345
2612627
2726193
307209
1234121
604594
752749
2418335
926336
505624
2055810
277406
1459784
226002
761782
689145
2139978
884524
2409117
1713723
2991562
2870428
562440
958356
2638824
2627183
3004375
1389847
2949321
841222
2887992
38828
405832
1212831
1105109
1600236
1946070
461305
511150
81028
2350326
1211651
295947
2953232
2356543
2551980
2881337
1805672
140404
2581060
199717
462912
1284483
249518
2960025
2174083
711949
496695
1705986
2468189
945121
100327
2288043
2652682
2652026
1999226
2820990
625342
2967994
2611078
228723
695981
2926709
317825
2698071
909206
1095885
2539548
2225963
1094438
1000273
2248733
629554
157438
2674593
1775288
1841585
594673
2246063
2135811
1702685
1427289
397671
2663585
594751
641197
2705237
1319150
788236
2240319
186631
1198756
529836
1376370
2531373
1285404
2001072
442973
1152694
2326968
2870258
211696
807478
2484698
400771
2480975
1617492
2184259
1814147
2535401
782331
361732
1237465
2245520
167728
468292
2443344
644782
623412
115744
559624
563525
1493770
1423980
530752
1892878
690912
447636
1637940
421672
1553947
918610
2360726
968371
2809885
1955004
394118
1741876
2491371
2858286
667812
2659769
1795311
1063037
1685405
2727052
2257582
2670187
2332860
1681635
2984842
472757
1072783
2004170
1532282
2287494
2919773
1678895
2002473
651601
1044575
1815817
582154
2587528
1233944
2082762
193952
1223201
519019
707978
583414
2805638
478436
1359599
2335744
1010163
435119
932697
374048
994186
1766527
1804125
95799
2356610
873023
109207
1808869
1789999
1072594
2057662
1922566
1558487
608509
713710
1127268
208635
2665246
2235836
2206524
432370
307182
1219017
1542827
405810
2971591
2340560
793966
239303
816612
2102269
1133434
2326038
82643
2843848
388991
1644130
101140
1681230
1395181
1904938
1507659
1424404
216850
1263865
2867909
2474853
2195875
247305
2763971
600222
918504
1577964
714398
1960063
1879745
640752
1402639
868684
1203435
2789457
1566457
1787329
1341050
2312657
462937
2380354
562447
1439748
2999366
459755
1832629
2342326
1371238
1395433
481843
2843024
2340547
2876160
2948845
2305141
1405594
562611
2954172
838245
433834
1796411
1027095
2875473
1272492
2733207
1656720
2507379
2436071
2600273
622960
1875416
2942283
631716
275023
524684
2090385
2122447
498291
190299
2714329
2937209
1693654
2517058
830133
736410
403557
1295938
1057395
1444658
577413
2393353
692011
108368
2200423
60999
208885
2395742
2336709
1791418
2208013
2641203
423437
2785778
1431203
1140786
2703466
1232873
399808
2168906
2156256
607873
367369
272264
954522
236045
2167387
1379288
1170929
1329142
328376
2989383
2974863
2727841
2697701
2415019
1495374
2835181
2283177
1953974
2092450
1034852
2501280
1423284
2492567
1608710
2364326
2833648
196528
1730300
2343044
1890303
292784
2862433
110476
305925
1217528
616205
654923
2958038
2197315
2411901
249120
1438583
634170
2516314
1145460
1060773
419957
2237611
1730356
2185962
2257616
565816
1456815
1230382
2219927
531609
2264768
844247
2047118
2812717
2990299
643125
2989972
1653776
59004
1321036
23355
1881108
400096
882048
449728
105990
1906020
1280897
1905922
791288
2155505
2256439
728113
159180
185917
686881
82842
433359
2214569
731006
2662087
2672370
2940174
360195
963035
1788148
1296840
2224506
360832
697211
1728538
1777350
1356946
1699764
1804100
1779385
1690033
570597
2050169
689235
1249020
1617259
2365180
1977879
210034
1184380
874351
1027011
1071362
349182
1227191
816120
2825952
2961763
478138
25531
2703086
1175365
1338000
2384226
1973538
2421633
1701304
2258486
2949141
1958541
2018561
2684856
2112028
246840
467153
1491002
1947214
1548507
85450
1405311
2050990
209806
2377830
2505015
668536
951723
161104
2519659
2962863
915452
241780
1513062
1218658
2239730
1582404
2484811
2156648
1962371
971193
2455092
746703
190681
2717105
2874107
1266545
2558368
2888661
2730868
450348
1795842
688046
1425639
751344
2030179
1488068
1584615
740930
368557
1069190
2646367
2789868
202960
2332270
1291520
1386264
104645
2176082
1459494
2030202
471704
1085957
2219015
1594405
1483352
1139076
513747
81749
427228
198229
2234927
2675495
1958175
710394
741428
1366067
923898
2977190
1462991
2425706
1007238
2951494
831749
2999245
1935234
2259155
2645954
1079558
2672996
2496216
2885949
2979237
1573615
1266130
828092
1063199
269528
2478147
2980108
842854
999450
197644
2196921
758184
1350703
2578767
1475077
385095
382531
16686
676730
402186
1641644
2539187
2106812
1513873
2283224
2420578
954951
2390937
1596287
2041813
959060
773063
498509
1628662
1243717
2291607
364312
1087943
2405113
2089008
1833007
1037180
389468
153814
2948725
1973245
2962336
2204368
2850455
1449402
987851
1298713
1718614
2544528
1574874
1558720
1846935
1549568
829351
1915377
437243
721367
944647
1146600
1460200
409395
1168905
2659344
237085
2160043
954059
1010809
2593191
1558671
44194
1018135
2809817
1973363
1619066
785818
1420716
1072101
2171120
698720
836570
2976498
990260
2424515
512468
1631323
1010553
130419
202530
2098676
2940968
2905248
468622
67661
682185
2348933
2874872
1393404
585970
199166
771108
1394137
2215369
2233220
2794512
1201201
2854162
1473303
51525
2634046
1620724
534874
2091789
2242068
701586
1101922
1476060
2415119
492593
1474006
367710
756525
2924500
144897
2721791
2620047
946458
1657480
617863
1506742
18327
865043
1806769
2408025
249313
1428485
2426894
580241
1566804
1076201
185942
2268569
1253724
1476028
2947421
1803625
2388807
872881
2894909
1278684
2860267
2272173
2253082
2006168
1789116
2887290
1513387
19117
1301577
583302
2064242
2080477
2396362
1759040
2572475
1597722
1658933
644519
143363
43252
798360
672977
2087540
1746425
1665588
1867860
1540882
2879671
795395
2967929
1049740
881128
264168
2211417
765011
1880528
543593
1648617
367916
953115
2093756
1736362
56576
748236
407630
645963
1836253
1987257
1426560
2686445
244334
2220574
2581191
3001781
2153401
1134767
1724211
184578
1630924
2741029
2826027
964982
693250
528223
2075890
2087463
1486292
546430
2678504
709193
2304909
2310481
1135321
1632568
2077146
2586176
2412406
668659
1909211
1852982
1887143
2313714
2373190
783769
1147701
257423
1602172
2765504
497986
2192243
2666385
1375648
666717
847295
2649520
2333254
2232738
1340969
76762
2438042
1562727
678217
565831
346819
1731952
786330
760344
6165
1424024
630255
2650169
2357193
1852061
1870146
1809202
2491477
2873111
1067584
2300471
1739121
2721499
2654577
1493231
645315
1175824
2744567
2268505
2377453
962413
285694
2118618
890897
2067825
1216452
1919080
70551
1007834
2163617
1248134
2414225
2814234
2208878
1543085
438134
774688
233871
1372145
1013585
447297
669837
2840495
302080
2208915
166775
1693425
511957
1656480
1919545
2694113
2579556
1263840
1985003
593323
810542
2103250
1548892
203803
1231906
694213
2442542
486469
1924927
1957366
2428336
2614528
1119060
1276625
2820554
2046104
2834304
1162406
1877839
2574689
2079800
2696684
386211
867864
2407485
1029872
681936
682971
1061834
203361
920260
1999457
226579
2983131
2774621
2155836
784476
2712532
1618360
359791
1816574
455501
1353503
2252885
797971
1055211
606436
1641182
315221
624261
811301
754303
949750
156375
1911156
2272066
2656563
1406993
636638
2075
406456
2815672
2792695
362196
817916
434665
1215577
1182425
1472624
795602
688455
552433
2997254
1031232
1784036
766231
797003
71264
607353
1555488
2547452
882825
1036429
552399
992851
2153730
568761
1273213
1846168
737334
522307
1114885
2277372
635696
2967518
714970
35737
995184
2253696
520123
2468514
2235862
2878967
2824239
2367448
163214
193957
2689761
766770
1261228
1218591
2072621
391530
1717862
1199271
2818686
528023
2788874
1194831
545103
1716683
2130161
530254
2698123
2648386
70412
214108
2464893
2459806
1815052
176336
1160652
1842309
18536
2897015
912617
1772838
1017766
485134
1608517
80182
2771702
2486981
1398377
823105
2846671
815766
5232
2608956
2842154
1840378
1583465
1012437
29301
2230412
1558574
699301
2695295
186506
2916355
1180121
653534
2898743
596346
2832392
1295607
1430980
1499677
314669
2858226
1698893
896593
137824
826233
203141
2285193
1025331
2591264
2059147
2139493
2757676
1787938
1012362
1620134
151045
2137330
1007563
2547493
367299
2721215
871332
1861579
1008497
2171482
1887321
1072507
1317707
2409912
2530677
238017
2346609
940059
1173324
2344371
1503624
1780742
876710
1602996
996136
1400011
2678077
2862016
1557832
1364641
449958
1345842
685385
776451
2548286
1029356
128180
2857857
2525123
2323211
2946465
2046345
1391461
2920166
1075217
2285081
543127
2695572
450899
1256682
1626094
1851382
1599708
2952982
294
805113
2563303
756346
1457630
1181068
2181883
1951235
2796209
1688278
33850
1975028
2041276
2817603
2901350
824676
2378532
508344
177734
256172
2745071
1157279
1324933
973729
579138
1467874
1020520
2710160
2499558
477289
2667192
2563697
1325133
287718
735252
2527766
1595512
1305588
2492119
1980175
2929548
1340203
2966941
2992374
595520
1683231
2202476
840114
490086
1253963
1091102
1790431
975655
1577921
213370
2397378
1437460
792189
437695
1582549
2103627
1054987
171717
1716682
2039298
1460629
2561616
2718016
72614
1949044
389937
531658
645096
962904
777641
1477187
2739582
2233127
452834
409694
1366351
1323506
1578727
2765921
70957
814975
1575571
1307357
553637
353570
398144
1994181
1395701
2828304
2314886
1390208
1489253
2092659
445513
961534
123855
2396513
625893
602453
1126354
462899
166344
1430928
190903
1480097
2818275
919224
64684
648870
2646023
1078163
2676499
2496189
2813181
2737683
425093
2408203
2887973
2131343
2806583
2020399
2800271
2732085
727419
1176272
1647276
897197
2773883
1590760
2756719
2956630
343263
2216461
2102042
1586964
1873291
1749067
1087148
1672462
216522
217866
66822
1012712
1601520
1915764
1581918
465954
993527
2433317
968989
1372424
1489212
887163
1831444
2962618
2900076
1610085
2122287
199334
1738872
986865
1230358
1130727
2414422
2378269
124255
419706
2094493
2076111
1856323
532054
1035031
795480
173014
13835
2836595
1579785
1705121
2414755
2516676
632606
2384495
662842
2295105
645108
2607799
1794402
2242978
312761
1676505
1970161
1651518
988234
2180086
1410137
707396
2134994
2825720
2072368
1522078
35768
129925
1666650
2653590
1998707
2497992
2252167
215418
1522966
2904342
1416914
1084681
163845
2663354
1525466
1010658
1526627
178489
2760231
1735838
1748578
2880813
2024854
1202414
672049
1110387
1220458
152141
1139784
1761976
2655689
2423326
1176999
2881469
2975453
2712846
859991
1181571
1351970
2744261
2721271
160744
2922892
2399036
398767
2078440
777733
242568
681404
1011309
42649
2033622
2080324
265421
1003951
2476332
2693387
2690802
933960
1479173
2526470
873085
2689348
948163
2655783
1264995
1021373
2734273
722634
1041761
238146
335696
2672726
2843770
478123
1830949
1536921
2002360
1965385
2441278
1266810
716821
993460
157894
2733882
1749998
460437
471597
2536850
955939
1524966
1763644
524079
2534039
2975971
2683691
2229233
270714
1196812
276320
2981695
1606671
216762
1246945
1940378
898416
686795
2951824
2305691
520058
436878
495784
42449
2989338
2176186
460337
1137199
1050059
891561
2705963
520081
1053514
2202127
2735364
1896307
2142857
2887923
557840
1231613
1744835
2902953
2583145
315178
2881968
1429120
1817330
875320
1244104
595132
2887161
1869440
654815
1105937
1674996
1680060
167792
338998
1591801
1636953
2765683
779785
2715636
1366355
72272
196553
623406
1688925
539706
142854
969702
2882037
2133728
1364644
1039871
2975428
1722691
2919369
2537344
1108775
1790093
908145
2826672
1743423
1184286
2318257
2457288
2396452
2776172
477086
2893831
900792
798266
2955814
1034942
1875090
972573
2072344
2843189
1179273
1246659
12995
2091529
1326534
1558536
2033548
2314167
2342625
2657851
1930067
1720188
1208617
2626402
958819
2008901
1568361
480205
908253
33733
523149
1918037
2006437
2950877
2760938
344445
1420844
758108
2235662
324167
138593
749852
2383187
2334312
1053407
2446397
2226211
1796011
585203
2158217
2297184
1358157
1616687
1144849
2675056
316471
1709024
2508185
1641811
309364
564939
2482227
623698
1151763
2081894
471098
2356973
2804207
1429170
615369
2690936
715763
19064
1208124
632013
1417760
1070102
1671141
2785904
2165466
1630290
1974535
539432
1125058
2359490
1837063
1155925
116404
1516078
2317514
1190670
631184
477086
1268292
2443121
1086491
1875922
835323
2112818
2358570
1850600
2462716
2848539
8261
47070
2288058
1985932
2629272
1448728
1419256
2024395
2630207
1571055
1817444
2783956
2691456
1405400
2351430
550055
1398573
960659
2537660
2042802
1792506
994801
2251971
2342689
134333
605342
752485
2174015
2214653
670122
1758608
521592
489213
1955121
1763725
110927
2363550
403983
2771247
67228
2476789
503616
1593349
2807805
1108280
1857000
2615473
128703
2582954
2649915
511916
973146
2850567
1584657
1577181
2973984
1227370
1053342
2296574
2333636
2314546
1965371
2219142
2220288
1265299
342896
855980
177379
2080055
2843945
1472510
1346648
734359
2396231
357654
2306078
1835790
2518633
496384
494843
389502
113213
1190241
2237030
2182187
463559
2487239
1761672
1992560
821140
2743241
1452466
178062
2683312
2023668
1336271
257675
2213801
2550430
2867517
876262
694264
1216930
546957
314837
2705475
478961
556722
619416
2267131
993194
1368942
1325138
1573165
1235631
829309
1782762
951575
1649093
229909
396443
1451070
304356
2639781
2027443
1666137
2808374
2957014
595245
60660
2545160
1337332
128797
1709350
1330716
980171
799040
2615698
1634404
1172619
1459067
525878
1582616
1746452
1239685
1504901
1823765
163283
1422771
618927
830383
2280568
2114343
2452299
2351709
642641
845765
1139339
2606879
1471875
227325
334625
489030
1045174
2885429
2395110
1095143
573857
2740845
1685930
2915648
716146
944508
924454
2036141
260415
1692822
1151114
2857608
2349351
532742
381826
2749260
2978917
2483509
1674779
1353333
2104502
2237178
1663988
2691611
2827002
387434
959228
1634328
699998
903865
283489
1465986
2519310
1573030
282803
1230310
1415192
15193
2311484
2601203
2103540
205512
2306473
809548
2275930
1432493
557731
400158
2868132
1394711
2625424
1711599
2145023
1544481
1073497
1908590
2021437
1259368
37626
1058564
542495
2064063
1805561
945037
340471
92805
2594992
223250
812978
1530504
2911174
1416838
1308945
1951427
1378319
1287439
2299600
1928849
1725680
1895695
2314287
1106674
1486352
1837850
2856564
881752
2390952
2182840
1044635
1560915
2650723
1474849
2312200
930272
1510810
2731438
127985
1685548
651995
437216
1886093
1727646
2645542
2101668
2117140
1196188
1932649
2094026
2694815
2141471
925071
235849
2811981
1824348
1378912
45337
2131156
303264
1645080
2642893
702417
2449587
1523703
2081921
2769417
1041472
2072332
2069391
1893505
1192872
2310560
1418890
2267542
1232856
1564562
2401935
872844
2656047
2741844
1138352
554329
2223788
878063
994047
1475481
1573151
2923635
763622
2113610
1563673
1786370
1485099
2809770
916581
639751
1719850
1035075
1905407
604416
276311
1032921
949569
2337242
2700637
953683
2138975
715309
1068618
257549
2098990
543901
1623004
133843
1675731
494933
2490925
2499424
320219
2820416
2005970
199089
698656
1829329
2022828
1141662
657681
1971419
616624
2733561
2411452
1064695
658363
2799219
1590986
329618
80580
1498052
1748702
2146639
1465334
1070034
2184640
1722735
1948828
126157
1986630
1390732
1676908
2066736
1360953
842295
1817698
611770
1174828
154162
1718738
1738847
579567
2325323
1507539
251791
753194
796016
2080220
1537871
1676613
279136
2121014
2453670
2419829
2748179
1803257
2878645
2504741
469389
2776255
122118
484812
1647789
1535575
2875591
1848639
166140
1909298
2176782
1057986
998747
397073
852800
718158
1675079
1517876
1480888
1405409
2245245
1596667
332215
442796
441181
1337882
2960059
2195425
2151505
1100491
1663037
1108639
309273
1137082
2259544
2708675
998786
2214928
940908
544602
2609370
1901579
2471673
1836109
54967
745254
314204
299865
2892413
1136943
250739
1342181
335476
45128
1626851
385942
2254605
1817
2673357
1273093
934133
526914
766764
1060575
1871560
1053382
337414
717496
171203
2456141
2039751
126200
434683
594549
1727092
1522809
1399768
2443722
1657470
686828
385885
1754725
2907838
1209749
2061533
27639
1141594
1016613
831944
1147588
2080594
1829327
858583
2763961
370552
1679705
2090328
2139343
570572
2699785
466706
1236582
849353
942694
1152998
2432253
624737
886902
2432893
2900761
1899733
534536
2141205
2104847
1832758
558749
1425075
620362
2540735
2859208
2456336
2785044
28388
317754
2210249
2978177
1341471
761580
1444895
618080
687959
2199499
1398075
998920
1488958
2176011
2121964
2926363
311697
2472124
1508235
2821599
1622295
2891605
346881
2870396
2996782
1472712
1859383
104370
19557
2061680
2980601
1842723
672216
2212810
1101773
2556011
1392094
2725495
860292
2445826
2485373
1389181
1744175
1780128
498781
2192233
598622
2279970
2022116
2540366
2224045
2071287
2607434
1405041
2458425
1910065
830711
929648
1315640
2314960
309014
1770918
2243026
1100027
1260420
2110694
2140673
2659830
414569
2777009
780300
1063644
1089452
691196
1650286
375580
754015
1611400
155082
967867
1125098
1444632
40384
436299
1674479
2047972
2262535
1225325
1219618
370891
2217336
2786024
1697824
1467031
240198
325168
2632329
1192542
2749488
1412045
1271119
740291
2966979
1992201
777987
2744661
926833
2920937
2216870
132190
950197
2402925
1932308
2262582
464129
1501201
2478390
1485146
875255
271050
609472
1176679
2795068
2696307
906338
144238
1184476
1050021
2401984
2045737
1960933
2014147
1369067
258575
1101541
908548
1511422
2223211
439961
1692413
2033551
1519824
1761980
366781
2722507
2954597
1712034
1613261
281769
2669611
1213113
2306897
2235078
123155
22387
1453906
2734367
2663190
1918628
423454
1571207
416953
2793597
380803
1497331
844194
2452073
2104405
1510466
1567290
78962
2687868
184757
2978263
875612
2336253
2663096
1849731
1059297
709166
2370660
2275361
1032297
763205
1444310
2720013
2507137
2325685
1987742
1513614
2336269
55008
2768971
2958000
2089792
1725586
1785814
1372476
2659565
2232211
1471158
608187
2356788
1672477
2850789
1555047
2799021
2010672
2719390
2259984
86121
2276798
1444634
426060
2303172
2361906
2881101
1889920
595008
969628
1114424
2860448
2805791
433172
679326
1014055
834250
494872
2380547
2529960
1331316
1973829
1777444
891185
1096052
1151892
1052927
9187
2020794
1564168
183647
957831
274822
147424
2846675
2686932
2649564
2664361
1073174
2332888
1135196
2722544
1514823
2882508
1476780
2020920
925596
1637040
770243
639568
2232827
609
534192
177587
2386236
1516279
424753
920812
805635
486624
747437
1667368
2001367
2064197
115672
200056
2772676
1401751
2728908
533924
492762
2025317
2184153
2992558
2988165
90201
1587184
1998007
1374742
1892334
2855527
85278
1965627
2175049
833647
382494
2304911
2777434
2435498
75551
2443959
142040
1979500
1921316
2189084
1373029
983077
721841
1364558
1647626
793272
1514413
1508674
1126513
1123987
837576
1679365
916785
235716
2683747
2941931
981271
714532
1399272
964262
733443
3005049
2256799
37145
268231
2795302
1931323
2077966
2186512
1571802
2015124
595363
784171
127581
1962674
118133
944331
1558864
335109
1059169
1630916
2926964
560731
1235453
1322588
43882
1844665
2693409
130836
1000234
247945
6805
1400769
1422048
992265
1556937
830356
1676599
2965701
873037
2992690
2348835
2805463
1814382
2448471
126560
2968160
933917
2545732
803732
1524437
2585904
2526138
631505
2816286
121204
1225474
2371118
2716755
1372572
116228
1206034
459507
249315
216097
2119264
186896
2673940
445283
1922671
778061
1336619
2451345
1419635
2861768
734208
609698
2923848
2476015
2301296
1004638
1577942
987125
1425942
2322245
1784833
517067
1361443
758791
658134
2456864
1851266
220615
525978
2791238
661368
2715760
534851
1252640
1643295
1247598
2639264
620001
1896055
2710126
908926
1329730
2674988
283907
1477391
2999261
533313
207889
769319
1917642
2740758
1366914
1416244
2813492
1189698
2747526
2376098
616876
399814
344984
854301
1778327
519589
697801
2021614
1912731
2835955
2344284
1754857
68529
2561671
2798250
1302848
2890644
1825746
2376165
44083
1959024
1532486
1944685
1875788
2677163
1082980
273367
1515708
535120
287599
77329
1627244
1263540
1745025
1088014
406442
1669134
1324206
2459072
1013753
268146
1014460
2442531
25342
2772084
2141356
2496045
1033801
841119
1228639
714788
2306500
1184237
1924515
2610072
1812255
2438115
400177
1142980
684055
2163007
94655
18995
2582825
2887565
1122125
648764
1797257
1941833
1484241
1200129
1027056
72763
2184665
1589054
1411264
2707943
2521492
958031
2713628
1853923
2041116
1975064
1223801
2978057
1994687
2133325
3004861
2498758
1635325
332742
2823886
685546
180047
262431
82074
714147
2686640
1095074
1912546
655593
1776765
694398
769831
2985872
2291773
506915
2620655
2044812
2585949
2851762
2524876
2935128
2519842
2694100
1487302
1941277
515008
2200015
989458
1588896
20027
311719
1125476
493722
107167
1566748
2366178
2867847
1781523
2994485
720027
140241
1595046
2796946
1823376
817332
2778637
1643268
2781641
1185427
967672
1780561
1538549
1897980
2020503
2643524
1434886
2940074
556827
1287678
2165551
134809
2520755
1303448
219908
2024295
2183665
290336
2097247
482623
1788560
1970820
2824370
59150
1245715
1647833
2588010
597059
905284
1259192
125660
1137428
1535160
2520277
1927481
2658488
2660519
2068985
444246
1714255
1553972
330967
2956259
1992223
241145
535503
625667
301646
198208
2925548
92085
1766753
743204
2499882
1146683
380093
435119
649244
1555308
2716760
186445
1409648
1811090
1115950
202511
2342253
434912
825051
292685
2797935
423619
1856696
1317297
2704522
562257
2553008
2396210
2636332
808392
2788213
347832
1259878
1549010
1450504
2054688
1517363
2632381
2899397
2399000
2633386
525203
308360
996353
1149166
2549512
2227991
2232047
297146
2635929
2722757
1180562
109321
2661003
1175483
697647
2369668
2521114
1402847
2985380
148645
2951427
2981696
1186038
1522823
1975195
2228006
2686269
1890344
475980
465246
2849207
1120155
353579
2585727
1753368
1428406
1141373
2524919
981261
1364794
1311052
2989686
426821
419528
1101535
2296596
1160515
1480267
426768
1202181
2576329
822516
1279234
893048
3004303
345855
2001835
2142630
941556
1552700
1192276
598726
66332
357836
429601
1088183
2937903
1326681
2319787
2186393
2615453
1811499
995970
2609947
2740530
2217917
1184409
965323
342984
1888537
813694
375542
511368
2122226
2055366
134492
2061198
820195
1498833
1342597
7192
1427229
745631
2038555
2567935
131838
910537
641192
1643365
1632773
450374
38558
2844085
451131
5610
1697046
1548911
2553386
2880421
1051409
1720914
2411682
823039
1272186
1455584
1591831
2316150
2371421
347723
247507
1140017
689548
1998054
1793845
1238883
592374
1242363
240914
1561743
1222037
2756578
2434901
627113
671736
429869
1337227
353908
142885
1352023
925859
1895183
1177838
1949480
2421034
1880901
2403815
1248309
2142053
1997406
13041
714906
356341
1698438
2517970
1714949
786049
1465660
160834
2895747
1599254
384887
1191669
2119666
1037774
1020663
2232895
2325825
670144
2950564
1900403
636201
424562
1117910
2978144
315544
1384377
2428164
1574782
67386
1315404
786674
2452319
1391459
2059786
2257289
820340
1387365
1374840
98919
1296457
1502522
821685
1613914
1341279
1455239
1494325
2482706
1367912
1956446
1070322
2314015
2744018
940805
1968940
1404813
2719947
37142
1062415
1923069
1702026
712958
1857387
2977040
1103798
2311932
2022628
1312629
2993163
2515659
1897416
2664916
852542
1471501
609014
1787112
714026
2331772
97736
1934150
1354259
2003975
645230
1579646
2106016
582127
2111630
1923029
2547351
2356054
1885407
2710663
1445538
2357043
699813
1517080
1136896
1619138
614974
2189934
728523
2657493
1108268
502723
2757264
1277260
2017684
2912417
1068411
1760009
1835378
1535202
755947
526543
28121
566982
2626565
1712799
2370145
2679634
2847921
1806045
2853652
726328
2842511
281682
1799257
803200
1161716
1758993
587220
2152380
909368
1049484
2609021
1144414
783696
406559
2215433
846076
79943
870188
2848885
1653651
2510378
2398183
2463536
90316
2592815
1338898
470532
2553061
3002714
433276
1981501
62621
2713445
2319699
2567928
859770
2249461
348758
1619735
1209129
2010438
2208399
1113397
476119
2338181
883783
1106790
2674263
1133414
597708
1101583
276556
1405978
389592
2530326
90998
101744
1708931
1544482
1710301
1555472
270175
1336780
2795386
463422
799752
1235144
67174
2751889
2747534
554088
1596249
386844
1401753
823950
2493105
146126
1432170
637251
29755
81930
35637
576799
2576280
1090636
568429
1835980
2232836
1759476
2433973
2361417
2387817
2043347
1500018
1795744
1374684
1619464
543034
1602329
1991829
1023416
1507363
2801657
2999555
2374099
2680918
2914015
2921659
337431
2620719
2424356
57158
2975492
2307268
2578528
939357
2044973
1803694
706464
2019365
1259601
1148309
364807
1630545
63690
2281292
317556
1807029
1155823
2743247
2630732
2681832
2237038
1538459
598405
2478884
650326
1493318
1445106
622908
2642384
1970542
1480583
2358094
902339
2279752
2242984
78650
351675
1377197
1359555
1612817
2442533
1463292
1952535
2278273
350055
2170404
2062847
1600908
487154
1008948
2925113
200631
1486055
2439269
343743
766536
2384713
2079189
2353180
1608170
2991841
843046
61220
1337629
1058388
1981616
1063419
2973151
1012567
2336388
2803486
762176
252281
1368212
2696573
581189
10705
2451308
1098509
484969
531625
1771797
348265
1779255
2783696
1626692
905829
2798955
1960463
1371812
140998
831626
1937904
2999125
2405076
909186
1554981
2550715
656904
252334
461057
862968
2030325
2465429
234467
2551975
1800338
1126476
2467368
679542
1769274
2847541
2624787
1652728
566415
2758660
1722392
281503
2353991
1354893
849490
2104915
1665591
2674214
1772985
2585134
1927996
818284
2027049
1513744
2912796
1951910
2867236
882230
141506
2670734
1253324
1863164
981869
2770882
762145
2752521
2458313
2137370
2398350
1426249
2837656
693034
2988482
1067763
2858207
2642195
2876429
2681443
562073
2976446
1176800
1831429
114802
1540586
524759
112291
140426
1444039
1250009
2727397
2432503
2175603
2028855
1264340
1835813
338809
1255815
2067807
154190
1815039
1263782
1815526
2852449
407255
1838202
857792
2003712
548004
2179820
1705398
2890195
347907
111610
2980093
1912559
1172997
869561
2489000
1047819
1023016
1832466
2838591
1348528
806292
1714857
2275929
60771
1813749
342183
893968
1493343
840692
2755447
122497
491882
1093536
2482349
2690399
392012
2128184
1059046
1602567
1263172
1949710
1238029
1656986
2811889
1389029
532692
352989
237943
2321780
2446494
2029100
2331447
1246777
703005
2929033
905199
1945967
2174734
1232311
2401136
658902
816643
1952761
182324
2816200
2155727
1232737
2034071
2432553
651033
2623746
2110328
674831
1783966
2012475
1893104
2848427
1131409
827103
172625
2321616
6896
521944
2020810
1083720
980416
988473
2233032
2062523
37551
358624
2984665
1654688
711618
2557400
2803272
1448688
2552110
1722843
209924
2893579
2946838
552223
583606
1387017
2262196
2752747
2159151
1487655
1500473
1746802
2566917
1200304
2223020
449757
433424
2693889
1765423
863110
2702211
311984
2749283
820142
135775
1987923
2676383
951793
449316
908511
2524836
640306
2974021
160117
14781
1133557
1912976
656641
736789
2497186
804270
739967
1096667
1925819
626331
2713139
2150282
507526
1627647
513627
1876808
1843324
422486
1022312
972682
1881366
124034
1471581
967031
2630019
1763351
371728
1008713
2477435
1023
2445671
2095638
2441765
2226460
1136065
641789
1138766
2823958
762032
1338851
426462
2574069
2409143
2785101
1238390
970640
2137928
1208757
277398
1587784
1940086
1367233
50384
2764728
613941
2205321
19743
2148253
1868455
1970058
1924632
1458314
2873471
2013404
1543620
197796
869870
400252
1447330
1776537
178263
848449
658631
1057241
767626
1156705
2748080
2931030
2438754
3001116
1045163
1595474
1603062
2953479
564142
2380160
794693
2433292
1407762
596529
858616
2416204
1147589
2405657
184022
1310719
1742828
482481
1964655
234487
1581069
1774950
1862018
1830471
2908165
2352531
646839
468237
1848494
1713692
1484476
1299690
1578678
1156932
1334669
335267
763321
1364693
789983
357623
2031939
158050
2292533
930867
1704407
2598615
2034512
2026450
1969298
2063379
1140755
1334119
2126431
1071388
464723
2782307
2990279
1109079
711179
2335130
3002786
2121639
416233
745093
129857
2815205
459464
336200
1016884
2991064
102467
2100427
1047173
193056
2008644
700178
2611378
1296901
1355921
171639
1010455
2478643
1548453
1241488
793358
473977
1818396
2112650
222557
2107945
978432
849541
2295765
1761333
1898640
244541
2450472
208414
2727669
1753531
1234193
2910005
1455591
2625573
1332606
2148361
1290292
752574
2034169
795408
2521161
1664247
2899532
2469590
1212017
2962453
407017
1678124
492461
2064811
2112208
2184428
1012348
2217468
1437812
838616
1745110
2819061
2271223
756352
1255668
2435874
2477713
2351459
1156479
925443
2129177
83974
1550350
952888
2415132
974896
1780666
749896
2270599
634305
1086820
2874346
2592189
1205919
1384480
203035
2794898
2051216
1749751
891985
1048033
1225523
2182891
741756
1957165
752166
570460
2383625
1144017
218534
397351
504357
1101340
2842847
1927943
614920
943762
2379555
2066434
2297090
700141
411513
2869098
372931
699662
1893847
272292
2210047
59519
2342386
642820
812122
2800508
1475042
1431505
2520125
1393355
8925
2813527
945213
1501437
766144
2027141
2603641
2100215
282361
1489443
902173
2185570
1906518
2325524
1365116
2586211
552580
193495
2472634
872012
1096565
692938
2245740
1948860
1994765
500479
2258189
2163787
1711580
2041864
1406167
1582066
295884
1042068
2280293
1411167
116868
174095
1348859
1960330
1557218
2673074
1236983
824167
1012155
1950167
1348908
737795
2899084
88019
1322865
1676002
1373453
2677596
1812257
1145341
642834
513744
1094414
1793630
2921443
576367
2673117
584803
1785623
270544
2978701
409714
1113118
1157639
658087
1847120
955841
2387344
853562
2446720
1731864
2876179
1481608
1004509
1192735
53133
1953447
2774418
592941
130436
1024141
727818
1698195
1725889
2418322
886924
1045397
2039118
2491536
1801407
2105260
102987
2857682
147206
816243
2806093
995849
1788983
2777768
1226485
1464563
1315539
2484355
2213960
2134106
1294048
1793831
1406320
53172
1974630
1591025
1145145
838703
1697502
2074458
661296
997394
496272
1004916
2342101
1194790
420942
2020184
2511346
2013575
1668678
720862
1331971
413466
2298849
687702
2556988
977586
1789598
1857697
449996
1381435
1900552
1239382
1075047
1069363
593184
1176393
2698677
2945453
858448
1881165
78384
2908947
89526
1163054
2565779
935115
1096011
272439
1425247
636992
500470
1263809
1833315
2539529
2057032
1251874
2103402
1328109
1349322
1416764
1891762
2015775
2002831
1795829
127493
831204
1134902
2092326
685435
1319521
1938035
741313
1278052
1293418
708576
2019473
691834
1623099
945317
2807518
435238
2092021
820349
200795
1031663
2761817
2398306
1547131
1087548
1818928
2366947
2508876
1172100
2374795
709137
678844
1450589
1732133
789799
1921294
2058145
2514730
2308767
899358
2029865
2112833
1415575
1205326
1410383
253851
1659441
225460
561876
2693402
1638441
2655784
724615
2648548
2471702
2114341
2002458
1506044
304642
2118359
141287
2682380
63002
590630
2972363
2617268
819510
1428247
1146465
2084248
231302
2987290
2817852
572575
117139
257718
76712
90727
497435
1664602
111466
2793718
2554418
1924091
1137298
2887931
26978
239657
2463219
2855024
1416796
470696
443109
1504689
1969411
1192839
2741483
1912026
1778187
2249974
2965206
187514
2071408
1893507
1376718
396667
2478040
1111810
511500
2493839
2151145
1179266
1590764
2537321
1474592
1563720
941529
81309
2314366
1952112
2966927
2855869
1033834
2800238
1716716
91913
235075
849674
1986995
83954
2656581
74704
1936992
1042490
542199
1276650
302600
2141514
1717164
2725639
2271663
2819537
1039504
2544311
2805796
271528
2919296
2248286
51911
257894
2926112
1746011
1525711
2364527
1946774
1442535
1858763
2740296
601181
2226981
588428
1881638
1181221
2476706
415332
2133502
2213689
647438
2701687
979657
1748028
2676102
1101114
1015716
1496782
2908585
1631856
2027128
1562529
69438
961822
970035
128485
396439
2036510
92170
1054370
2357771
818868
708836
366057
294919
1920860
2567477
1201325
1813225
2671143
1191231
1554171
1539880
2079743
1934639
165974
176180
284920
849039
2260688
1537435
958808
1378002
884354
2359862
2479262
2200716
1990276
2219510
1419045
179192
90991
1119569
1406445
609600
1457586
2590468
285465
2576708
1043787
389730
1773947
2567106
332896
1532401
1133727
823377
1484187
2034674
1031159
207026
1727474
1701082
1572008
991651
459016
1051938
902132
1393279
2509538
1223768
2526217
1546413
645019
1567508
2031894
1461080
1999512
878767
1432786
2161252
858071
2468612
77314
1512373
372619
15671
654874
1086653
1996321
1916904
984169
1364339
39175
2392207
2872259
2225913
1622767
2669029
2725493
272390
2349025
408917
1262340
124896
5698
1880345
2433036
1156070
1937237
814567
1023195
1064949
2848874
1129324
1675951
990780
349313
105212
324190
1440911
827913
2194392
2177363
375241
882474
579121
686488
1983651
861778
2789758
1062965
1780225
2652174
1956359
2490030
1051274
1664660
2411245
1828844
2805397
1869059
3001816
286816
644806
1912935
2943918
1529657
2022291
118628
1794875
2971489
1059939
921346
2324696
2599606
173065
2759015
1278565
1595152
2739081
2463392
2762349
36788
396804
665279
1658753
2158005
456939
2694064
1049651
1910049
1023084
913048
2594282
2379927
2276728
2303226
2691491
21853
1142243
2660151
2352748
1515608
1326651
1314910
1224176
836799
2014423
1409467
1300521
258153
2478427
1067789
2833010
1892276
1017843
871026
1458754
225388
1440054
1599731
937720
2642929
2171712
2215048
2532720
2536300
103332
2211650
812812
2437288
469691
100018
410593
765029
564771
381798
618167
2342200
2098775
2943193
2660191
173118
135509
273602
1528672
1608704
1105452
2408931
1358643
2043452
1330160
661024
1945889
583156
73823
8989
2809844
1530874
1325466
294637
449287
2847131
845974
2223311
1166635
259394
1108966
1056404
1545313
2581637
1562016
1906750
2613574
2992481
1721252
2426272
667271
1328228
2959438
1844371
2943488
1544352
1676221
2879552
2833919
1785465
1415053
577112
2076791
520392
887791
1813228
753502
926351
2853115
1660043
1176325
1657763
911812
1744856
976933
2354111
643044
1939440
1819036
1883811
2210098
142933
2388782
872423
192347
1944838
2672626
169019
1030612
1902019
1474988
2302329
801715
1021501
2687515
1516352
469733
155090
56335
1199724
2388206
2119703
2274604
669527
1635986
2061476
1080187
2474750
1104641
1623241
720637
2161264
2275150
256044
635321
1631655
918786
2173714
1606548
1051739
2680264
1208305
607668
2011534
2383758
1795787
2927144
898009
352468
988623
2595739
2154393
322727
90405
1031360
1759556
1800109
2069336
2603094
1405967
1748061
2645809
312473
2142904
2491493
1899359
1319022
801875
282507
2406848
199405
2858244
2019096
13684
467328
2005382
2980170
2177927
2731952
1695417
2849661
569236
725999
618935
1657874
2103219
1406735
1582763
768906
2724059
378746
1997876
2508974
1294917
2258301
46612
2950066
2337830
1112242
1851748
922684
597553
2617458
514093
1013058
926351
2586206
2855482
1161769
1448883
2316401
1310088
2557892
2870863
1380616
1944048
1135063
1510814
1076274
614680
1285756
2749452
2806537
841417
665976
2876654
2708623
1609427
2449631
797101
2559959
86757
2981155
2439163
1963241
2910568
2296186
789249
1205359
1416384
1353166
1353781
2363797
2256329
491644
928245
2933937
1399839
1645060
2677274
768447
2759168
734341
621508
2647170
1445497
2810660
439607
211089
1790001
1696869
807963
937578
2610012
1733421
2983561
251033
1216863
927320
2808407
2841362
2917393
2828613
2107540
2728755
1318275
975040
2885879
2635722
2302166
669731
2261623
2128309
1017244
1211850
2656492
1214716
2901495
2549836
155600
1298395
1725049
552205
1298397
2147529
1648812
2129604
284073
266480
1556700
1363874
1693889
1045777
555377
109599
548863
593199
2832989
530355
2898578
1844993
2529798
2251235
2371760
1348293
2737588
2414416
2474546
328341
1378344
1511459
1698475
2838620
1338233
864012
1267969
148947
1104283
1594671
507299
1004613
2900535
1235808
1564045
2034183
2685448
1370349
1785740
1048042
2437844
2657544
1683859
1439984
617444
983562
1737781
855933
777046
1307536
1544226
227261
2965010
841767
2250402
507139
2760598
393331
238145
524209
1610530
2459669
520688
97595
2183747
374006
555463
230030
2165530
238288
280947
1701853
2614023
1944494
2043906
2151167
1054048
937739
1892742
601167
2620491
1689623
2602470
45908
1243236
1098506
2232586
2395063
634048
749806
1443525
1224282
1973252
1689259
1832005
1053520
1100309
1611006
924207
2240361
1666445
1945993
2884698
1879666
931688
441574
560363
2135154
537308
171233
1041749
2015158
382241
1445763
490888
2458190
928756
1070491
2726368
158553
40936
475256
434863
2610717
172938
555770
2785652
703994
930615
2199139
1343316
949098
73572
1231614
2638690
1437193
1995971
2832861
2429157
22021
2127926
1538728
2526972
2940227
936061
784469
196189
1993395
2156657
1271691
1425673
1823847
1800395
1466428
1928496
662789
2785602
1661836
192521
2072921
1354817
1723491
1092613
1388166
2294857
609290
1684464
1085111
183793
2808922
2679270
1126087
2690762
1917026
2932081
839075
518111
1628599
1184172
2026023
284992
1748811
259505
836097
330013
1115974
1244994
1787011
1062913
2621960
2677036
2976849
721331
2187435
485520
1097827
2355931
2846848
1741100
1970332
886552
1882808
1055774
2019844
496913
550350
1307753
106588
2639836
1276347
2887296
659574
2232508
1786114
867281
1166517
1278364
2897658
646672
654765
444006
1773195
333365
1078875
1629418
2834309
1201663
2882707
2145558
1555683
1430365
2354367
189369
1460826
1169640
2305991
2252104
2927435
5668
1804359
277712
453698
1311988
606589
986520
1397664
510358
2118789
2999137
1349049
441731
2158448
2360055
1810320
2554477
1878653
635785
1170485
1407125
1966766
625685
1744694
635810
807638
46523
116544
1443088
129459
2027290
1112816
726355
2514300
2333701
2674478
2458044
1123979
2863704
2001263
2328694
2197073
2411014
2019559
1339632
1900652
1275206
2422887
1012987
1166437
1480968
1581410
201484
347054
1805304
566773
2389954
1499523
1120002
94634
2498921
2435409
278554
2188646
2301640
260134
2949038
2891089
2086770
49021
331617
98507
1305240
877605
2380319
2828061
1259664
475094
2455189
1544243
1997090
1321711
321347
152935
2543879
1410280
648899
1302180
457745
1297924
1047600
118415
2811230
2650744
97389
1840705
92386
1663
397342
1235561
2083427
1797425
2040701
2666253
1461284
1183807
2692734
836148
505821
1964509
67247
872505
1382254
2058527
1565405
1617520
536575
2464022
1432928
640294
2363339
1910747
697725
2433307
2360466
1401978
258341
890903
2014822
2474172
858061
68669
2908491
1095707
2176826
1381168
618219
2763300
69177
1656412
2462981
155978
152334
363004
2036575
1423754
373244
2995917
834945
1774398
1067931
693802
1776315
2022969
1104633
2619888
574798
1271279
1092638
1644573
2574929
2029527
2085657
1401511
2658791
1647649
1974393
2346718
1512020
2468023
2350410
931644
2011753
234942
2294831
2502395
409516
1376726
2419864
870315
1006582
1217288
316695
2855802
1377098
699525
1918134
2700166
378110
509085
1442422
2503176
1292722
1705968
1392979
2374229
123763
1519683
2761282
764492
1409545
2021910
1572746
2913919
2332519
2387930
567671
158803
1448678
107995
2747646
2525278
2614591
2344314
2304564
2887927
1150994
1946610
2245095
2117784
1954484
1300257
2566414
2585287
332137
323427
1257097
740807
2629442
237495
2742563
488955
2572749
1665738
909522
703302
1134502
888119
496084
1437841
1012671
2591856
2434823
2095689
1364002
2810863
1560954
1271098
102426
2971381
287715
366817
2765379
1755680
2718599
2132525
2903721
518142
1378728
1835636
758691
1336298
63256
2287073
896128
1340187
865398
1969626
2637219
216441
1751445
1816748
1947285
2862384
1998832
850233
1210050
1953569
1611720
1271927
810743
1786241
389566
151077
755182
1009190
132052
2935883
1232840
1458201
964163
1428403
2985271
1495692
60362
2961025
2001466
1837431
1605013
1828934
2486407
1652262
471458
1583653
1301356
507735
553942
2749813
1915270
431620
2046699
588305
326249
414433
2020293
1775977
2640602
2188868
1732809
2847208
1408603
2814717
1614823
273591
2726545
1267243
1823072
470388
1634329
873998
2864759
1490831
2160447
828966
181440
1910269
1382447
24131
1514571
140772
1387571
1527515
2941861
1765816
1540042
269669
1316134
755157
1651015
2906279
2852032
2022070
1030246
2983313
2032561
1115126
2679508
1174384
2140417
1166769
1314569
1373435
595213
766406
2536609
2650266
1482886
2314563
428045
1926930
992573
1906184
835583
2484259
2109034
1778188
2372048
1110140
1143989
2020246
1581099
2584956
410040
872764
1571535
680011
1727559
2582362
1995946
2475033
2814132
1382065
414980
1448993
2069079
161946
1064860
2153239
2632779
38863
2580966
607448
810034
1390057
2137805
1016725
1181158
695962
2891149
1873856
154305
1054537
1993175
2360918
1547566
1413683
2889712
2490670
2119814
2351391
1091982
1011429
156395
1488931
31913
53815
2340345
14818
1247447
1249549
1286221
2828146
2975173
2667218
2148092
1902330
2004082
1503396
485015
1751432
1858988
966065
589924
2821619
323473
2987463
602997
982996
2586900
432762
1901101
1429151
652064
1387629
862061
2953273
2998311
2571737
1048770
1815304
1901077
1431299
2962355
2342626
838356
1830469
964537
2206888
879534
245312
1564776
1450988
2988700
2568267
1559945
2878826
2688201
1522969
1477215
2215028
42207
1186790
2050162
2045878
1628388
751419
301187
2145318
2851667
40526
2042215
2730930
67189
649334
2790146
871098
1481173
2308347
2992456
1103819
1668301
2623337
2176696
86193
2804274
1504790
2176472
2710584
1715301
500611
887009
1538476
2520489
313633
1179860
956864
1496933
1026724
1245414
2728766
2706195
1108601
2858883
1421144
1118787
2374693
2144154
244682
1077715
2036478
1942931
1843218
1268170
1717815
1269906
522022
2556029
2454100
105849
57541
613935
1471719
2806889
2220711
234322
1333996
2610299
1029589
1546025
1917569
1874304
2896432
2797153
1037186
149383
2600863
1151183
136341
1305353
1398963
2259651
1871583
1234897
991482
2514421
1911454
2412375
969640
269910
1976102
593596
647659
2138245
875091
2558052
1924021
551441
652459
2184801
1545891
680941
1307215
370387
148353
264775
1235473
373743
1312089
2809694
1210497
1397241
1524793
2948105
187846
1262192
1866861
2291755
959748
1874664
1438751
533698
991051
1023677
1826693
340415
1517742
280410
2249734
1431223
2913208
680982
327890
477189
2970457
1711507
2121468
341438
1382782
1247721
567539
2166070
1180449
1238226
1796518
2037415
2026012
2609966
724762
125764
2936746
1423054
2589766
2411490
1845875
1728859
1777825
870774
787168
1226619
1960242
885172
1604797
437556
678402
2782741
1038670
2691249
1655559
2461324
2734742
700178
1115271
1871576
902117
314683
891531
1387255
2391834
1455591
715018
2237546
2895317
110384
898539
1333428
801904
2231667
1884113
111038
1617121
289757
1500662
1083695
2233723
1146201
1857789
2297785
2164780
1276137
1247466
2457534
2169979
1504146
948939
750791
2481793
979656
1190006
746123
2740514
2544370
2993940
1171793
2952604
708064
2467982
1097424
756782
1503800
1484906
135461
1860041
1883740
737461
1248720
2528177
1238303
2407758
773722
2725295
1695551
1602168
2316761
2227169
1067508
1727972
395242
323433
2592738
1084633
2412131
625543
2669637
1480067
2583387
221164
2620437
2448188
544740
708305
903001
1371899
2979011
2855532
580673
1737943
977505
1554775
440147
1665985
884476
2186140
1889699
2841871
87912
1100537
837325
2232020
2980630
2342899
1692150
1879087
2592419
764407
1840920
1011940
444168
36749
1207755
312450
494943
742455
624263
1760734
2203246
447166
1210377
1225480
1524276
1817744
1248490
1367335
1930638
1189240
124199
885822
2213537
772001
852766
2418687
1837573
2893894
1510048
830129
539055
1299903
2647055
690464
1890953
520954
2302571
459700
1901961
1052767
459948
2562497
596088
16340
2665452
1927951
170368
1426329
1021560
1142954
2392586
755899
698832
602978
87544
1430355
1038583
1958968
1393229
1999566
1171911
1751732
377868
2860345
2982138
2180586
204138
1615415
1943121
2218551
1099212
2722985
1462761
1467841
73961
2065683
1399882
2338343
1520732
1592656
1137144
1900864
130425
1630901
23380
773282
896511
2231509
2899069
581869
2451771
1877881
2530320
2340664
2955575
977359
2427507
1215142
1372492
2858196
1410033
2054056
73252
1721558
2562144
1679415
1535960
238685
142350
130150
2937775
1801128
825714
2205649
1916779
2340056
343178
2688708
608603
2098831
91265
1961657
1277471
1058983
1041185
1218019
1624660
278427
770961
2130060
2422853
1004286
2005325
2371831
1455153
375017
303695
316256
313507
1404306
824560
1336735
2705558
1800735
38667
505561
1673383
1474522
1466718
1873442
1166079
446717
2319682
1256209
2182688
1288852
2184679
1322538
2682835
1071034
1597642
2560486
2481065
2306849
1541001
1861746
2539114
2110347
34441
2391622
1208493
1982016
557358
173595
2253750
2062342
1247052
1282076
2272281
513508
655017
2036894
2310878
933897
2213230
1020378
947443
628206
479756
1077200
427068
8660
497624
142205
1291601
217052
19810
1381153
2605345
1187144
1923399
453059
817617
1692552
1885883
2381126
1208076
200508
1970691
2514110
185437
1162910
2251997
2274815
1896568
2314414
1556311
2438051
2689723
98023
2255645
657802
343645
2036497
745199
1945111
1449261
1930168
2647632
2348095
1622237
535095
1252838
1612629
1758427
543907
163089
1148750
2907696
2671602
1925661
2454638
951953
2205590
1770269
271683
648714
1429188
399872
1999543
1824630
1043951
2986310
2430783
1198019
569200
2954666
2838561
1382139
410302
1889594
817848
1034453
1675083
2888970
1001483
523377
1073894
162582
2052416
2911152
41602
1312680
450967
2029253
2449638
1478558
1203792
1589448
283453
2490302
224558
1270846
223622
2087659
2954466
1425277
654637
1423545
1362967
273250
2031844
425874
724976
1900268
2787807
2389390
344609
881290
1050178
1953719
762390
960822
1475708
270447
950968
1755482
2445583
2864673
1721435
2324074
2956441
2276077
1165023
836059
2574080
2396135
610933
966938
2085020
719827
1899096
1533629
2560952
810822
1804129
515154
735108
753182
1756372
791066
2908301
1350257
1577208
2599380
1881092
1085991
2733824
1570920
1630029
2597237
1253795
89380
1571544
2955133
2095878
1204175
1098670
2107260
1652180
2497899
2444995
1521076
216905
2559398
1118075
1028895
2107075
2583930
1712681
1987596
2283311
1527250
1792810
1339450
1711893
2803998
1432818
1107246
284831
1396798
53905
955551
141654
1366967
229611
1132505
72247
2252848
1116722
1396234
1623488
1114531
1725598
2835344
233284
1652729
914834
2774118
1273508
2144478
2109355
2418539
1672663
1555029
1969324
570622
2996174
1722272
725921
2029227
751199
1790545
1645251
1776957
2665301
791085
2289565
2119716
1506006
1170211
2596449
802527
2445201
1661096
2210187
2903198
1862329
2486028
2905921
1117013
2784026
2626365
1457032
1284912
2167105
1175672
1355333
1876481
2897593
2951126
842486
1850451
1935805
504704
1317527
2388275
2955381
161629
2229439
1450265
1590009
1206513
311378
604382
2790841
409460
2758687
2975135
1253031
528734
2714832
89534
1741343
65281
2096693
2829884
159328
2110999
1474013
1320664
87251
2323083
2721036
1669460
607155
2319122
2655390
1273207
650862
2299514
1677631
305974
1373490
2966228
65061
114221
2560354
816440
409016
2616822
265659
509352
2203737
811256
1430449
2724851
827546
724441
1838001
293522
849995
1539385
1144183
495705
543572
1590400
2810958
1637708
479180
3819
1252803
1962174
2697861
2265389
218483
2608114
116558
2272701
454366
1016038
2553670
388122
1927930
2741670
885167
872279
1593247
2929105
3003016
1282177
2907777
2370285
2994043
445758
2654437
2067087
311159
50107
2451151
1776379
149243
291162
2485536
744973
2589430
1201510
1861906
18428
137408
2867076
2648491
415536
1872434
1469111
1665863
2996321
234768
2710445
2449065
1473319
1787106
2767807
713932
2195474
14425
2530781
1027657
588383
2202720
1609190
1829424
478541
1035268
224166
2649044
963262
1271304
790137
2605089
2879702
1194093
1926195
154004
2176367
1850810
1989933
1918527
982798
468930
564265
1259701
1793952
432785
1050301
2494363
1992372
2185270
2582580
2112050
1013014
2774257
2290184
1564250
2240794
2994187
833611
1523124
2524135
1574208
1592317
2477177
465043
240885
2112742
2490855
2578937
2910520
2545137
533099
462721
2377083
2267988
728106
1407454
1179933
392397
2592238
2327162
2538555
2550479
2122170
2663455
2883688
2023438
1900872
1533656
2172710
2220108
1813000
1451073
363387
1893238
499669
2011324
2381176
1172971
817552
1537128
1864581
479718
2369218
283883
1316925
346696
1788712
1092664
608871
2607358
2277511
2554326
2481692
2338676
2730490
167568
2608470
911738
1079317
1852140
566060
2605253
1038637
2836102
638525
2078745
1405076
1945280
2065984
2891274
964245
729385
621257
742560
1743186
2157261
2509778
2734569
836731
1764396
1309918
239865
1474120
382683
2605022
535456
1209893
1459820
862185
2162715
735649
254730
2148120
1286306
942218
1621274
140469
11027
2252815
1546731
1697287
184138
2334896
2039351
1522718
400798
23706
497676
2773260
351289
1724069
700622
318477
2781354
2698847
1582643
993894
551485
811467
1761173
1701497
893832
2372023
1701854
2273317
1662613
1921895
1582409
991235
1916770
1573730
412998
2212957
2013184
2758969
1880012
1237274
819889
2798378
2540617
342858
1202964
2186619
1769328
2606707
1823874
2495900
334382
181761
1487853
471329
1446508
1006365
873399
1252453
1335010
2759831
2614505
1842291
1302897
1576488
636631
770763
1286895
1257532
1525307
2068615
1430647
2630505
1867756
1546243
792228
1032494
1674537
970510
2680805
729371
393314
1216657
1242281
1632293
1438936
2376853
2428571
1347551
1559951
397790
1932859
950424
2172709
1964998
796584
1399324
271903
1839014
209271
1333683
976614
636423
2295127
895715
381191
2687453
2173809
1170948
1420459
2889880
1827927
607932
1609390
293460
1464346
1280428
1797306
445512
1643801
2561440
2944044
1742067
1500968
900672
817322
1694334
2831217
1209606
2298678
1410374
80876
835710
1524877
930792
1895632
2809598
68804
2308216
2295417
709075
1057988
155273
904602
1269783
326653
1728626
666545
1433896
317799
1609723
1387907
1428082
1278964
2264341
888743
2404143
1151899
1072204
2285606
1979855
285597
1425848
1582198
175164
938721
784602
1293971
2037387
222222
970145
999992
569668
2086530
2540805
1689762
1159988
109778
23468
2804611
76929
2258995
2739551
1905788
2176791
616763
2156666
2843026
2898030
90179
286492
358408
338341
605886
1117697
2218804
2399697
802711
2495753
440179
2706095
1253618
1719238
2783669
850771
2208487
2706067
1650289
2575694
344781
1958931
2764077
36512
2898122
963106
2895138
2207141
682556
290340
302627
2850831
1051495
2555938
1632851
2133596
137286
895706
2077605
2540882
1142866
2619129
475667
2095759
875900
1969638
1635573
2869667
662354
78538
146847
1789203
1077592
2176211
249745
2242373
2881058
412313
1075131
408460
960170
1413668
402625
1023342
1963270
2130969
1324572
141241
2498503
2706020
2374785
2766935
2543292
1428587
402558
343740
2131538
549550
934862
409304
1004069
104999
1092367
2466923
2429444
1037302
2261104
2380889
980685
769370
2401956
2019618
719312
2613989
746984
2108093
1615621
987730
2067662
1657997
2764025
41833
2007604
530736
2265177
2671759
1995326
1081149
729373
1141030
559785
2955297
2616272
2269716
1893524
2343132
928840
2446247
1468190
2274320
1578349
1634797
201980
1667541
21529
1373026
951
835687
2368154
2401155
1931075
660004
298096
2097783
1395306
102597
2969613
899767
2169829
2420768
38796
1629468
2728074
598911
2350962
94132
648717
2216033
2455137
1099115
2581314
297248
292795
1450896
646793
1701861
2858641
444563
230836
191614
1961925
1813203
2601407
2087120
1783530
713737
1252880
273315
2564046
2101873
342749
2997282
419677
804468
1140973
2064266
1073030
814080
465168
1246491
1371527
536004
844255
2233287
647151
1880267
98128
1845575
840773
217952
2379646
1461285
1308181
524474
1364780
1468949
207820
2135707
1440505
2015712
2632300
2246491
2546657
2570633
1830227
1387034
1897761
475976
2704003
2627013
349149
2265351
2682247
2291408
607775
1209333
2855156
261892
229682
264680
678163
298772
2645067
772860
1256217
2718492
2991768
1815766
910770
1856567
499363
1707488
926247
2012230
2496480
2586741
475207
1403160
761645
1694810
2888806
1052364
1043535
2387978
288795
1278757
261128
2598505
2383041
1413961
224503
2491161
2639147
1912548
1472247
212170
2210955
1644053
1868214
2693039
22423
1349264
95953
2590279
263639
2452748
991252
2275009
2665788
3004222
2966063
1382067
2124892
642280
2463037
1989527
1930120
2987344
514091
2482486
2877407
2608926
1344959
156450
787231
1976384
1730557
310051
2640004
361344
265344
912981
2298365
592938
713822
912294
184466
335619
2503706
1529886
756388
917433
968371
1292633
86388
66661
1329634
2155564
1301691
1448539
826375
1900662
1008636
1232314
383478
684087
382831
468247
2722417
2125218
1208697
384387
2705379
2670231
1928302
1615296
2457064
2081635
2821754
2915388
493626
2732112
2473061
1323552
2789011
765705
669605
2728932
2379699
536430
2044675
690959
1647176
735789
2276285
1657111
1902759
1972368
2132564
601970
657357
2472407
2061059
896443
1835493
220537
805781
2170556
234938
2899314
1769694
1016873
567246
842532
624851
967959
1682725
1607887
2009023
174023
2354391
2694831
2324585
1583933
679208
757751
2580367
2051047
2296178
250634
609203
1998525
39653
903475
1134273
2910661
103256
1468215
694410
2637925
566044
2256668
2450047
2029885
941386
449185
356436
491785
988872
2005168
1495032
1372638
2636396
128980
746658
1599737
2361199
1299677
1634326
540658
39374
2706986
2195254
2311502
739047
573270
1123824
136772
1212623
1210035
2870993
2314039
55880
2765681
2736377
622216
1338219
295057
1224112
1378687
1092647
1926589
352287
1201069
436216
2204828
2633200
2141418
2336205
1180284
2254518
2035337
752053
1799568
1155157
602269
2792722
856739
396132
331828
436642
329865
1933378
78134
289983
113475
553404
780302
587883
193096
2240788
1027155
1380289
703301
1722743
1517127
2793873
2710556
374781
1163988
2039139
2604671
2135408
394084
2481245
390506
2358242
722688
2507199
590768
2589643
113387
586052
1999460
1070998
2817650
229789
440353
611755
2084064
2030534
463329
1374683
578329
2290735
196951
154099
13720
1453265
2563081
1663416
2626596
2123594
1592664
2679500
1749943
105767
2808953
929789
183256
1000021
2541061
1848992
1925127
1126316
2911484
1585304
255666
76453
110776
619505
2884674
1109543
2242223
1262818
2657568
2488180
2665862
1563009
2961412
2616815
1119547
1660318
1742235
541711
768207
1100666
2784984
2232927
2730634
2868421
755996
1583883
2416654
671899
2904233
1700855
1172541
754427
2658872
2802547
2180459
