100 73
4221 84
4288 2133
2916 1411
4955 833
2890 1108
4867 1756
3468 2143
3848 2148
5004 2339
4859 1631
3209 2439
3548 1834
3785 93
2812 979
2885 2076
4710 2555
4506 1974
3404 1128
2833 688
5251 1478
4491 366
4356 1404
5150 2565
3792 1395
5086 2223
3503 99
3480 220
4869 19
3119 1692
3121 1106
2892 678
3335 1687
3699 733
2893 2131
5240 1463
4077 1564
4061 2417
4292 1028
3571 619
4811 1904
4086 1046
3187 6
3416 1624
3201 1898
4877 669
4291 1618
4716 1328
4643 1899
3420 2582
3795 1558
3186 2439
4711 2221
5175 1349
4424 1180
5028 2429
3560 1335
3197 1783
3908 511
2967 1683
3795 2215
3906 1563
3912 954
4931 2
5077 237
3991 1387
4564 312
3545 1121
4354 2207
3702 314
5294 750
2968 242
3488 1250
2762 2151
5161 1696
5010 812
4652 1267
4797 2483
4297 2073
4963 2482
3116 1265
4428 1833
5074 1633
3254 535
5318 2499
3760 2077
3206 1169
2898 750
3110 313
4498 660
3259 2345
3635 1752
4785 618
4299 2118
4591 1189
3270 372
4359 152
4435 742
5074 94
5107 890
3715 2220
