1000 911
428096132 259198953
471851418 80632025
732645316 192634615
389947932 49891219
599107009 362016338
379229102 316529861
599764916 20875839
735749047 337779782
424689867 303884514
491991859 276490751
569227260 241073386
570107903 52689848
694474961 232668782
515073888 285786611
522798051 40186439
482857243 204354853
544113530 190356218
544346708 207721970
739320792 29377233
525162237 318774403
649755926 220903988
571570298 74242016
647035772 287563715
456932598 269051123
478483412 31047133
632369568 248467180
655410747 293084573
666220636 14433261
659406056 315755367
417960402 193616006
503461106 325715559
672204743 163731568
401308959 56728362
640481215 139725079
381680330 244400680
575552412 148787638
596643888 162119912
697858368 226800886
557560828 198364929
495135520 236676424
613872680 332991757
472894269 37427644
667840921 21641259
576531409 181140949
505094801 263108931
741830873 308768012
464447692 317891693
461033047 162759453
597172224 259301750
557386194 335471493
399711175 335346606
636155773 209363489
514384182 161839326
458106149 264102794
564200505 40025889
735914623 66426659
721634617 120633128
675147315 84068931
609113567 158807546
462055475 186986508
406419612 73863961
434584252 259785492
708353451 313020605
451247953 180484917
662124498 192617380
613244750 361305737
503626171 200178692
490152341 70024302
734899131 270901784
563119069 98922842
428114387 39016487
464660677 168628131
703649791 90500802
494238066 99651789
743285767 190320674
611601401 214226531
467078565 375509052
414696103 376034777
388178919 263135257
432806679 357927383
478773796 230031285
573212998 104589419
596560786 350267188
584025303 154534819
574117608 207785699
583979151 198568313
472186654 164625003
635650104 103112898
614001233 52500073
552557648 118176022
666394643 107330626
573475201 205826884
698558189 356122832
672182085 275099312
672165573 84096489
511131119 140613293
394186519 266743035
459619264 30222750
656092007 237554452
431380935 85764456
704195296 72304339
524491647 270044507
595744760 125631700
556538039 302928654
514475985 209180414
719217811 171844199
523393816 164638946
645504206 61810855
382236415 152066158
609987225 34124634
413908893 280825072
608969782 268224256
403286632 261002496
516930158 244396718
466348678 340317112
715245963 73917652
695461877 350356149
418875691 163589591
690969464 42561107
385539546 305570473
492770612 92183246
403167506 307986439
404637577 88197631
635630894 286423937
529905512 102099631
393324731 316293937
656988526 27550852
443949325 91415407
518600148 140578386
720990640 267311156
699431884 358837485
379752769 52629527
748532046 118924033
703672756 25154880
432840252 271598410
549210815 118116665
584985863 49887477
429574639 80621773
560823989 263129737
740743716 332997129
518486356 120655840
619819559 299708115
631445920 325490708
696969266 94877306
563977286 327868189
649780679 317309682
686287856 47487856
551853674 286083
424043688 360542206
523617119 293049899
753492513 198609068
660493689 155605235
455329544 25804144
725091902 27497797
538591863 116340259
695225075 299956781
405632624 15878108
459470785 332352953
416408068 282398485
388077770 361208187
707812262 44829420
632945377 109118825
396359368 237446736
749050388 58463741
475462629 91341768
549903209 191035204
584843578 178446796
632154355 294961794
494426668 23506784
452017246 331428253
745218703 47358540
667003996 225018037
467751809 54322949
393228315 79717319
734157328 119613579
536706509 90720525
415451427 221995534
658702112 254336774
480313531 299062423
671996173 122183476
682673196 107954657
547637494 24366523
593307735 354665347
502727758 197809206
525849081 49955917
464493218 86587282
388294495 92256311
396335059 327308133
543279951 337196682
425343922 59079335
740049925 151317472
543564488 318761117
543553527 17779245
392314761 306472595
418141614 147754534
499357973 40901303
546582660 151311769
708667398 308844576
607171282 19106446
480242360 327094671
394764097 60813248
701235595 301455806
693700709 91308663
675252207 84761425
535896261 354584193
697557825 227417494
380098911 235735194
457108765 55846511
745885625 147966824
434048335 45843620
481806716 143083761
505120976 216990609
618263479 217789178
507890286 330507370
570094301 53122668
428057780 96647313
423036508 342822066
395819145 275085829
695414145 264762354
620383658 356400666
645659973 49351669
440597731 220223406
467065817 152020750
730153646 48258638
412147175 76742752
541024413 93064303
532455424 213489290
618156040 158884833
568348900 276415709
472724738 260903358
522535629 272408489
642158422 131333553
482080067 61481899
445367657 310652138
473883630 34371210
673879401 313824045
732791564 87996419
495315934 282575258
706253483 141285454
438039601 188755771
576685528 206136846
384215930 136943541
399719355 97945684
735781665 160317904
495934425 354740925
453043681 225179301
399156259 167748229
499391937 146710
551678689 202631034
701726612 348900535
659581037 76480357
598120684 339631190
577365965 357054045
525334461 227582711
484381922 266535120
594034641 310728504
608935937 270867930
590794357 21983755
713449251 139427889
448618189 255875595
566448563 312277155
628023187 210167203
715969054 376277131
719535805 21063348
671306744 72228018
670168774 161871982
676892036 169424299
469678545 211106943
388376528 258954644
519300670 284741634
626294177 127299904
639707603 331316392
587505466 288237951
384222383 299923384
611291001 357769939
659682190 30105987
672953505 56011174
413830683 256558945
718365904 118234474
754854168 6795341
620696809 154629631
755968640 239261654
531800685 49010223
560044123 171897631
469558498 344540612
698682086 22697082
715008896 303142069
730836743 284964683
701046076 24374773
381477422 41061856
726882898 177896631
530793709 80761081
722479063 188507128
663860840 236080367
621509587 97292300
724203573 162119922
414902074 136414224
396524177 254071674
402173541 258392704
405657363 312974071
391419111 370361817
701740499 222798773
417992306 353846439
675530804 176975699
736812800 160367174
629703737 297471866
621495994 128790099
507864096 123130977
637811062 35012729
534210900 206905735
743592443 118187726
634846664 356393256
659628621 21808459
626231387 98107617
411412115 97395405
397459989 1876698
405588978 149623651
519264482 106594389
519326449 102937058
619913453 137938176
544157340 31863571
720925948 256718144
396382452 185282880
383085135 338775762
440615648 212033724
633918395 359455515
674482428 331390134
541814351 227736648
726043796 278234321
471163551 271470069
651422109 57540963
608885893 102488581
398148843 311461020
485448805 202851652
607947392 190915706
425365546 75754265
728390545 224101897
567283945 283370246
716169546 39259680
452880689 368040385
586651980 151924897
594677781 20000219
585608951 234246740
484548966 370482017
686226766 234201128
736630585 240078865
615446692 114070900
394004347 35756778
703412200 8327897
752540206 24321357
486884609 302139969
751851832 264940789
379925867 271660500
477162586 104610292
401610630 367229081
711665716 252502831
567355927 103119910
745204984 76735388
403247399 35179208
475359395 73358636
677976717 279689139
594930232 252520135
595703611 294672309
410526367 337041296
516129496 109057979
542572240 271725966
448585206 216946576
544403412 24087025
455454010 212536389
710076212 279987008
676926319 227610772
452300281 376182405
413252972 131212636
582275280 249866680
617355479 324527437
510353658 330368952
604033706 242475491
572352853 29324271
564937129 100513787
631462335 188620879
407920119 129797001
517028703 372777575
624761899 178646635
480358097 296620951
418119761 216145171
480263451 370514150
552479419 289797617
648642588 211785002
557410736 42731764
660235903 187739189
420610497 28530705
436517102 36624386
710283830 217649784
702660450 48372703
693475709 275889103
527640203 189523708
705426472 25928273
511014345 131270049
475390554 184279188
608158080 134583149
476168409 347984777
500366432 13346504
561469798 16166862
510902011 5942686
616357713 244197580
549840400 320392345
701848683 211042668
413951060 99964307
447006300 73315617
536803615 259948392
721853176 34137960
661284549 365363083
387227692 86395936
749265191 140461906
416342123 30058723
629030702 62403650
426365097 80881347
557426169 267480891
669618685 85771601
669564920 269774669
558332566 184368380
675293142 53516197
748458408 238428775
605736624 352811328
635331031 159377956
474594411 89851230
754111920 61536614
722567732 216953947
393132722 166891021
523423165 314549276
402414722 257624710
648143285 279076131
500866685 97162798
445575367 356079163
534180143 65752615
443755007 14401243
490083251 363856358
606560657 202786843
681169191 113066132
700169921 139483658
426495497 264840748
397441528 333697875
704257376 141275156
710970768 251655660
476130127 314784293
571457403 13568668
650594194 210251812
509391068 104011863
496880974 145482568
382491512 188584547
575813022 318742798
487679017 339724751
511760268 279230630
506012732 168805765
463093997 311445841
381600148 277597546
384905297 270612819
629732230 302393921
455332890 280010792
541640206 131349834
601366302 352160864
380693000 265985804
662959275 230839260
466944617 73340196
434018619 248463652
400805142 148097149
471050340 86612665
734215713 154732822
688594628 288127512
618074878 245791444
688665488 156076488
593266842 71586640
481304679 187030239
604748854 307348788
610781615 198500814
560938092 223548661
452143526 78881045
575112451 338086736
630603907 327058444
489268563 278166651
558412845 332112440
411361645 176272464
714482667 359414346
531784174 282381100
731110222 51487036
736962420 36827405
484466948 159535605
474567907 288160413
480313454 105762997
595569501 318105008
555759662 339743905
404935722 123711242
475998282 200175338
672147196 343120059
588023935 39151142
739046897 183555739
489511194 306296669
658640712 26018358
727550728 68192093
440346274 358837806
463565546 52389880
673517636 220899626
749045867 342961477
609957010 199560170
472064443 158552357
560679092 66462011
620651301 180262666
413936500 112409619
483761884 230901253
691800363 289647120
685292184 312923446
434768083 69018640
628054270 11878065
697630617 84931053
450594881 212517495
661286607 206163921
611514140 19228873
506909127 330579495
614669505 197730798
529997571 159404414
393218331 194255714
503668209 141283588
712900154 343068344
647832773 16738828
691251278 81555811
643186689 89059557
419600136 93863281
679388768 367955771
580735643 332101477
511158129 289005707
571705060 337079225
478837759 245728651
452189322 150392795
385513249 109963187
474614274 128028582
618913955 325710093
700087848 96427044
452210035 201223683
488806661 112235343
577270265 281356021
598953097 276645571
502909195 322344629
417259856 207833222
667873125 376135641
421317210 261457930
528259377 70848724
680229691 168743014
417135737 366947377
707546999 17716539
653766921 218352365
714552839 246676133
467142481 108855675
549283719 343049259
415586924 172186340
409959104 185482519
442895371 241077350
510986259 322072588
476295151 216083973
749286134 366043447
623838683 117227764
535980438 195065570
682714843 365468698
415415067 131399985
412192706 146335979
476285167 339761455
662802473 150356091
623702364 147052927
655275579 156189382
650522033 89206392
579948645 125535306
703705292 292175255
432086218 49256990
520903007 225828712
687027680 93787766
575800870 16794575
749396668 238395148
382570801 263468627
403130713 308942944
693430079 30786719
652067852 345643485
723315552 184249137
563266481 254846885
729328373 61646688
468010617 354526929
551818941 263143390
437890062 325609810
481272679 297347716
531107491 156891595
549897452 32750813
652894460 4348605
711050713 97347099
418182521 156117432
518665868 101419853
402135350 206018161
691923258 349751383
640689738 234348701
562535984 275066750
739063227 62338153
450356197 83077125
434716194 234371598
599750400 108932835
694457930 36738325
610638444 65621478
596683951 319720025
712774503 74902483
484531381 138000431
492055251 115567664
574855316 97203224
561688762 262658106
669669301 256007709
731116349 7591573
754948172 231024377
525794456 251834360
613053777 241618578
400838932 165547076
458713803 348103512
473599543 353910090
753368567 269782928
733632713 37681796
618754660 211205486
420568297 5146374
648620907 142973498
733420200 234056185
742744266 273310026
433113938 339519892
482631929 299623351
623003296 74108277
472815023 45038368
532712625 301650396
721029065 202051110
604827113 101604102
398339918 21741379
386707386 260629982
524171945 320736692
556531589 90545632
744176366 226072336
741676592 312367664
693721811 259026890
716105824 260078914
715255913 212657582
463637747 232496523
448117009 26048555
658652832 255665925
608925987 14346820
625727569 163843641
542404410 115634155
703628777 98070418
670350733 185079136
584110211 152250159
455498014 234055216
456436080 85862853
684511342 44359761
648892320 161221832
752688865 87142634
736888749 287154882
407098386 133660537
549953350 313925562
641468787 39259984
469545537 243308504
740133523 176263192
432380379 370255929
452238413 152250153
697646269 309951549
602984071 293863279
386422333 340339972
428729977 128769908
453891004 322195560
603962818 179423387
520292710 270131584
687984092 169633804
571609280 219261466
433813453 163619282
516709916 288837441
646935676 268087370
441219008 129772971
687860403 270555585
654697172 200988494
614668671 365546229
731631364 148665558
481331120 340425547
647254173 244234979
674597032 19277846
477683672 46671455
443648726 194609951
447887258 23252568
662732967 248322266
498757550 147911312
487652638 98064122
582423840 140492820
521809736 117027198
658907698 367939359
476186641 315460510
669522138 110717714
654446763 252449086
457135897 279260703
526944130 336158293
746003179 347809194
621372833 273445036
407203161 90613712
634884659 2788622
574929025 20300833
434785412 347109353
572432848 137808808
577269618 196722629
607478340 129855974
708667651 245792698
643000945 154563119
507845868 356082031
665254598 126435195
693622382 60958773
534204829 167067525
384868066 353674008
494446105 220204382
539866477 256542290
596625699 189437184
396299195 341360191
577257760 67557461
691082733 50749396
714277669 135403264
603826282 88921112
536004690 369397139
622236234 34894460
658117288 160440776
573138929 90798811
653642104 49352802
534896146 244356735
442022240 80880577
504453433 254970206
724287630 353622114
614126829 44308484
559221568 33610494
425473314 256463947
534885447 245764295
590620208 99075998
560723066 340507256
605668311 188637256
446405095 208397969
690201793 154764706
659523614 254121755
520231047 342016120
537534536 273289440
663740855 294942666
387500006 292456653
664532359 175339652
501720364 194461433
751509900 138079495
743575264 238440775
718402400 338882985
725227829 371873332
413764331 73323804
624022142 364616106
450612455 11933339
738543626 366880775
505065474 97401561
689646705 18362333
547648269 97205649
707087803 95778401
677144960 329781504
599729146 259285626
431368222 193574211
399134472 195970680
494275607 214201991
752414879 48357071
658070471 226755457
615608184 263408772
482797162 287167302
415708892 70840363
397415134 247673071
621607716 83083507
475375849 226966059
549869336 135647355
647200760 113156547
555824430 340597609
486207907 275014026
746032124 3430303
658690066 269836743
670411865 268446621
385817339 80618293
658772803 14480543
565111099 43176220
657239815 201220179
504536223 37725749
661210168 211997363
399908622 175227528
684551388 136175485
638902393 116303126
648622505 93151612
755774317 92323671
644772965 66576874
569285581 321181523
434533865 266807601
621535157 249823656
648592552 62348166
576464331 334479322
424862080 226105169
555668608 283899589
458110471 209342687
665457826 179630426
663538346 250837649
648042367 106411390
656195606 103218335
578447476 333803350
707712758 107985651
419836682 7615314
422048051 296635498
440514565 104775152
609864967 235007444
429618268 296681119
544981016 301527611
442168098 259324736
560763000 57579138
583891529 70087913
442915988 276772190
395034085 88003947
752705478 58279744
578401033 338982483
517753647 75794316
414748767 349676814
711833316 58366395
494457969 292401386
401284329 283154554
446475269 63256395
646395355 218616669
580010885 301382503
656166513 163040054
710952456 231862557
516077478 114826311
653852844 60611866
582601480 318006850
750073623 264981950
751808137 129771198
438045793 1742141
412420270 112298099
400573748 351307149
541701393 220063023
604989563 90489076
636297530 312309418
734221192 321550555
595855036 338902097
513428333 30081308
558393722 232443799
595582278 184301756
492777783 107466532
456412667 289119804
740257213 140354557
717683733 347859145
726822749 317074681
584043528 366349048
749372828 235041766
522829193 293924503
457857544 240782061
496992388 377046777
642313045 309089926
711088000 340547554
536645085 90534552
529987574 20233478
412993452 89987834
574213294 209143065
734073722 337027430
474360075 106360403
649687615 352955433
673743528 153561203
480437660 270875296
573939057 332374986
444459568 363527588
752508430 118903919
418816325 376868982
650294185 220207870
527741278 290040810
747684017 262644340
718526301 366169358
543246511 162149243
692725169 323046422
592535864 226672635
516866544 221173011
385677961 129489769
722715114 268351812
566540591 99643443
720921633 264020684
751871581 31740571
740075425 16972318
466913832 83118261
413812215 318190728
411476796 141484004
455554512 341457790
658833958 106427890
474517745 113921695
693740987 85038507
656409880 111437272
679336813 49087417
658009415 177905072
512762356 292243396
727009722 172847800
712815195 70952387
614601576 358633387
589168051 152143795
499312546 270622039
646369669 135555136
380052558 126413183
403311266 260619133
703482101 154555709
724451567 369537547
683566680 352738684
483763396 161383998
421462160 191150037
612394028 90826243
676125719 165236690
627181425 156069810
713675479 162215636
516185244 302211666
706748872 334629696
624713566 51817099
589873146 23570588
747438863 207669180
723327187 126187171
579192426 24181713
414891225 209534665
750102649 333930083
636334118 44886123
695393537 269249854
490258962 279883151
568987787 216646017
518698573 234234664
409703963 5179373
740913384 206074688
551769753 61516339
744092850 197024926
511148393 166106502
498429636 235089274
443171210 281610504
716816375 153705809
695148257 6038519
573231904 82325279
423833556 364664498
457849395 70930859
403851473 20748422
414930024 254827730
539378406 162931510
578892724 60026921
691774948 261709645
728506507 125426880
563294002 275095994
510840445 23635236
715817811 352293911
749349356 274206498
660550393 20952525
398206267 208705933
440541970 254346135
589850412 237661201
480158700 307198704
676358876 372916073
711937898 68238480
392521557 292236458
442271158 10208114
703400882 316581026
517861348 177616102
742710639 213564014
632371342 317923569
506947466 218627442
595024877 153687672
580922676 91570331
502049919 39306061
674392918 29081895
746833729 354544841
667915938 287236855
432887097 204454188
414092915 313064372
678034421 232524724
642047897 205121012
472655769 13647719
620377278 130540867
516814793 243465662
534961715 166990865
664431071 188661265
560679977 15794438
556519728 290689454
755177697 238538455
740206556 262531171
510092377 7616256
530752963 348880440
738380880 342805108
550200107 162029736
689429037 83890697
505377903 116567167
691287423 373517413
441411335 178497102
440585810 282352813
707021290 262478295
549257999 141371903
556818424 85564227
697835573 34403409
732746257 299852390
542624105 179589152
619553669 242473931
564840919 61765924
479456531 278906645
650333465 294097538
382304424 209997611
482780701 376850933
428910351 181245718
