600 569
147151188 79757013
100266707 86502506
175428250 90461475
106165630 48322553
126138502 63552954
108978652 41910468
127743634 9130352
178060876 13752279
117496698 60661344
140806232 64567427
93482007 58059678
137488358 90106285
161499816 5548452
145952345 22388003
98597429 54547392
110932527 30488737
93557003 16916619
134994547 86551440
116089522 12041937
147590000 54177521
125836557 74178440
105394059 60357414
148507084 71953603
128454590 70058320
152795093 8199980
139138629 75257152
167974225 83869003
111571522 64478054
121077383 66169686
177260456 22171113
143303640 78707100
145991105 47703941
128527248 10800334
97747307 54852906
174120690 19779269
148599865 38985870
139172030 8464011
173753206 19132058
164996276 49321182
123957513 77501351
164127307 16881826
167573313 17202087
104748808 31825961
135912993 58747195
120304190 28219108
114775810 67816463
141716171 89052547
181905102 70343929
145691065 66781856
141351374 8437837
175704894 19857145
177940506 33119479
145344039 41873977
140822375 27920974
156223866 13941162
180934492 13430786
118790428 13275525
94721895 41458652
166061474 25268218
182166991 46950652
166034702 62842721
174744415 85815663
134005643 58706734
166918743 76205172
106408626 88414654
181587597 18579051
148194211 31735409
144297675 80670723
120638231 58028020
95674338 44702516
130382796 55174367
163487808 19548006
96080713 37668471
162469710 9734465
158625815 54748133
110607137 17492812
99570909 33030733
149451829 11466629
93739836 85816772
141078213 27196710
166946773 34417932
94838969 83249387
104745296 19461516
109614948 73542382
167350583 65232128
158895481 41774520
111884491 77133674
183735663 11427925
164344184 21464093
104112677 16881295
168220723 6811508
154283514 38993805
95442329 91027706
92515239 77420668
108706198 22082468
119717598 14374133
175648572 50277481
108063236 90425743
115829546 46001943
155318165 84583778
119728898 58031768
109064136 18143209
97404794 24937697
148549947 75790462
141985395 18529717
114205477 45069578
163699564 52535823
136290235 7898449
154927220 38306478
179595564 88398273
173835059 87518493
117789018 13684578
100928417 7901155
172798995 27533596
99294362 25662679
116546402 7859234
120944877 86516065
155971370 10828864
128512528 90719362
165053073 91126745
154044610 770077
93178690 66836633
109948739 46754212
120667626 89072401
154341766 47012678
137159062 82932935
132004979 40892480
110917410 20189950
148483254 24607012
141671239 31470932
155707283 71957692
99350068 52272510
119758289 68742814
174781994 90056448
144025107 58940069
114136134 56740228
148548187 46380941
158301995 16910350
146292010 84196343
113955641 73306796
162162603 33147708
128518067 36916199
184177233 4614749
104175296 74145295
178370454 75547927
128513624 8221657
133900328 54821456
125805317 18195750
98632499 13663665
175439749 70002602
119673514 2033128
132739130 68685773
101615365 81266979
105533418 67174561
141432116 42244918
152714258 9188812
129475246 84212687
95681132 18785241
97064532 11475649
173809964 26570717
103860701 81716545
98592176 56380114
176289804 60043949
113804536 39505370
113271849 57014990
154373630 13657273
171762144 87817836
143696884 12640533
105778052 69933742
170617290 38029807
175116974 12308228
144895636 4366596
132996682 16563839
111012902 63819102
121975390 13321587
130720111 78138708
149453514 4990762
178945705 28583370
108777264 27860122
161147936 78378835
126469827 68090781
124523310 52882453
170929077 332490
114272736 7567334
130649058 1746304
95068952 13003435
142071242 72356028
125585512 74251849
182568063 46031678
135897523 49011421
173811252 68984697
131430254 43182619
160175017 11780737
133630027 3989909
93757888 51854334
104120605 24684483
95806351 42824753
156965970 3369694
97027583 8241052
135261458 28953649
121670265 64431924
140826800 87154417
139129422 33468080
180275516 14280936
108354542 59707574
112989638 21743818
183430099 1628667
113587534 4305762
163795070 53128768
112312492 14948941
130446586 37998415
137541318 65470561
154947199 1676359
114461463 7173514
131648316 3266629
171127674 21853187
128387770 28862065
148864413 9526824
173500577 22390850
173786166 57630603
167280739 34445103
134320920 44698038
112907119 16930630
116510562 67139846
168263318 10765514
94800310 64560727
172553581 77819293
165680787 71709510
98988121 34370003
130699159 48724135
124217043 71702064
164722573 60867755
145992243 37246873
116099696 53097380
146891187 6310342
183854522 50252618
166281125 55423644
143743504 15334615
102815454 22082953
133931523 51833698
180189671 54551347
145231863 19881690
96410523 66530517
137545274 18548435
126188121 1973948
97375028 59024841
118702312 6866928
163408697 18926654
130646707 85199404
107437996 76172683
124553862 68361027
108744310 68688604
127456487 89813482
168950695 27317906
158503268 46965462
116417870 18140965
168863764 34698330
107367800 60678910
180541859 54466590
96359946 73250967
148208427 2591957
146866112 12430453
102942217 54079014
108019444 50571200
155017639 12990965
139109082 8460683
109633722 42178303
143945938 66405968
120376246 43065973
152431061 81960651
134242218 48926083
94437439 52203664
181529112 60566217
174124617 79157648
154670088 75809127
123572530 81648148
166000560 82916498
158916516 8202935
156907787 28836961
160186352 80045417
173517117 65109218
182256826 89390611
112330686 43097237
178927121 73910978
120714307 75544076
139191406 49665846
165730815 79712594
132957946 8531243
116182773 27353568
106118866 60948495
146942858 41251569
170499060 9739109
121384767 86580453
161180379 22693482
137860512 29836826
158191642 33787979
121036849 10478704
173456540 85609586
138566820 26940075
148469123 84186013
181203091 49211690
163803104 82299857
157897901 1453889
94401081 53467899
121301483 39505221
95751647 30561005
112896152 3596181
172084794 60684032
94382658 74151608
151191622 77081957
150110134 23039420
143291098 29472625
106835338 91420720
117154715 69084147
123276662 41802411
153360615 37044977
124948795 70395794
173454382 86594114
106837644 68429850
93814250 72218678
137119291 79135546
109921415 78692221
101256147 70692207
106710138 43074707
155256095 32137754
139138613 20795436
100349972 22456987
100887654 41226471
105157311 16565425
121896605 64813701
143395724 70913607
102923517 87475394
116524172 56375647
172466026 37374917
155358943 86120479
140777735 49254036
159172991 75797299
103452568 31103458
168287322 60702164
164638983 10748563
102610564 25644431
99060526 68737566
97408215 4675121
95690959 76556382
96420833 85812878
92499911 101341
135203392 63248418
104473481 57758840
175320216 20825648
178257187 19466830
122879877 85222587
106460971 85632281
178311337 69670812
120654619 2721792
144038890 18798717
135895156 37029966
164633728 19435921
143707027 43153177
123331867 77387588
149135828 74548164
174477319 44067440
151188411 12688883
110262328 43814849
179897298 72904544
100875641 66454689
147840380 18478475
175414646 34758071
124960349 22713372
176715991 91733871
181191190 65845316
157955401 85499144
148174252 48627883
175386641 41806744
169635935 88519399
147516006 52547221
138184439 60883166
161495660 35403424
105192484 7826048
144918964 63498195
180505381 76759490
147169335 56682316
123891057 2657371
117800028 66849686
154321214 30916770
108370540 9518245
130005596 87483247
137801400 50926269
183519462 78178950
140677149 18804414
144346502 49910987
121002381 70051569
120039427 60703884
100646386 71563216
132073887 26360767
100975602 30802291
154426909 20856830
155617509 25057277
140424523 55838455
97083097 53836021
152033334 28275917
162462330 82628574
155584941 71889959
111257441 38333124
139767339 68375025
113956851 34085525
143692938 66148104
153744709 74241683
124896390 84525644
162372410 3064187
157528151 30846843
170926201 57955606
121621802 798461
166290212 61974423
130428848 70580476
134304346 84260535
123951286 63920390
136845549 79077033
100619546 3905071
183882434 53140162
160247932 72263117
113891386 57394075
175056585 20796056
131658368 5637685
142991839 6158542
120927210 9201994
167946414 73262384
164987071 62183370
165423426 30541740
137535563 328502
112990834 86122866
135867822 8248264
178572533 86238445
180223084 78181356
171453802 60612193
118160721 26383416
128716277 26572894
177926031 39950702
95036057 73641919
117386246 11794438
114254533 50959342
135185014 14930076
138432394 343789
93136629 7136493
125529774 4926647
180507771 48365798
97952104 13599887
129741597 82312680
113315541 69330990
140365815 28652004
115874303 18456143
97341563 81045545
103846477 90711805
154034554 21205627
146011421 80428341
116198781 14650101
132373037 73534918
104835724 72622064
161146775 28922432
124860092 82314588
178921368 3976407
108116085 27895913
152352529 78477204
139117940 76155679
136248611 50342303
116535022 35439229
133347363 82595753
133996452 54736237
120013985 1337833
175671118 31798670
171539181 82393636
173409498 58110320
110615197 1754371
97690290 24059838
132090339 76552840
126455694 60900896
173812221 25311411
114590298 41476767
119673786 28314699
183233148 80123449
114777911 26687429
160786266 39597915
150732441 38003618
150728514 46994906
95121250 71956541
179015828 55768427
130664576 23396256
137531612 14574439
100576749 61027562
95182189 66194709
173514082 14262233
93211188 2980086
178679052 49991422
121697636 57729760
116793318 32207207
176744214 18276386
96780982 49975911
109055005 84944309
116091290 56052236
165931727 37369140
120652361 50557625
133906602 7922239
183571832 58602063
126793004 45036008
99990682 67803287
113224565 45056300
149194477 9445541
144705016 1440290
92452645 24285130
179025370 84005710
153397805 47685631
168847318 24647052
110283329 27917646
173119282 30861068
176020661 6236990
160218892 57980155
102949469 52800412
175430982 73562838
96720102 69070606
126887489 12975759
159893385 65777727
142975862 68398556
183235574 17643098
144362674 67453416
170207058 77184492
120999465 20476107
175401020 43827375
171454332 30114607
140811892 77828672
111931130 13632289
174770956 66446751
148579548 35752627
109936816 57032081
156224954 21472991
95712019 23349108
93838730 87568613
138505294 72959595
121945192 89518697
154017858 11336255
177059020 51199433
166315240 35053477
139857204 28586043
130669487 34008233
97081459 39324976
124815236 6271576
177074293 88518348
146260276 6482099
178987367 59965999
128175520 23391793
159898608 89840802
145323000 732519
160802144 33054997
112514598 63138522
157223032 45419430
97411485 78758155
128427805 6244792
102294183 91388801
168271913 21132663
126167683 55144285
106418334 55734778
109944307 27316195
155249348 87153397
114822835 50637037
108761839 66096334
177964173 39301027
106780659 56987842
115108566 75149554
177335091 23331470
150210635 53483801
125855950 27962067
122325249 39217895
125527514 12046528
122233677 55080391
103593581 46960258
125260575 4994789
126249490 6532253
116819616 18205864
179997347 11071823
180933338 63565283
94479603 15033815
154358816 56171250
108427907 87223265
134906253 26568395
144269140 64212496
120095750 40935740
139084067 7146099
137211260 61008400
107721238 38894030
163447294 44062960
182192594 64245832
134574561 39960367
134970703 41489390
119046065 91365618
102877309 38955103
156293482 48699011
108381180 72646103
114598651 83661283
98383846 56128035
144313538 81271436
103155045 69994421
120109456 16576709
