900 821
448648489 126235429
395476289 210473536
283601169 103422415
376002863 92451306
529044018 105254732
311158591 183499385
365183239 37862407
373358770 109876393
286431083 254436202
545806528 162761097
426553727 155154392
326605777 197658507
280072616 149960936
344168683 273701144
514190257 247641709
493925748 248782733
436008064 26597470
330071502 62160423
293123212 101390290
431139069 72858988
284157780 204542520
436040226 186784093
373414420 267808125
299722928 258237566
340094741 146334395
448731936 173339606
521425024 253751419
488549080 261147949
452743384 269270343
353827080 191053428
385287017 231251259
499904393 56157529
412952916 120041078
317836080 169898884
454751040 160753792
546345857 27849540
319436315 261093097
500736088 34453376
300300891 102776451
553184688 76951741
450600586 41128032
446798041 50768380
351106814 247429265
291599180 275849483
545234842 157959080
311380546 206292833
328017305 152652065
453522685 232869601
512622446 266275820
419607059 33728666
464202904 140331963
365875873 42657860
309928744 138916806
489976635 117551008
461694133 75521430
435271200 274537804
477773381 193040227
359855577 79756284
291773291 186110916
407618959 178235847
357636424 126771833
348313888 151904154
477047450 246864880
404824318 161967073
495093150 141166206
316066050 143220308
535834350 169978203
516914428 98441461
551762596 105227846
468353196 64924064
311752389 69449534
380125443 198211758
301860801 244945625
460960830 164513824
407485110 258884430
324586978 57456105
483666523 4753591
394028211 198875093
329319954 209260087
479156070 52004912
431771173 44118115
359918678 74415806
392229413 160693055
542594704 165888005
390052804 111456705
377922672 258167753
372433122 138290464
442577930 151163376
476332310 11687048
532160344 267869671
425929825 171264272
294369990 128346318
399374375 114707023
367864521 204939904
478946447 217155610
290483562 55290603
524091022 42602570
312585729 2762932
516805359 37927994
319416387 40600272
479660048 227340750
303315593 196336789
314678549 117375935
524257556 222547671
402209988 204932359
551920232 1505062
383955889 113445073
281623478 145824437
371076936 90490176
331597724 124712532
318752079 248227095
329422685 248847693
324049297 190855735
319201422 133035955
282780905 107283705
512002364 60020136
286291652 41289064
288866186 34403511
327521955 187509085
287558988 169944557
406973771 209127075
409633834 247676830
299054719 45847982
500586513 135735488
306451111 49519740
508738294 139701556
308578273 205722147
497996085 89754398
542346659 191010876
341056368 64200862
501403337 142903375
447549885 91902103
521459791 20238623
299118807 174698247
349611346 115545437
377824171 189055922
398852182 272435094
440561691 5610982
398320106 184791535
373191286 9744454
485938955 145818134
551098432 208553872
427812423 39937630
372014759 17123162
551801389 145018395
523668150 21878041
506863137 93872714
496029275 218667636
450158088 222670376
327420532 132292724
398703767 136388649
447415857 170082585
318039651 250314768
348208979 163145143
394194088 89047409
374033342 1537874
415713824 82357930
286444905 132362728
327945904 76489595
528278719 241420936
363888216 271081891
293692689 259538012
532442013 188079780
382112177 205042577
508766779 259560084
324193951 10816704
419750098 263164379
384568427 263033101
301117822 225854208
458236662 184721984
386735856 201811881
312458565 14202830
354446711 244240977
518891577 129539975
439383433 217973327
406229693 221826216
382767161 105893655
361830277 18232101
529038306 190415614
377990750 167242081
492523303 70991220
476371133 240056704
489202341 108061148
545021296 17050106
416536672 74964174
421777131 250090020
545181487 216526794
355872179 142979179
387373682 32612972
292313357 104656997
527096414 110087428
486361781 212656564
375125495 107216068
299021989 131714770
402747023 155172628
347773039 34673610
457489545 77672666
396932764 273917640
329429964 156679912
294482625 186310595
379281283 7554083
542558342 129618718
396072190 218027547
316603774 153883336
287795653 108654717
445297960 262534536
437392505 878708
485062196 68100377
526272123 53435134
314653134 62193515
331401235 175981513
549114968 153223262
311260674 78907353
518138628 60204844
393471282 257051946
440126484 103152199
466258887 36026382
404881572 242714830
340310056 97232220
326111528 49479332
301081057 146279303
416324765 143124440
402958945 89652423
539755494 240855329
450806913 173965220
493320648 271204286
354401809 147771178
512761265 10939413
431727699 202352926
522330827 166111406
444168342 168159807
287110223 93854286
339653338 18310152
531540481 187713654
475747880 27821397
516122192 138448557
501994616 105388543
448158122 200491736
323531226 81095917
536915699 149274231
401624124 13103513
343626079 244799306
309131085 69657178
343506942 197134785
375329898 248301093
411640325 267204652
303074358 40451580
353784934 252900971
369997364 212367653
438624652 174764045
369177882 27787937
504636468 141649990
499998660 154587269
334314224 4218501
459483899 8403834
347082470 219345097
525515299 200230412
446740229 41224897
487076952 7605930
338196683 176150013
285642113 41212827
357663376 12283977
543204514 184691651
474953300 20327500
540499417 275732273
295063759 152521480
414275669 88452097
278253161 207797756
393606205 11517906
518875003 119595920
438525425 139717364
350235953 1665284
447379201 165388043
316070017 256185163
421644724 199004999
296249386 35095358
391475473 32570994
490592448 197738852
339509410 68348586
371961293 107254158
431360551 122049890
514247746 5412920
476377548 171520297
536464244 184934753
407115446 78379230
310501370 149268579
413052244 188142193
326038568 99129552
381434941 92356944
310422351 72236518
394075665 217795751
317877197 102758068
449581997 35154721
485683872 33813212
281417884 104708192
509317632 258955181
425986172 34605334
396708797 143732008
299150225 211828882
414405203 272559103
545750458 8252091
458106161 141638976
516183939 47273416
537786619 97966736
300435619 1502744
461623321 169467546
320685688 228670935
472970357 33818678
380004615 31959440
357130756 29026603
333998398 186735093
369068150 118958184
305815693 138922555
297591853 179496142
334033565 38713808
515552412 56732832
405054994 86350464
318501947 77014148
351699020 44509846
332710135 33879443
334979998 201134727
337635405 262205328
510857165 220675193
538337728 149669229
509488757 160072914
294393784 104621714
328596992 155845654
538556001 181992252
390647011 225909911
552021395 83701343
411729810 259685872
392952723 150998523
411014749 258922901
348410187 129005624
548579628 31089025
356247340 26587673
533534226 153116661
356293390 161875175
345610535 6306333
514202969 239284729
537747343 84946804
547127438 303042
541606192 217332160
417200069 230101785
515590982 225149597
398809599 139178509
427820462 104026481
353153914 768670
413119614 10936688
338963553 41914811
522113768 80969639
320589817 84398369
282134612 264931976
433207899 72405878
454759835 166817745
382691731 29318107
457416684 246068616
359698904 220472185
339561976 163157355
279452569 215791209
324876064 141063637
324652831 270425315
508625704 56881635
424442713 221294333
478257127 242261540
525636101 116929402
508129706 195537810
541822706 243430609
278948427 126321772
439381053 178747305
433852939 184166829
518743745 153265346
407736489 59995722
450077924 73487858
539821941 140536575
446719117 105447128
284892547 139548988
310492860 203629400
292256265 111251353
487781502 226126644
493955164 60667995
335625242 14274313
472982057 219236633
483172434 69047930
331499133 259742598
282996807 4085365
506553492 52188906
301772107 173411758
546316107 209742773
485803474 158531880
375242756 222666790
340308493 173956852
325904646 213916712
307726080 198398228
495224413 253696395
311957803 194996769
545008178 275990908
384116777 70862318
463739913 252773965
295724704 66919955
435960761 42689041
437204383 230678095
481009076 153129153
497826358 89207707
342370573 52765165
390012506 66948580
282142215 10939146
424487271 56019334
464140796 118718355
512106668 43912299
553223383 209071980
488485127 255762204
348400084 264393215
322679791 142391896
439459612 217756602
464917326 184341066
321404672 110710502
515506350 72943733
310448715 175496381
283614126 207717971
305691092 229311052
390835379 43468108
390617519 37081693
412204390 10975997
465760636 125517853
333439043 176223037
350460843 248948597
376510597 112794024
525751698 97851860
542392725 44120747
438696219 97101565
372673925 208380587
373821441 174678745
484529433 215711265
415608946 151223650
499269756 240803766
382174368 244917667
361759579 47344042
517410537 21879855
382637657 3687430
364466445 49332367
484325682 209130900
532208114 5700583
339619733 70835942
316080669 213843433
319440388 1672452
327959034 31702963
384840958 257033050
315133238 68932304
284996785 16383226
529683490 201591173
458689095 207915095
352488708 126730777
473581160 252310648
328776446 248801026
356949337 6269467
363184911 149251271
343651448 707922
531557079 253722720
361877562 174674542
379976521 208557166
518837264 10968887
462926393 87092014
352320530 65645865
429941255 111922336
368693518 324340
410173019 72343248
442746227 2730835
543900104 232688007
512206799 21599734
382785189 76265196
551304472 174646480
506831632 207796064
395383344 273280664
466947655 162595047
451340446 223985591
398794848 60125277
478409776 3425400
506092261 258955939
373297835 273849676
319350742 73666833
423649648 71642164
398700464 275726500
334749611 183450022
332645007 7439485
530970218 267636426
357804560 82405723
360606704 99951148
418954391 36465076
508786794 20269820
345461051 245531852
444761798 154679141
385934829 37956626
425857504 147116064
431206068 57383196
409654171 237447353
412209767 14259495
355599359 260189165
516806824 48858692
300604041 42588621
534311510 41235125
357024766 257745915
310035508 272441507
453616073 124756841
363244009 32385170
547687918 83888531
405577238 2210435
471119858 253579823
537110490 109241449
494719581 259013339
407489172 142945510
312655349 44099578
373159055 215984597
322632140 106567645
439979279 171980863
376022909 179417619
515307034 197652748
514721464 219084991
448801253 211258285
469688781 268444398
538909849 200437497
506014869 236172388
388689296 47323569
506074717 223395032
346385557 142267168
303021880 275883202
479749379 52060502
505232547 41991732
337555487 96706658
501378871 270621463
477055812 118722635
476340585 254846048
516174990 46659374
291141906 7458958
358453366 28336300
445216755 120134028
421684432 2937648
476519018 249614502
515461171 70178585
345688473 206475094
318035561 171399497
548614196 258890424
337626266 205750329
372450418 176146622
365329894 203870111
485055488 213323221
531816577 226631564
500513247 242880631
501245119 64202496
385283779 190908011
314069127 61562232
543097022 233985088
343720510 246333718
549070018 62834470
348157901 209747774
381384773 70218493
295045080 112841579
284399787 263170849
285658689 257811245
278262956 170680224
489332280 230615721
323295673 186100212
535148867 12345478
353754774 16928521
385963378 56175402
385504333 140880464
425262994 263798876
466332550 221159424
532469838 222740085
456947067 138424195
277606110 128938359
394973980 196438522
294927477 151983029
320698885 173299192
491762537 215898461
477217509 128200274
467093875 74432724
342112047 23597197
323423708 13067435
473695302 68131814
449948179 12330774
338245022 82340012
340904519 839987
277380281 157095442
462149670 187514782
539757308 178917517
549189863 12949169
364648704 32618734
409125446 66205740
412305211 121431076
382740255 174790107
494741694 160678865
323509144 265651112
405478682 274544418
503195526 176656531
291545794 2059449
503959160 74438511
366447348 218639232
316105500 240660690
508596050 6261027
315442734 120657528
300599225 222558406
310677707 216564357
340821710 228041223
377921850 129525405
477841408 119311281
514715142 40696416
294344875 104693280
454795979 235967744
332876827 241378369
283697983 77546742
460161418 232089658
298417816 158634491
444192062 134416712
525420718 219064515
318005011 38664179
398157559 97117801
517632020 138412696
365110894 137688497
484452266 106548896
462125104 181570120
449932291 39805369
398860434 275907842
285115139 275244659
392074732 246963584
526932467 180937896
375892131 267169221
430452647 46129680
534356781 153076476
359056754 165171423
493322120 169952115
295006330 77825414
439912266 120803126
371752033 140301024
436078129 262982227
342865922 105156246
330738702 99084145
295603405 196284112
545772483 221194796
437795699 131096737
295215175 275757695
519646059 261077425
477083525 65695127
417158123 118870956
318539693 149014861
460864198 143827075
415063687 192848157
416501292 66141508
394176521 23016797
335619482 12832345
371938233 91676184
395459923 269645152
406803624 150377086
527457085 176049688
489883162 16493158
316770498 14417935
450741307 84417729
539703202 39142924
493091551 143805555
342082757 19731915
533829669 27636075
446578813 129041547
526361040 5539662
368486072 45218484
427184941 40021451
421810740 159862045
420420585 82335696
522308352 130217451
462798140 146522295
400103534 108665463
438044414 164488227
425685697 93718995
465595439 138864020
420572681 65570169
486413495 173474318
328711115 120835072
326853110 126308668
511432817 93936659
478455755 1605109
523611425 159178831
383460250 13733966
322579776 124256721
452645136 216518314
356994589 79028669
472454898 29713939
418527405 234766073
341423300 8784155
340161518 117505177
308667143 254212095
528358622 73007793
363238146 30420520
429919591 147171778
330701099 233495686
443457056 252369228
449967569 273121320
504156289 273038556
498493616 131675290
308506263 205069432
461567587 190909167
285554466 179549455
367134676 208379785
548615959 219298326
454094238 117418655
406838246 2097833
389995209 122755390
464149729 260384616
539722752 165959604
403472837 56114557
527082491 142372381
520345356 244198516
422410133 189408009
543024722 17136254
344378997 149683473
361173208 69640885
411565521 224715419
509953927 200923528
548598483 114021584
305248364 255567564
510676512 811369
515345767 105195578
458904225 73777643
456146453 159245334
386859824 160642730
408230612 84412325
390926293 10880094
427037218 101984881
534997900 145186526
443908827 231207772
533512781 198291486
406346447 265656145
348854921 155715793
436521459 235532978
528991638 89019738
514718973 166720580
404157378 90566379
395389174 53503134
313888818 129429842
447986549 130195396
477809297 143592463
289719942 7658320
373976648 129674577
539696440 98611956
283470631 136346862
545041328 198852886
512200489 256274576
283069828 118916445
465626769 137759805
335380667 171956363
351753302 127531254
415127135 271740364
441982554 222628244
456687463 222005004
424496254 137075051
301926719 199773119
533067659 28316424
283484610 131494074
307323786 241624541
404924487 166742945
377266331 126912010
441435167 118904901
371836274 146583230
475745596 50843892
292419440 210624411
521431672 154369642
431896614 33158089
543197284 159977822
347505093 268435893
344936517 77670807
516988407 203214139
465514951 190155471
324660328 244734487
371165516 35333781
320620822 131734399
466872974 255501902
535637629 98440680
451429145 125448024
277668477 167233985
527697643 127613848
297740266 10883481
286169043 242713913
329576274 57479226
530237625 265824472
552421014 75504147
359757780 192359548
450833779 177347577
344271513 81578068
296313343 22389506
309226942 224541297
280117713 181367437
473009716 100466917
488600740 3609492
352487861 87144579
433810509 180788324
542585527 118064208
357138252 136372251
350340302 253628263
479610906 270349760
516805254 93149131
506673545 194182404
411138488 111248966
466328439 267028777
349597137 264439290
318676737 170568762
551284805 68771236
536317917 206448675
303794443 65526837
457350285 199071345
475740410 180814125
440050724 154520475
314622406 154653588
382713161 179579959
341578331 184871254
411741242 81596109
509246439 102639015
455492278 39951792
499155451 271905363
345050623 164643443
309999421 27107844
469115939 116761810
460061753 79013310
408896252 148377806
493813991 221311592
389507824 220043787
352410927 147113655
529113734 198216749
436476294 269645197
282147112 118149445
510212041 102044714
529713082 144523346
498757973 251722902
548360395 89939898
284872646 248741893
471699707 100562100
493364126 223218599
541161897 10291265
323890671 7467347
470351509 240661392
552660174 190397651
348881113 45190657
346872135 42081442
450141780 135613082
495882017 194168498
402081904 100695044
434487868 144551850
364595342 163311881
543911586 97103172
395388431 235532891
533603922 251744936
506714580 13110080
493167793 43160922
371966150 259764566
466798188 114178350
540543727 260319709
301743767 142985673
423694952 107962374
544575595 188877667
360574877 12133791
283542090 263100195
548625635 26993066
411745445 121639375
313305004 141722043
348437851 213872313
447342875 255087234
326232264 170576766
444131936 15568888
535113803 174772107
446191914 149794016
415022552 177299315
427153766 221158000
419878937 142269806
422452886 112598637
472403353 143762850
487206666 100609460
295077168 154524893
299883869 201160961
485308347 220041207
338358540 129629571
447454487 243411097
427835412 121475306
339385432 131746053
512124758 41842452
437993262 139859922
510110710 236706165
526860182 6831950
438631527 16189518
416401198 2988834
527685097 109946139
413855414 150531214
405725672 180203754
472247202 81653382
429915733 101190217
519671517 201062272
333559835 176864772
536300694 170577043
548629034 60781928
409110642 4804541
476283419 171446446
483040820 110750025
396940123 141104705
290422613 209697367
