700 617
143043920 83901716
121715511 50367628
152177456 25634166
130086881 68143341
139541648 100630334
214607183 88501878
140796279 888751
205899428 112331894
129036103 42700824
225721835 107361165
150331805 65166587
229461994 26801334
192153281 71312939
224073320 17623523
161992501 89553423
123203112 58386232
210836069 76180411
213562161 22964797
136269312 90232120
234054477 34786021
188344093 14225599
121310540 30600990
184561821 87601267
137036913 11164855
203250690 102105003
179657439 96817856
148403036 5843004
162369012 111222316
182927526 117054974
158576715 116204196
204279201 25173225
150655145 13865409
146507261 97958077
186114800 90300589
179165588 19849610
120880696 51117879
231014594 46555185
160874627 106643674
120501257 20968751
141183020 10048467
158647692 40001507
138499081 76323101
137406940 57935773
234742935 70578060
201661267 36560479
220793280 53331258
147642497 41998205
202040857 843535
180675308 109728009
164335238 83528532
184534653 8006246
130548549 56000834
119359879 74766328
196295857 18772355
219201434 86802255
144168098 44949815
205835225 94075462
158669297 49988799
120879433 48825702
193339248 45824760
200548785 40790560
199838174 91398941
223313164 70929780
234398293 71599336
148716590 28192807
188644006 9137448
171216707 44944318
220243614 104319319
147530225 50747024
211573957 96031264
234707823 75174061
134670016 74731275
177224315 84532712
149045523 98649172
170398598 46449020
183868980 13795725
231037948 154328
158365133 71682586
127868719 50718796
118608369 105072819
156444648 55611709
140074963 13728286
131293865 40845574
200438970 16029672
130094318 84959136
128242115 34714908
186041248 72351371
128496374 111559894
183789219 106644309
181080793 61337414
173951171 9292726
155651063 14524250
213873580 82241939
165065814 29012725
175399486 19588610
187603772 80465570
228342922 103293920
138133065 35511736
165178685 59119377
185629329 59868812
119788683 18711279
146781034 64507592
170130928 83836353
223379022 17950413
157920266 23756011
117898195 58715765
219874708 23734324
186022820 40381659
120646688 55381576
224900664 78121496
125073087 67542031
127376963 40355600
188397620 97965420
192835829 39628284
197521405 35863763
127124032 12238950
201278668 6215925
205907563 57275015
176472825 68327860
118345956 78207363
160259895 86936056
159493583 56751064
138551511 111214372
145243404 23290641
232431883 84142988
195283522 80888194
119868231 111962179
186441974 77352783
135524555 73636578
124394499 87289475
132391274 80099177
124828809 91900325
168115092 108878989
224445973 90661043
218781772 100262722
229926615 47313003
181180582 46895229
208939615 8941684
131553007 86491155
195668926 22561967
170546067 64856839
187642447 81214111
210741267 18839117
159461654 28992903
177004221 105163016
136262985 48065194
188719152 55995998
118694459 92594563
143384439 57619462
119912474 78066654
127481913 1639388
220753930 113469639
201589646 70887227
174568809 26727238
209209735 42394098
232883336 67433273
129278744 79183581
166673280 78874365
181821598 28259470
135724963 60320439
229154828 54569474
222250027 57539175
183722726 78942973
178758330 83864718
180706160 92170714
208050475 3074178
165946909 15408447
213477649 106358725
138397753 86843623
221518120 99400020
119420816 21858590
158586837 43119085
150659452 90687404
217223451 103946864
203215105 99859231
161991264 110021279
208212179 41511389
120917599 11547863
176250707 115740223
179256113 101346827
215726020 30996913
211898127 10304116
186465382 85684123
149529904 112384805
153645197 7779786
194741099 72071224
200612436 47292012
205882897 71983173
196389837 108683585
203973962 41962251
192127571 24756581
203129317 100672364
174596631 16014981
133504361 2698866
119489328 53013489
171124855 25539496
178070243 113137023
213903924 26023414
226430176 64002683
207786844 19216640
214969972 102057477
162541612 52189226
224435910 7407213
227579736 83377820
207444641 34679761
212392781 100999942
129805539 14613111
228676567 111226212
212360711 54174557
176175498 109337387
178460365 61733620
123284538 93011641
129019583 116521963
217241212 55201859
160476643 15390124
222275926 8454324
184861656 79344655
144566570 11093679
191010221 100637800
140342567 6932866
128485159 43926225
178514047 82782431
131288915 6623649
212759305 75463050
130431056 13854240
143765079 37491652
154929243 34771188
124068170 99485264
178412060 64063204
202761497 66409696
123992191 11148222
209750155 43045754
177386225 7276345
226455604 23303723
222633312 13819708
155526962 97255451
119062855 66354753
202492928 103645009
190244455 5485337
150681239 62216487
147241910 97920996
144901800 27840329
165844447 63002677
124846810 114368389
152511709 51102059
190237694 107866519
218828239 59155755
192621672 106295062
189424259 48781306
182201675 82626195
227604840 25254615
200555216 21856802
167718842 8161163
234483364 46136324
138165837 29739664
233633091 25941287
155633655 47345799
203557538 19209816
156756652 106254269
136108068 77017838
220676095 58365981
155990545 78842790
215834373 84692598
214629331 16128580
146454106 23718168
153316268 105873166
186779236 75491400
177315031 29316266
141057620 8180357
222530856 67401256
162029010 9690130
178801029 2452847
206163469 10783926
165454090 32094667
158345008 59871987
230248706 114675684
216916047 112812899
226076779 67503112
204254570 37419249
208592045 57136266
180334714 11190127
190686822 100921704
146935798 116165183
147925111 60571679
138113912 73118869
183465981 18821878
210037150 40401796
186420202 29774034
188295902 4377070
190285039 81600830
142695337 94812600
129038048 60155857
151485730 53804427
129341075 27972556
164760918 51804718
225341894 90990985
194433707 5788729
221838341 87583772
138772964 73542936
136183544 43831303
147208639 80476689
232181971 42392435
184460496 79309339
167767729 60165595
149949226 10842112
188708054 74275749
216099256 22091756
200980741 115485427
162069017 63227983
171170575 8133943
144221736 94524650
207819151 46072010
188322309 68208765
161731723 5823287
129006610 68907968
141977145 61807630
160483878 103332774
217653295 26075689
125819086 111637619
174696643 75395750
196270073 43411071
179250171 45366374
194127667 110444930
210759527 23633017
223378008 42024740
127788033 10679067
166970482 74667520
233672425 42032175
216972971 86869326
130421262 42808956
209359178 67505435
177671172 42418200
184229141 2440260
169338660 20339091
125539080 54597176
227145240 103935774
121756725 145734
124756082 35048820
135048753 86218550
138489942 46616364
144630279 107363591
218841868 60589033
160611781 30607108
172443210 61450364
120163138 114280256
141135553 32444396
143763896 4964573
234482559 76684715
174185724 34423177
149522524 61441769
136263801 81479339
224441144 96055281
222645679 782546
230292654 115485231
147316695 71330310
187630870 93761351
175726890 40507481
123281336 30996996
130897020 92655624
157099013 4586279
188708068 95562361
121727012 44609843
207070721 17156526
199804215 40821484
160238437 36211401
158348574 19034647
143387624 16170628
171227893 17544595
171599995 29374167
185753285 41645864
206327048 17155140
156690081 57658339
229823825 76981909
188671764 95207682
189835932 20736859
205401656 82026137
210479458 80509967
162754042 78134580
206229107 116219466
205557084 105561414
165847569 105926830
219236065 100589019
189192282 108573032
201712460 21771537
190172059 73637856
202134512 102933035
141965969 26712602
220998680 115068936
147162335 3117095
136499963 50264539
169737893 12657799
164798167 106613336
125445784 96441588
203555684 79280341
201759316 80808646
128496334 57881590
193372605 86433809
171944321 105487322
140348267 2340356
127113587 61416838
176551214 56910318
139541329 27971318
221770575 8422222
129052893 30546475
229541832 46214702
210484955 95316658
183016165 94209321
170048739 85805600
179941086 69287484
169611861 94882373
143836146 49982649
184835278 39621361
156306299 61403896
220737674 28282115
230310037 45007937
135364736 108281821
186393088 70583816
126239247 44622775
216807395 26271478
123695444 25661764
135768973 100974201
156037257 29699389
193709980 85690478
199062647 104378181
233236956 75097184
199836156 39620953
171995478 72415669
226371513 72049629
225567509 25937111
122039291 30199291
120128638 93663731
202106940 47258102
156291595 97931041
149872376 29362522
190554174 67878246
140724581 95940022
165050314 28964624
121368811 21740179
172751200 70139995
203222896 41632261
140409997 42658399
196037922 7403541
144863362 88064095
178496197 58417178
156350857 14944023
222219671 29057791
142199192 105208474
135412874 2686493
229786763 57620653
193767561 107831482
155295585 102198658
226109288 83129646
142972940 75116288
225963231 33157199
160220637 20958463
120565880 47216617
172757929 38121493
207329030 20636812
147606552 98628174
213439749 57191816
228308848 42809352
186000187 19499085
189190597 16767814
137778342 12988493
136239004 32500660
178824823 116137983
159365368 17318702
205161648 80085402
200503933 28556852
205784662 112400954
228704485 61832212
232511236 72448384
119900936 1219813
170532327 9524109
176843016 2018364
138453538 26806427
234865792 16506055
126673024 14119038
142203665 86986049
234043401 32751725
169025243 18387855
130057166 28224337
225292975 25602704
131291243 95952888
135456027 72847427
132690611 116227558
225209930 62877968
201283706 15995159
187670375 14145508
193299623 112070277
202347465 108173180
138109735 88760672
230947994 46974072
126316503 92651199
135098299 62868081
157878565 88399105
192497097 36611076
178066513 36293405
148669115 93784005
160240286 60240350
182300470 63263749
142287591 74322086
128955326 21504410
124354435 20306124
215790173 83051459
149090006 10423115
179140979 2778540
166320750 23716315
162554107 93690882
175366041 86160614
178375637 94111825
218488732 104872949
225622476 66392537
141234880 43904684
164360638 111665303
162048205 34750814
179597331 31362377
231780931 43032340
204629018 91050994
227119312 57917268
132852764 5885085
193371239 74273432
162069013 54884139
208181319 81648407
128955892 25903169
188395959 75464187
161682273 98307358
143023597 46111533
217951328 15770755
231745174 115083033
154156599 112447854
209755263 77367650
188057138 43132655
151772112 48375949
226761608 40835529
224433516 107052768
198701609 6855554
177656375 48846879
136977043 80468577
208203945 36214357
185771868 75906048
234431443 52321127
202055656 108181181
227516193 32163073
171654112 5052866
139687977 70584896
149832016 75767811
233359070 26707514
219902263 107027401
197186966 25168075
154012873 22914974
202852889 17692763
176954789 95242760
177272451 68957824
206568934 28587545
123573802 77669878
123674545 39991592
198923680 63642352
203917669 3599258
128202640 7284986
205186837 54958214
205053113 93750290
204788434 39380055
130880378 9635106
160156860 41510122
229878597 57964760
128569802 11891648
158584781 69373759
169757631 67148884
234087239 31333983
158318403 37759998
151358639 94423870
122876619 21342936
208552518 53336854
194138150 102132183
214533142 86468479
223398750 72023316
149195371 17207545
173901279 104694499
217569538 67832430
146881033 41942534
146861133 53356410
149464528 104868546
174576439 21470632
207834354 32783317
216426889 26778562
134639042 17948077
167441229 39372195
204799408 44679677
123333134 3074681
202370955 83831216
117980885 35807847
205538712 109694210
213108567 28345717
145708746 105253601
119746715 29826037
217291346 84193369
180278013 22621276
125489739 72030001
121714922 42690881
122178806 60558662
160228679 84633983
163892254 80410562
225179645 35081608
210759531 71264909
162790278 108607011
187196425 102842936
118709947 10006113
201672490 110519683
162471291 43562271
162382001 32016902
195625127 21088692
205833990 27066144
161668799 54877347
154846987 42261719
174244449 75145246
188714204 78604041
147543130 69306620
200599594 89977298
213386685 11918602
153747068 108250303
230540023 13346464
173177587 52158859
158636600 61086348
189858806 37078186
182172303 100608310
155599207 22843310
152478449 10048637
119039517 59461734
124686443 44613515
151348035 24424823
230997261 70882416
174667101 106355497
157959795 19970693
232938914 94826213
206282050 58690925
205933555 15404832
155645364 63691171
159333372 1233385
173555788 54540545
136564290 13465598
207034738 68588807
164664691 112718562
118298529 62178263
164745662 39322697
139978775 74350005
180293399 69709491
197896308 23722639
163676961 78578682
129764293 34426789
186013734 90661455
196760662 70208674
135077838 75862783
188263957 95691218
141485258 110454137
146507169 9291544
139535089 53015375
231453055 43571308
184455123 108244228
228770441 56411100
133153885 101691143
164297141 64743774
211527218 4371466
199817687 44244580
130066023 73605227
134351720 79358159
224157150 50757177
187953374 88423726
130857559 70446870
203932010 108157190
143372782 96854200
126285419 26438456
150649603 41637190
147916847 103984339
201345926 68662852
126265169 44580900
142613136 29102229
192534038 96801855
168257112 21776632
126685908 49669305
213079712 60654272
141573504 10000619
204387807 85335620
213101085 49589097
218048298 73622460
199835563 34371344
134613739 27410503
198997036 51401108
234120002 58678789
213173257 113522667
217284316 3530767
118313979 43802300
204002828 45487934
207785753 86892308
219193908 57889694
153002969 60994988
152556246 31275321
190160381 110807945
143826131 116947540
121426176 2431042
