80 59
2642 828
3298 1081
1922 1543
2228 1546
2653 123
3225 969
2887 614
2925 1080
3336 9
1930 188
2534 1500
2591 1263
2708 1243
1867 1423
1940 1240
3170 654
2403 1546
2530 1560
2225 1124
3222 12
2414 1132
3233 534
2649 1539
2515 1239
2654 958
3466 197
3393 784
2117 1422
2712 785
2870 359
3359 1475
3107 355
3046 128
3474 473
3042 1611
2756 1188
2292 1613
1823 424
3342 191
3125 118
2526 379
2297 1265
3414 552
1812 533
2761 373
1824 1325
2036 839
3157 785
2885 196
1868 14
3339 1497
2577 1439
1985 890
2174 725
3168 609
3414 1664
2106 433
2712 1201
3412 322
3055 368
1817 87
2165 1083
2100 1443
2567 885
2578 81
2984 84
3395 1011
2939 543
3420 1242
3234 618
2884 1326
2238 257
2228 1081
2803 1606
2820 1672
2709 1440
3174 136
3278 1074
2772 194
2037 201
