400 311
26168988 6516114
27149669 13469561
28594456 4750647
27548994 1486662
22010082 14920549
22024010 4768356
25801490 3228917
22232395 6802927
20191561 5521905
16596479 1975854
21258006 9316142
17079432 11132590
26383899 4754354
15567894 14818265
27625804 6418138
24339108 13353428
29561771 2233325
20001642 14219881
20576862 7395908
23004937 5259360
24909225 11906678
27229171 10737423
17377317 12800570
18274658 13572791
18623589 4108627
25433478 11422432
18468067 584156
16238755 1356114
29187590 14040534
24073788 8629428
25798266 7265906
20374534 1559801
22141257 4490303
28691786 14803754
22025813 4484710
25295380 2069169
23399245 6619340
17005141 13549171
22318499 16859
28318973 13956502
21238678 13754646
29652590 1671330
28103445 14510789
18073694 4845727
17988108 7963898
23757855 5732771
27826964 333733
20772490 14927832
23203645 12893188
24167698 507080
25971598 8142041
25306568 7948873
26665694 2038416
21841121 5128111
23491339 10490800
25596785 10067512
29383145 4301536
22691073 2536590
16589952 9135113
29385410 7377345
27155791 2642984
15338809 4881491
17472851 2999371
20651619 10463331
27530645 3590510
21343814 10564379
27820439 9971678
26267612 14606439
25707555 13935396
15265742 1488895
18837227 11247354
22703251 5818507
22506310 12870568
28588832 3116031
30056859 11239925
16054680 11150380
16922732 718759
20015297 14928058
22614336 11651083
18269307 3875822
20673724 7063231
22206565 8847457
24353077 2362510
20848049 10575939
18158251 501684
17200430 6096558
28519484 10854639
16535520 3901241
23376930 10763150
18063759 12231341
21045613 3115662
27149577 2337259
17981626 7354225
20957279 4765455
16882308 3300174
17175244 10192721
24141248 11040635
17947351 4452611
16023615 8840563
26097440 4949614
21950583 5643728
16609216 5618843
17572106 3005840
24051754 5940871
18169527 9798408
25104082 10389298
18749537 2908558
15734605 12999192
24560251 10357360
16908749 9331557
22406259 8513675
16634945 3988367
28231327 5421414
20394924 3880053
26109243 13762141
25298557 9299673
18466414 11745636
18540557 5721852
22488370 4103715
17466925 13563698
29569525 5537391
17687175 14033588
27850303 12234825
29562002 9515138
20956379 6408255
23964664 12398375
23964067 12897497
15332851 13260478
22315349 10386605
27531207 5542094
18271127 7583428
23391102 3882293
25219285 1879485
22795963 1667992
25335241 2173718
23755706 2147537
16248778 10203640
21357579 14134756
18648095 4861687
25993847 9116423
27740487 10739829
16119319 6386112
18719871 3610819
21934999 11235812
27053506 14153942
22506656 1650309
19042069 14332749
19506440 13347582
15667152 4495268
27851164 8558800
26558681 1269515
21435859 10670504
16802688 14515109
26501525 5437922
25133650 14548308
22778250 13264300
16116550 5169217
27839982 688372
23782682 10062493
23302865 13664198
28127021 8635566
27558811 2430859
27369121 1565010
24553703 14159050
18567235 1665487
29849385 4968966
24145575 2540916
18138341 5148092
16514075 10584025
25970301 30896
25878167 12868689
27744230 9803178
15272158 10777173
20482931 2160541
27451957 7760704
21629589 8727287
18048519 11705813
26647632 6580836
27812353 13958376
17478188 14832533
17568261 10459388
22034886 7660050
21634933 8998230
30056499 209413
21467292 3496886
22694158 12677610
17750587 1741004
16798517 10281151
23979234 3018640
20305042 1169805
17871886 13298795
18847415 14548017
19604466 14740299
27058545 2522574
29595579 4079094
24553080 8834628
22511067 11729428
23180871 8529878
19406931 398844
22036440 3782393
17672864 9194237
28142047 3900668
22340008 11813715
28398861 13472608
28202311 3308179
27434540 1677928
26747741 6495248
26483084 517298
18913042 3429234
17652659 2289
19531980 4173124
23956595 2831727
20579652 10285710
25421349 14049472
20765344 11262997
19897455 5808027
17569817 9500232
17767399 5610215
18279287 5147199
27173223 13467964
16024850 7846233
28194517 4968057
25234490 4850373
21175858 3028947
22242373 2340338
20467759 11842701
23950311 2347744
26887083 8332420
15542739 12970617
26365227 13638341
26293458 10061908
16887550 7362962
17858408 7063140
27034475 12509095
20290821 10353821
19319878 14834173
22207181 1081998
23208316 1354126
20670882 14644157
16500060 13290644
26110901 12005550
16219543 3797741
27914716 2249514
21857563 2626507
28701812 10259720
21538596 13679980
25797447 5056868
29873022 5851282
27268703 1101279
19819053 8145116
23192096 13574918
30039113 14929692
21456495 9196008
25623800 3132704
24155301 4283122
16402366 2809050
15553006 14540196
26963645 2537835
29078175 4467880
19605406 7465596
24428730 109596
18240760 20313
15534672 4763283
27342096 9703657
28593227 13872239
17365825 11222256
24625552 1481317
17075014 3711537
16202455 13083
17859795 1000326
19401902 14222343
23072002 10161448
27519135 14900335
27847146 6607905
20265042 7962324
26689628 8558236
22216208 2836104
20845034 581303
29578439 591016
20214538 10201518
28796935 8030053
25783344 9410286
20948254 7738023
28694595 14548092
20680250 14422945
19416224 3427285
19501477 503205
28903990 1173796
24842637 3322221
21241273 5417674
26467950 4105965
27356341 9605689
26952757 7172352
26565863 4265196
17303905 12710919
19885250 624618
22788436 11550568
21370848 10749860
15860967 14723491
23667983 12212119
26367389 514196
23456429 10836849
20558012 9017203
20117007 6406965
29265383 1584354
15259461 3710306
15446944 3137406
22893907 4955312
27827878 10968412
16051221 6287320
27916493 11027262
24424380 9322652
27534893 2729796
22106723 3880500
25425442 1956564
25690960 5616055
22238244 6399895
24561414 13086656
29869895 2341237
23680134 2256709
16827808 9815211
24839468 8736715
19220903 1652737
26402288 12716306
17391601 5650892
17116157 3603255
19513577 10280464
28321740 13541940
19405984 8222551
20844620 9504284
22605927 13067330
29882729 3025100
26199464 4874009
23767088 14060976
27659573 7971889
17082588 6622133
29964156 10381191
24361118 12005933
18435437 11159378
19696504 9325163
27819810 1206400
29864933 10252565
16890647 4566828
23308764 9030572
19887385 194198
25704370 11049663
21824018 1981802
25403579 14069984
23073609 12031063
29561431 12311881
22408763 10769986
21264575 8065518
18733343 10754530
24747426 10092711
27724023 2255731
15141928 228585
23657699 3100772
17592865 14349989
23209813 12313768
21155713 9492748
28328221 3008341
28821233 12793075
20879862 12306683
21843307 12223242
18330864 4547766
19009800 7656347
28407954 10393310
15742494 7480237
28701467 1091642
27642780 1585518
28910184 9000979
23284793 7301672
24238897 5429452
22879224 3204674
25972117 12975062
23598359 1686681
16789903 2720016
26501098 1007342
16209489 13461640
23668645 12966008
19593873 11333301
17591379 2074507
16229838 1076136
28024727 12385575
26573875 10473906
27812265 4682552
24368714 6489368
21367751 14535554
16411990 14235452
24448907 1746299
20694433 9285234
21922557 7643774
22603328 11716359
29750526 1774611
24366500 8611365
26573555 11131317
21249007 8618441
25808940 6516831
21041596 12979953
25124755 14739260
