75 43
1456 737
1657 57
1795 265
1709 819
1101 484
1532 877
1023 777
1185 517
1152 179
1112 137
1023 315
1323 355
1109 48
1753 58
1241 439
1533 780
1669 314
1113 651
1022 440
1230 349
1275 100
1148 216
1828 0
1674 863
1401 132
969 5
1327 530
1027 622
1544 404
1114 399
1578 825
1414 435
1201 267
1160 822
1706 218
1484 233
1718 833
1280 482
1158 438
1193 359
1658 487
1491 356
1105 737
1626 448
1418 610
1328 148
1488 529
987 2
1717 7
1399 702
1240 259
1022 697
1746 145
1760 89
1113 618
1014 87
1835 748
1361 56
1713 313
1073 232
1401 140
1104 347
1802 9
1059 346
1322 536
1312 43
1113 129
1701 358
1195 319
1669 775
1322 824
1797 317
1527 267
1714 13
972 261
