300 229
11369619 799027
7630455 2433135
7963896 1537092
11306841 4671831
8577779 2050930
9780520 2894835
11887965 689377
6075272 73988
9162242 4207008
9842147 3737327
10696082 1213338
10782002 592738
9311053 4483449
7918085 4465987
8756865 10309
6178868 759412
9276989 4206325
9064916 441106
9322120 3150875
9064662 999403
6424720 1538966
10686691 317495
11732089 4006468
6811818 1630956
6602233 3638151
7391154 1271202
7078052 3048242
8651324 1836691
9064407 1581345
7536080 5089861
10216576 4626756
9623476 1375420
10942911 2100625
8704500 3586847
6223465 1480278
9365135 4878260
6752726 212565
8697179 1575140
9892732 1156048
9940867 1751667
9158362 698098
11673863 280617
7070493 1283822
11056261 5054723
10951194 3057408
11427069 4569982
7650164 4724141
11825698 1367437
7226233 3162750
11797592 4462353
6856385 2899870
8652044 2571454
11063856 4631586
8596609 3788659
6070558 1167749
11419471 2013623
8116441 4468115
10899422 273050
7065551 5928822
7690179 3004975
6742630 3985819
9948629 900262
8796773 3316228
9893427 4941439
8127862 1331235
10520381 5825867
11622806 2534887
6128899 5947601
7495358 4050887
9485606 1216035
6234280 5943090
9802279 3370061
9117141 904380
7434918 4481128
6861240 2003140
10151790 2266238
8382920 4429202
10891875 3944822
8279161 5164688
11734163 476871
9156095 5534
11378906 5939608
11988567 1052765
6272249 4302525
6539736 685034
11680794 4829684
9838921 2645252
11635158 5315164
8071967 1799338
7233809 3731370
6081915 1475462
7106232 4943227
8368116 5842745
6387436 3727731
7850093 2793446
6287383 5457071
6184496 1631499
11692019 2175823
7856212 968260
10685510 799297
9741418 4779319
7127536 2483347
11378758 2743653
8692812 5001864
7801787 5409522
7947603 5322467
7024990 3412182
10255272 2569942
9475923 4892392
10056519 5783698
8219383 3152715
10741915 5321524
9541046 2804810
6652167 1228009
11825690 1631912
9676291 546456
9472111 3361586
6170360 1957069
8901419 479107
9372199 1844461
8946536 3830500
6973648 5096888
7965297 3935370
6550937 3366401
8486884 3421308
9639240 5246187
9368558 1220346
9691257 1264370
8941757 3682658
7440415 4889243
11112839 581018
9731109 2890525
11774448 1002573
9542805 1797761
9163858 1061206
9641784 1794754
6585307 3378256
6332440 1117128
6584589 1804105
8999440 2220680
7551399 5612802
6282778 5475016
6807610 5684730
6237932 4000490
8127888 1328763
9993456 4888270
8274434 589014
6658401 5056812
8267327 689849
8913080 3202800
10309964 2849972
11838079 5529469
8267520 3538315
6113306 3997430
9377762 4467387
11408318 2011616
7841631 944401
6396807 3849779
9695305 2906302
10847496 1073815
7954237 2677123
6128635 3683943
10200116 4467829
8485554 2624341
8470618 4580230
8368311 1264391
8127853 1116420
10171199 1963776
6708010 905086
9891808 3319830
6430282 4901135
11568143 2572826
9593853 4933155
9649100 743884
8592959 1232096
6535804 4263844
6373042 4429779
10417597 1284044
6537427 2106888
7841838 2891865
6748378 3515388
8482616 2228212
11671787 4727734
7337344 5112493
8629767 3428226
6339807 952004
9737195 1423263
8635709 1101574
8487357 4628655
8062089 4778585
9795152 1222229
7538665 1630723
8475446 3104173
6900597 4722245
10577045 5099215
8432634 4093170
9486940 4143409
10781894 2940155
11478359 63488
8745481 2051418
6132777 2639474
7543213 2209419
10959149 3362963
6280301 4896533
7011246 2433687
9484418 2362644
6916196 2622090
9802012 1063247
6289417 371078
9229580 3043869
9273104 3671204
11842451 170157
8903507 2267572
10578842 5467193
6232231 3776449
7285814 1373598
7013809 5002321
10937006 4623759
8156723 2429492
6754048 5845042
11624895 3637475
12008494 5265501
9783784 2316803
9740055 2105012
7708534 5416817
11272894 963407
9784602 3673946
6379871 4621731
10118573 3381435
9745710 1012662
9791564 3103194
11575394 4213637
9574161 804817
11580211 4723922
8597996 2009299
6534883 4988861
7121201 4516134
6380754 5570923
10897644 5685906
11687924 1794057
7844159 3305216
6177015 4900891
11890091 1598075
10223923 2163012
10204697 1013114
10318863 1941333
8693888 4842005
7224839 5215336
10312952 1266892
11308863 2688064
9167766 2206664
9115040 1965556
7635928 5583319
6380082 2899832
8285422 1004440
11318054 1593723
7492399 2333289
8275735 5058395
6216403 5936909
8854226 2947531
7856447 3471449
9535555 2109102
9729696 5266371
8481407 5667611
11415101 2314787
7951459 3000403
10317276 5196274
7653387 2164834
9521952 2169566
10380082 2203528
8104986 960940
9573792 4683074
10001079 2625031
9007225 5164654
9438430 3955606
11459964 1752323
8160565 123065
9539908 3935446
11475768 212976
10518133 1633727
7168584 4471060
11625820 2362232
8839118 1366518
6693828 2005638
8112307 230836
8731707 3792517
7006912 5629809
10326481 2958033
11633562 5932567
10590556 4007101
10063064 2644046
10892746 2740093
6375544 2731803
9854700 2012720
11946416 268669
10428604 2015936
9887487 5158055
8423694 3363207
10950971 2646328
6797983 5194484
