100 89
5763 1972
5953 2071
6935 1699
5865 806
7441 2000
5688 1632
5035 1165
6551 1007
7287 2949
4980 1072
6393 550
6296 10
4082 3472
6139 2594
6373 1198
4852 306
5920 194
7108 2060
5121 1011
4537 3584
7290 1354
5158 3036
4531 1375
6469 1700
5397 3854
4065 2533
5836 807
6303 198
4683 3057
7541 3596
6644 651
5419 3122
7381 2437
5754 3410
4961 3652
4528 1456
6940 3602
7444 903
4679 2797
7181 1344
4502 2055
5037 3412
5124 374
7270 3306
5676 465
7610 2762
7177 843
5688 2671
7882 3328
6015 1070
7110 649
5672 567
7549 2858
5516 927
7271 2177
7367 2787
6549 2145
6486 915
6811 731
6544 632
6292 3068
7196 37
6136 1086
6671 1981
7639 1009
6027 374
6102 2252
6909 3767
7283 2891
7720 3158
5781 126
6660 2053
4433 1248
7440 128
7903 748
4946 25
5061 3244
6819 4
5847 3125
6738 625
7205 1375
4969 2676
6405 280
6555 2973
7810 2699
5767 89
4323 1725
7381 118
5151 3036
4711 27
6722 1786
5873 3585
4070 2609
6283 1624
6673 1721
6842 927
4949 2419
7026 999
7355 2952
4323 2320
