500 443
44114650 27363667
83556333 3823283
66501784 5778207
84895434 1792052
71609565 39324675
48441147 5915050
78801112 16745883
60637639 17889397
71557765 32607100
60347098 12418829
47469530 40306822
48198737 10800001
55098012 40678997
73583412 41089590
46835121 7285193
50950313 25174577
68626749 33406309
60378049 36124576
79782919 42420935
62009735 7659505
56256557 6369502
60938601 9120671
76862710 37570850
75932392 25938585
45652862 5724647
53181141 22622342
85719914 21465753
66087897 42083383
82744806 9269803
54088362 28517441
78084818 25924531
53309188 21217584
75855200 14988517
47671221 19125295
60633332 23804276
69589033 221679
67705390 22992758
61165351 8464125
54854030 30051973
55870979 24544594
49648684 6148023
72374917 13403883
67459923 41881358
61756393 16942272
46839967 38484001
78889778 41105264
69844674 24016408
48637851 39500640
66276213 4778741
75873030 6179152
65096421 26333324
77705265 25186045
61186218 17353823
76906468 30424366
75926565 7115909
80402668 19102603
44529411 41832993
73528224 17157917
84510931 43226791
60984177 3787730
50410173 7087128
52727998 15348229
78456143 27887362
47620595 22967439
47604752 4327704
69241707 38146021
75915976 19897879
45639476 19120931
83197047 12459564
71751713 39721192
44295463 42202582
73562261 2165599
51541057 10048159
61560131 33451559
67656648 17716505
46656600 40686010
62581218 35224291
83327331 29835240
60242053 29843154
83205844 29063166
66686468 21488699
50366830 28307461
85340386 9274411
43743552 2434750
84174315 13150504
66632377 29922008
77816809 16498314
66867602 14168237
73693848 20678397
79454606 12618416
58589788 29476994
79044338 6340711
75121619 37571277
70946672 284523
59396882 14736565
69259424 3552937
61603079 2387524
69800643 12000575
76915789 15759002
67437369 38532354
50976806 14195051
63101343 34756118
58391316 35767870
69078609 8298360
58583633 17923826
56436719 23960609
81185945 11460892
47816844 19659199
86094765 34575267
71926755 17530464
62731744 20702390
60229319 10877553
63098960 34595302
58416436 36129522
84509734 41235939
61136652 20640896
80562498 21590234
78234982 10099601
63541575 39912223
48991184 8077865
62920947 19064593
59822690 28274500
52371285 25345517
50033986 17748404
56694615 8055193
43871065 4579423
80230195 22644985
70797022 6900736
81787438 10298491
69397584 27332857
56073851 35343613
64294604 24172042
79994247 2984552
74564670 13773864
52762937 627320
60741051 38087573
53372930 14143257
77110793 16092974
84365296 28329109
72390471 8072432
70600352 26170721
84330591 29071150
53919141 86916
86913484 32473269
57058772 13803608
65060629 27547084
77434562 8300196
76449654 42613511
60395769 12795250
60978035 29268595
70400988 18911865
80998846 15156450
72727637 26775868
61815139 31225920
48221318 15790068
53511103 9304803
78212965 41859959
53553808 17076083
77464534 32220329
78042849 39916204
46242896 79319
77271411 29702910
81614210 20445343
64354955 39267282
74508044 22255609
81390544 8860180
47793845 25535498
48453813 12010673
82957316 28111067
73509047 6322544
76866485 14535273
83139933 30253974
86702537 13148800
55693880 29060105
70955255 25150947
76441264 10283816
52899831 21987174
63771598 29467101
62531057 10287875
57446910 7493089
81978398 33255330
83935190 31213443
55067464 11601323
83727227 591616
53335216 598514
73540107 35809639
85681822 36929968
68085039 26535464
61175435 39505098
68985280 40464277
77626756 32639086
45631638 35540768
53683426 20227450
62113893 33057723
66890585 8484912
83323683 1194100
68471368 15007227
70000616 33978628
68822546 40107920
57409156 35417077
59436865 1974510
57662583 13747707
47426072 37340561
54856931 26965410
64754973 16288698
64359798 10106193
72156722 43023726
49184034 10859788
46863487 5386143
62902438 29499079
49405409 7342732
44656502 17359516
60000218 40093773
61815632 18863979
60002553 2574405
50980428 26967259
72980625 15151508
53691072 26117196
56289200 14726424
84371408 25576791
71579806 43231648
64914430 24747499
80410936 39340641
47845628 21421833
68799556 19840395
66449090 5922624
78839669 43036602
61611535 41087987
86660982 3145420
54743162 30865336
71434160 4164377
53915123 9433242
58239359 4550595
71534614 12799643
80231188 38318825
46292083 9448376
51373814 10993686
85913473 20254512
51604940 13203391
76526340 34631
47222720 15563170
44324331 39537809
60804246 20086169
78416247 28529772
77833141 17168935
62197556 27562319
84111404 13236058
78648403 25346827
71808392 35416538
44478441 460929
43906528 22645342
64512201 20448466
71601948 22375622
59769051 19877613
50356630 19103196
65457643 25379585
63526198 22415034
66459248 3545797
84884512 16949258
54910223 5555378
84138786 5345790
73751816 18651325
76657573 9679159
83970523 873758
75283247 17120367
60603654 29647334
79585336 20299630
57225359 27335050
56675911 26351550
63176666 7084465
81566454 37349017
45483040 21428047
60959728 9851501
68852802 42425431
76102883 8840561
49820969 41090217
75907871 13160321
73507313 1647289
56064985 19039004
79390810 2786237
72550019 25741523
64301705 30476668
80818985 43267919
46475031 18899767
78599226 20300977
79004122 22373752
56099195 26297558
46460772 25939528
47831388 38343972
77484541 8641271
81564497 40123971
77069869 14136237
49192730 38708541
68403950 14209407
81939762 10078761
71199375 41087035
75312560 3743870
72956675 12424041
70233123 8918047
81795813 15195994
55862544 2250612
57208983 42409885
57499919 24575934
71543574 19853252
82779788 23949656
58085506 38738660
83386663 18311584
67104993 14569092
49770912 18669050
78884356 11083489
79821943 27741240
68293320 21407291
86262217 17137669
55328910 31657806
75482197 20675737
46620776 28120955
68459849 39690651
44891326 25581230
59194383 33433747
51593418 21866082
86321157 33459926
60598678 31793439
47244985 8706940
75333818 26494621
57094583 8721854
51547743 15168425
59413214 1025564
64357217 29086582
83195785 17526128
62538578 19485951
64107779 11243429
60569850 8297889
53131623 5717934
65695948 36715506
80384805 34582827
86337596 15550757
76264166 42283184
66832179 33026611
79251709 39523738
83322872 16365078
55053235 9871578
80249389 36131113
63685579 11205418
74691087 35577042
48576541 7352565
73145025 13972732
59844210 10295918
66516720 7553791
70193681 29298390
71379976 43200646
51573037 37947061
58864950 6088180
45238510 10660044
66258906 37500066
70397549 20239436
77045652 11436181
67263717 29049932
67855637 18861273
84758660 7508914
49370933 6313666
66715174 8439764
69796840 35172477
45319237 42805347
75484845 4181189
68797437 22055686
56680035 5731746
55306241 414671
48227004 32054778
45297057 4721125
53532823 35556137
62784463 12767839
53504437 40635148
86853235 29309922
73751802 10050062
64698322 20222675
83560730 25967886
61991186 37926212
52330201 34366747
52774968 39515632
86678047 20860154
64562630 42820971
60038448 34636005
67440082 26109547
45881844 40680872
47630387 33608411
69769357 17508466
75724606 11281579
62970645 15517958
78487059 34037156
81391824 18499803
48028714 9490139
79989243 37156830
50581524 15505541
53764955 2403928
84717892 24210402
48772946 22053999
66084949 30623710
45844263 6738225
78249186 1046546
75333001 4953391
53298050 25383461
44323026 12779250
49635714 19889395
66687231 9833825
44296297 20467200
68022468 956
80647605 27672124
57297067 19650679
46311012 35412588
77490430 33620656
64168417 10289608
75135857 3401373
76520956 14570750
51913319 15735115
43902014 40822023
73742061 11053758
84138811 26143306
46862676 17364891
62718846 1990878
47235985 9641165
46827098 21853211
71014972 40281650
75937114 30470905
72554482 16568416
72008149 10483679
82726604 36717690
51767994 15356797
57628346 28667914
63490745 21082965
73922347 34950125
64919249 19094356
60806987 34160739
56633409 19465988
82420884 34942131
80577183 20643846
55284930 13967877
48225702 25395087
59834044 31838572
75548261 15390885
56070922 38954514
66320576 26134463
67661535 8495923
86672343 34393708
47466840 35347147
56296283 2020111
46069231 8728061
68061133 41433932
56065944 9875078
71733069 792693
54698485 2238615
75673057 39543115
76143505 23954530
43941960 264156
73360580 26146370
57469908 4770794
71929435 14722694
70764673 9093088
75137159 33200661
47207691 34956336
61785456 43185976
64328853 7905441
43902028 42094806
69217219 11467549
43884857 9481577
86647172 43235556
49253535 31627639
60947471 36700916
63133661 21599055
48802546 8141628
72913673 25946173
55861289 42679645
63929137 21463121
61725745 23763579
63513186 18514858
45043310 42856466
56452180 41876471
57029520 17919846
76875966 205261
54855167 22416282
49178736 8889890
70749653 37705088
44861562 6886619
56505423 28456580
70233913 13979011
79978613 14732061
52157344 680049
80624106 16328157
61401417 42842532
62119479 15124208
59847309 5908063
57691416 18677869
76117486 455051
48432608 7460226
59621569 19510258
67073971 5899599
76635866 16341010
48966534 16164746
53361516 39514472
65845581 19071267
51328004 29089807
