200 101
1028768 125770
753049 86199
722719 43733
621423 75186
947965 370813
740802 95085
794050 156173
867040 10332
709513 123962
720589 288980
979052 369983
567811 13066
660737 492421
782536 474243
805046 214528
984943 331183
660399 204021
1026321 420990
978266 32543
588213 44968
791710 266160
711619 165560
852735 441696
904515 184975
526003 420997
1007473 339977
978885 339572
913442 133848
672947 73165
802226 184147
811935 350084
853222 408089
639427 62854
937978 226853
823306 135754
946975 459285
618018 277357
558997 216956
581440 433196
742521 390771
885950 44776
568585 145349
680230 482497
730098 104
733456 198798
683340 351490
833138 246583
691809 377680
617981 207680
729508 453525
784444 316867
568202 460506
804117 245174
678805 207077
995848 389989
609830 81631
661608 357744
535962 392302
729992 423007
1015114 279400
527584 103143
986115 377951
825869 103756
743422 136985
536077 115862
568987 176889
546506 269209
628407 74246
629622 347264
906673 482826
794663 337246
773855 31356
792511 11143
833003 431282
529238 290296
846633 441205
844329 279103
703253 164469
946166 196151
691325 351426
957845 122846
886137 228488
525478 187372
955223 259199
774529 440207
813612 443300
648304 164832
702810 204837
822926 33671
711335 12340
846548 237661
988887 381502
826148 52769
999683 32427
835454 267863
580616 438678
853201 381317
539903 124369
985935 85992
882690 196149
1028569 402009
995517 320195
770592 471581
742551 316570
1006565 449881
883102 388471
865857 296141
862110 156268
678881 206771
851931 418787
802709 494420
741393 51945
589817 176069
852909 41720
945117 54243
1016240 409160
568723 216776
842021 41937
621706 288469
693663 93774
802745 135463
601252 379497
713436 52451
1009144 185064
790996 94640
943999 310195
669302 504839
754030 197696
578220 482589
663030 419193
764153 208179
652109 62968
662440 117004
812031 310779
897063 122863
631650 463000
714068 239407
617464 235671
915724 194967
710533 23478
1007842 453199
791598 400265
712641 276988
680795 248678
650633 463428
1016856 306959
906749 462379
856859 54882
824829 290098
822211 361320
862512 82953
947160 41816
926021 51737
811417 493285
905460 338186
826066 214461
742538 35296
772515 197859
821720 164170
865870 429867
872498 481297
917032 503488
841719 133742
620215 449891
529520 167361
883096 411994
813445 227181
529616 184143
845968 147086
986829 174442
854459 174634
954420 116462
904447 341612
641946 249802
903714 380717
792534 398261
917279 74664
680514 41554
989057 32525
550446 340112
569636 186999
882703 503595
648690 83366
760605 43043
997248 134338
597985 218201
974736 32932
915649 65148
754866 94455
660033 132658
754433 461090
628473 368796
580648 30710
660721 256974
671210 418348
802802 62669
917565 472101
753919 480897
1025945 23259
662914 236361
