1000 997
601281331 478471300
866591232 450345319
722228513 31141437
820880800 404579071
908275500 33041943
532318208 155368851
819655559 467212394
674682541 258860394
760057691 322251550
836835640 344961143
871550303 456552550
764276983 236072752
603239694 398986866
541668878 125332167
983875432 310257650
760166636 313598379
661953807 84556905
693710404 201214942
505630283 340408050
981019586 284629785
647997100 22926070
541515323 170986736
972711868 231773719
658891111 261494370
978745467 152312883
656828543 13391013
688511226 380051657
971808686 483515351
965926091 82525136
852684137 114750939
601914544 22908386
564105120 410685451
582090222 126418624
766287966 216779902
538439611 250515448
595259699 266756622
826960217 182924597
712699217 110742790
740182558 255622288
745183721 117629465
913202972 142429902
596039206 203135060
563148198 367109436
830856506 198271793
699540998 382964795
873513563 41792669
628082650 387847308
515691993 356240101
635163578 194178857
642970254 132213198
671705560 455397854
650727667 9189672
732386792 138511395
911093092 228045249
983727556 352209428
511588370 224939386
669696855 319515613
689475077 188880819
582083392 393813457
980071649 162078671
882606098 48116414
783844330 435549504
668861277 120693985
974987019 350918399
531791688 424665293
540387841 480374819
686613784 102631658
862796615 365147285
983062782 290517087
655739852 207245475
831774999 274405538
819762225 260861411
806846978 367125386
528502437 474626199
647891323 280725713
903357334 354237464
507582193 66686475
776156206 298375614
745175554 113655216
563323734 257877322
812005411 348361778
684680647 281760664
907088120 427600650
987577116 336244593
869406571 61707731
654701961 273434357
838849778 203223747
568082258 80902708
712280692 304518045
833903485 444582257
675458449 14395733
870583046 234706780
635945939 19092939
562141077 418871824
534438839 212822047
714538829 414670284
927912511 237036874
587238587 476560414
862726799 364098754
920145145 26124694
792097213 424726017
676641495 361856595
581449965 307512853
748107690 66047291
670687789 90535929
971128647 493391845
661780475 328420008
639048806 237901327
676698628 89684243
972760741 26235105
683454410 25246255
956202311 247915082
882608166 241576101
753113842 15927520
682623699 55789417
632733910 69788491
953216630 403701447
776001766 294490089
884447510 413008433
520667101 4058001
775109282 257645096
793771065 339202677
795063368 366900426
640967976 367821399
615950422 136320213
889356722 281361552
950091007 484315171
670546258 220116849
958989202 262679683
949109862 211777795
967677861 115375055
974842641 60122137
784127148 267681725
880433520 181106167
592951504 318502662
779070490 254794556
622050127 445526422
780040793 362111829
973720976 109673157
944856417 84751464
681707582 446770090
512431075 198089069
548582870 108557579
843600486 50181028
750164515 454558370
651658739 126301027
600312178 17346973
974061892 282508277
757246930 346240646
510893424 291377287
869686612 308291596
594203860 340023293
982985030 173450253
565264631 31864522
712254583 352350185
589165101 378013755
785926844 454571291
497534734 242861260
610082980 60719325
955782809 263442528
568335682 399968859
581389117 216009086
976785727 286448270
499702270 441536680
764194408 405682406
542250304 70971934
763974030 69959842
500610579 381168405
618230302 354334859
954925560 102731114
980896262 492088571
716467089 468361733
512550713 28169628
902532025 220939444
581150272 272812525
619815793 118702113
499714098 486475531
917121284 477524611
583039460 163320869
872265293 53862079
715497902 404850145
637757839 422497084
664643949 219711885
871518483 238990232
519489416 80869847
882648901 5354221
687733484 95515728
856343142 70885162
770165228 117567404
981711782 472218432
737161405 16055741
892489023 334022220
605149824 206942489
514646142 22306138
849539692 19131818
707268329 213127894
688377502 288681705
704375399 14945421
734428876 35271340
708446874 184142210
731372857 278702799
756989081 128307405
512595102 141186337
882371897 228945139
739103970 478599141
539349711 389136519
875640813 259721652
696638379 118417935
690525119 493269798
554483207 323188996
525510621 408938821
740356122 316177708
762200258 322102788
641710621 120730013
918328278 321336432
852438893 154186263
787987625 302434221
980893099 66036544
779954842 107617290
990734599 264860354
516871584 391025544
743057109 74837308
724227383 262774474
581235900 371125411
927048210 286278914
543613217 374768419
614256343 218020100
855500535 16073944
827938384 127662275
683388587 224703344
751243429 75998724
673480373 188214154
724172718 271860065
537307884 437527604
519797747 458524714
575113979 70954610
835900737 1288561
692358554 177108378
831970575 66041370
741519430 25939439
686455067 313588420
811998586 301187147
908058619 355017830
540498592 312375327
698373249 220758741
496714288 251523549
960814608 156169368
566456278 111730001
681806402 418509964
700660306 212729176
575190913 289542819
639864193 445690101
797776046 244662958
830708020 492075764
981614851 44164311
665658013 39184495
977836183 140276174
904407586 10369880
595045156 211756092
952201485 53944696
635831612 141639947
829549747 171375704
908220894 49003897
866428651 53904932
847793633 175185285
918168049 309510017
586970426 240802456
785156005 103824602
700765335 236726096
906186065 281758253
952222678 292698676
972891258 21906499
710492778 409793239
983790304 373061634
521412779 288483370
856769876 364987797
549560178 335112876
919220803 216583
620766763 50168086
755241379 223095901
646952190 64067234
555532365 126394118
923173845 360172616
579065380 38152602
909213776 170280962
503788607 188087410
619040173 310327615
663881900 249987851
630973104 172275715
790802183 221969343
746243494 351962216
557317531 154401650
827950224 130608465
750085803 288531978
612012033 286418544
789037619 55914181
603940607 33078686
511619318 159300988
555233928 383009738
880463377 181168910
593029397 286566069
843462674 471205366
565138088 159426521
802815233 178942797
593311417 174326768
817969345 443421904
811862628 94869864
663552318 110487979
754288009 18267054
751354029 122532364
751402702 466194629
612195789 7272189
686725234 235772608
645904963 127367125
797818088 162514211
590123885 466377984
856585121 393788289
595101301 121556702
749348784 470310856
917084976 130549246
686398150 305519832
882573276 90878601
786843169 100544918
908191145 191076319
868275238 245856675
878648059 366112840
675442480 333138593
741490444 393079525
682834996 76706468
569141026 178190170
595069042 37245971
717518669 85611871
766340636 72950793
771880126 404980811
684526762 280677843
702735410 5458809
845760903 152284873
621787812 474309233
687461045 435865959
741132554 249514616
607848859 439664313
869678011 221846933
890403739 263647112
547388557 160378471
599131961 449394206
894375462 441386862
638963923 28275259
989893281 369194394
562551953 461591307
721180492 481231257
693332649 199981648
927381387 29829497
986607878 297322560
805645663 125717010
977954192 13962065
585076463 347960316
719301406 74918624
897464038 425453120
525406658 311581639
815627355 452742860
983819557 134617099
849426597 371128450
649002995 87827178
664622044 163406413
940959392 284629746
713495952 19897174
840648077 489459533
826574603 360182441
960810850 481366696
938228491 368193454
500858724 189118126
861761553 154216388
527627905 172079325
570382219 281450492
828728125 43843406
718641474 449597265
626123586 469337064
845602368 405862929
503913564 247756683
716329141 57014459
679453111 168412716
503769949 479460587
600263558 78013621
965822425 444669072
605862593 445408168
982808489 466207549
883653686 454539346
919360217 457465700
541647161 141354947
590110146 180337379
641088685 267519231
697581462 236901424
955114004 310183878
953069815 448482743
538722891 434775856
870421756 262513533
779287725 184131047
629889512 480186455
533473268 189957616
527773727 16373191
561278902 41852499
566190933 440367384
938882388 332188681
974073580 259566283
904197919 272489159
668956825 203193941
728234666 98844746
916082451 424687578
535577013 39972202
861476790 431755167
947802692 362885258
759320020 2295248
676898043 483109502
780243959 173314573
852709056 354117590
720404171 100400301
709393382 52883272
926065951 101503791
572220066 378203374
946076856 480173171
942006136 23173462
646759747 405953545
583014325 371210445
917065341 278504293
631820504 327424042
787984490 75993397
978931072 438797030
500735269 482542117
716336470 61882966
569162918 25991959
607963436 291387486
782217256 330121798
891318596 393868150
844646351 184325547
576232862 79021702
852572314 302293709
963109622 281453186
788066470 464544453
645857395 286479394
913313316 73632580
566433323 364095814
795966498 83840772
861484584 196918855
874521484 313307257
892425554 20310311
706476717 464213496
496987239 193204959
972907277 406618969
736408082 193039309
516681914 428778114
930164953 309275464
677882824 400676372
685540787 218029283
671929087 274490439
807770911 362854247
807650576 51153347
789127175 329511812
928967657 25161513
919099196 34071521
679608587 186875902
926191947 95870959
962152620 30973069
844733734 439650448
567271677 457450729
768355794 452313233
960737912 229110891
842892701 20007096
594285576 167191231
538641724 300578740
601001259 427823909
537555416 335423026
946156828 433746193
496531624 202017571
837684108 108397842
508530453 164095718
754426464 381888113
511560244 12163635
496700231 244954424
965861387 369120766
885255972 437487776
776292038 345158802
944893347 257839471
667899887 79779282
849675221 439619500
624754640 436501834
575335772 42790469
826973322 340438918
967925423 375912124
747095819 155195333
570231968 234081968
633119432 431432972
750022967 159191479
738265156 420667486
884317803 228677159
719492865 65617645
707685403 175322521
965035916 404897995
919287755 250575152
661568126 465550324
633176500 323369298
558628764 44777693
509855596 168407264
825640588 348358946
589031235 439815873
840847793 134540291
961906556 460369172
904332393 236013950
500740189 278702459
854688950 88788077
946033893 133442939
644770717 289553001
692415070 368200368
569322449 165250807
732190455 24084552
943155527 181066402
511890391 318496743
694479018 264557431
971932108 276556144
599218689 250637228
507893270 300489920
767362573 140280900
841458905 286575118
617976201 80578830
943958145 324141102
643872543 183095340
933958320 86638496
527739693 330377000
621803771 64850141
937136114 201859902
666775515 65063691
864460696 328417903
793187938 493069476
981992120 65010515
971968175 441614360
918280673 415578615
942878695 232889668
646666869 298300
610299225 484296178
644623867 101447805
741454457 419927609
729128767 407657661
809959585 81515171
636102920 361170487
772145191 50738433
547605741 347116608
775210137 261670054
660544218 405779133
817773062 385099331
650842371 49945122
618206457 179086467
842479504 416580784
920154754 380128308
620840538 478306776
589101878 219775968
565185855 342079938
783032748 339398847
863539152 335279247
651846479 193198888
870418797 490064648
938029243 29299026
651902332 330074799
843857482 396922962
676912874 37991126
931203968 376099752
748042825 219987127
590122147 444800764
887521306 250626198
570169159 113812610
980061807 256475643
812871825 34090862
941222387 131686035
758336878 425577518
962784496 488359584
735107914 431676374
868308759 73759328
984673854 385019710
786846968 276699517
709322252 10197377
505871333 228922308
567369560 164401480
629831788 11093066
778170250 392704828
943933305 353067658
708699057 279710506
919066405 265588880
745295300 453690954
912125074 249520591
637962100 447491800
937288660 249526195
582340660 170346697
802801155 472487291
895126074 13945152
875228403 326467112
865702749 414585728
549389529 180204145
560138189 70708572
792080289 266613049
918967751 195993401
734560416 471494731
568488331 381973101
657959116 229808785
982740564 282652576
555251871 70026420
531328726 169040793
937105830 357275195
739491674 159074418
622748085 314192591
682525937 119282481
733301435 350003295
606119891 67974668
512477834 108588477
966175629 257705631
526489580 212201687
533397981 71673581
665590764 79544700
617859620 172105574
632903218 225722833
957996974 299260016
645868134 13409741
537466736 117505550
788880805 135494791
733136844 288642651
632069690 380905174
962730066 115480599
720355199 336290270
520482639 327325538
778133502 7113954
842644293 197247949
612975268 112739154
654867458 56858194
816858013 16006140
746059877 215095004
801087328 303364256
938156681 444507918
798070349 456331990
558144290 278745329
834743859 403800965
854367121 83955424
787016774 237754779
779266707 374017632
979612999 292627667
579296866 166195403
955181543 285350728
713570411 143178572
579153891 356260332
497937487 276739601
863658887 207782108
922170853 340434935
567329675 251520295
598171947 490397645
709540662 35023700
983620833 490440448
781081489 272831059
575472158 437460001
560306752 69658410
616093694 432500846
839916218 30990873
725541613 488418754
932341169 479180286
741431556 102756300
840916506 39261190
940032024 265488271
953841465 461267129
559152360 5310385
929384027 256469362
549604826 300410417
604171686 270774500
989851214 491386680
888293656 465209407
620099865 424927546
973741977 321202759
759072505 216718114
525401668 356233267
673718369 105617344
505556632 325082197
906051299 123634146
639971947 75861885
863383948 328223478
955939371 310245932
984852322 11255565
986772668 454438056
700495984 225749076
730279202 208954379
591016161 476175561
878229117 365008701
886503368 14360
507838428 443343407
763019780 407551930
690522845 423552995
761140315 114545568
939182482 329109988
827830971 348118502
749061808 101625606
851822735 258895344
557274042 89515015
854643103 281405466
612056176 237891567
857349788 278343627
624926506 365816561
965078902 428672238
703491715 356079856
703564866 155489316
978023693 341311026
838687001 309604439
664636776 478220514
975651899 481888
520584282 425647536
528355880 258452717
601275665 392810493
865625185 234727048
658005845 12392065
812975308 142457403
767972072 168215912
826825624 135640226
707673222 302436055
598947409 422542953
957932449 78654612
850793851 119335316
797980768 236801802
512781721 310312653
859446474 296625846
654652114 236710985
647935219 317401208
890293713 74559988
558453111 329062882
801796968 443797975
620053178 216809927
547453611 219095141
879477361 194852785
982044937 342158571
530765520 52768557
797013488 335088927
584053512 332343224
733421668 379029561
716530574 227930559
503895451 40884205
931286411 42898407
686477302 490493285
534554260 404983467
661588987 195852798
560313665 290552042
598233707 338107808
615034048 268509348
605866598 105536826
899272889 359922055
799683711 246541164
566239926 184012518
873238174 317281341
508652031 377996605
984671667 218832866
639716765 216873460
754212214 8394853
762096572 150176565
839561624 286506906
610046010 377184383
970711639 281361781
842721053 428500001
521598292 281333955
927293699 35896216
932900469 127508633
800157135 463690842
584163794 456584347
596381170 229851688
632750760 299604551
847468773 245853389
599171679 319335296
647619094 267631963
871400669 272485575
837895266 347033943
587279391 313252866
710558506 127575199
889418221 366251400
706610752 25205519
584002670 273842481
974998707 257631924
499567677 156182461
648689872 325204818
957226445 316251653
932329239 36867348
946263492 206170971
902374409 89658617
597264597 80903987
552182076 82944453
643748723 309192823
930947266 493514218
868532079 221924535
565546086 213903744
649742815 297306757
581241698 413607704
586184737 186309773
551343931 337010314
537673034 420755336
579257859 462647186
979866182 63761514
933253681 221974554
812652577 268522047
990914173 468355907
699661258 145294100
620244414 229689167
939141988 240841558
517433533 424626763
935309210 169448580
875233035 355945113
977975213 427486933
504855456 115325280
919252558 387686747
669841385 387140360
529771625 101705207
783785204 439520938
512843596 4149821
668490377 182961523
580348404 64023712
728358314 154162613
751126711 216145063
718411254 295533906
907444209 427904877
560189916 487335659
788093419 152290251
642762769 238676919
604995481 42806567
776045845 58139197
631037972 422595424
934122984 11131827
744465494 7254622
757266311 207967555
604944632 9262593
840631357 99878811
665888044 110719277
679772512 209947726
597974509 271431396
561237123 481289249
600904450 150203228
601009132 187305812
541363736 126365058
694682213 243551209
969011748 419693598
548588956 165212009
636709958 89806000
580252698 415974382
546430359 163301949
576218816 276708826
501608271 164356518
987718616 473623300
709429092 411599955
719413936 464322068
497769993 239809611
641995175 215028126
591998550 287539848
571440055 138308324
645860243 312545721
834769029 71782006
693344634 35126575
880405355 308354472
940063166 340021133
679429353 93795799
880267949 304353545
767368688 308528636
664941167 448504881
501622260 284666807
731577602 18910584
865398577 71843866
568218731 274816141
980926945 263788691
820907451 58646540
752135758 312138200
542575048 137559199
705255829 337118776
865448380 320286667
612842476 243783847
740451516 480384659
854512437 446312346
785148414 374960130
689503972 278494188
640787675 230877637
621966206 183351381
605343319 278771538
531380981 315371072
898177895 238772676
906210065 298541745
720173692 323442213
662773342 141210279
777239038 221783884
707481142 321394010
822725377 166056458
516530461 133604286
730417873 155295714
741113880 431464092
819823703 150141567
959095999 38032633
782118173 241655327
936146729 366168333
835796050 314414143
539531056 53901299
899451151 193921926
684781307 130388031
733549559 61961789
650047795 157468255
966153350 24099912
868601055 100749202
591956539 257736942
870685887 53786296
540346683 460377892
659995614 241889571
803994575 115743781
512797681 17225596
926994355 343338198
729366284 68903881
933343073 333476751
643854189 197881919
580417227 113369056
790903979 441412197
944936243 383705702
758112327 106803914
742086938 339137859
987990997 314495032
714528531 205915560
514621456 88840789
651721458 77912818
839480681 49139415
941865755 424752211
900177037 414824819
548536224 489496123
789951636 57721582
721506554 330218820
533749902 3140717
819047103 144150614
827631500 401779261
719562782 35872457
702281778 78916746
657984676 140483536
967063076 75024407
589997219 384929744
551638659 485465506
949793551 327300335
707241528 295596982
594333483 257563987
984062466 467610230
879572230 327171577
673688421 275636899
936174686 344182689
795094122 381146324
703308608 16025854
505886593 112697370
848830771 473224447
511782028 455578441
808988715 376231116
679418218 298695276
927256463 118707188
616935252 159211138
650936205 214079865
988770483 61668465
758396700 17286011
680499982 40953844
901099504 142173458
587442244 362077728
762357582 364992924
623809864 235643233
764903318 35022838
627772612 239988022
679498148 111499729
974671000 121707805
574304615 318458820
826831897 410921873
602877906 299364341
555584799 185984633
922020120 351259125
862747730 233091841
696637530 224676137
588122225 94434885
881571987 492233911
985785320 224770059
509852685 231077850
962704737 2984029
923093025 353994029
892406504 41979930
781170104 434662397
636785605 457640223
984581136 252873504
824675483 77943733
970798763 392845251
906076345 169127271
674714268 161457645
499653178 470366923
902510227 219736217
685399117 22350759
595312398 294322735
734562213 429808999
621254346 231672228
905346458 395966580
701577442 420786189
726196465 217051285
868517501 138239095
781078550 361201285
626004026 238795860
741290271 424472800
600190886 225113743
710654313 360868462
868530401 117321300
888558267 141233490
745204189 433854898
