800 701
298125963 148636795
292701605 171681976
292777326 49738900
225339168 122506068
334401305 163234902
301037984 33067141
244488996 142244276
228454857 64456461
189521566 2064538
300085288 128796358
278931094 16217157
336948930 59494811
189017525 8572873
173316356 123496625
271030348 131784828
211249015 14923728
206207217 140053635
283881827 153066899
285848020 137695488
272498283 7420088
239656855 46261828
207154356 60559522
332108319 9419400
293303893 54781777
248636659 8534146
223522258 151099881
304968470 53298552
294341342 131231455
216490523 85557919
312847881 4512529
196417363 81717852
307412749 47846858
334056561 121900472
299612200 9016580
301146493 72943500
231250770 114029065
297748067 125856975
222390732 10870412
335127745 50364148
208724679 158271372
282389930 96473216
288821743 145022189
219528616 103303693
250536643 86501342
240585677 12320906
220414396 10932367
316914742 89934986
176401623 123419656
175892629 14809469
268657963 83089577
341862121 168648884
333046964 139258106
258372475 42825622
244166411 76663780
176874071 41396303
284411489 94552993
238129471 90957712
264201730 139112270
292766698 34629550
253494183 90418574
254051953 149407777
240118832 137282037
222013405 673226
218455094 169577136
291799531 148613465
224375882 51257360
198443058 160320875
199503174 150044982
211573577 59020779
220955148 75256602
290665108 30007956
228485793 11363428
187712958 75685719
237626101 139597214
281956158 2010517
283416402 65086466
195872671 10004028
190051437 133215464
228277759 167658396
325666780 88652980
324132329 53784529
234848995 20844525
217961159 58504826
253928713 166327315
208790572 128406507
210720979 139752111
337503140 140154643
339368703 154860766
210732409 84547079
197496864 136347589
336408369 1678448
248562535 8449915
262332174 45752514
216964184 10334310
262354853 144096889
246566218 46887375
187681253 133265955
320182111 137713155
276581556 34048555
287401952 53672285
315759502 76671517
274542954 38401654
304449182 42391844
330505784 70877645
255981898 94937945
189986245 89183436
311368004 126319604
270179995 5476554
203333997 86239127
186224794 128304192
226913538 126340717
240752797 72927421
316338798 146975251
221412139 158332177
337009632 35517112
307440774 171159198
248482765 3465211
308429406 58189613
204274154 14977729
181809709 114507948
315327715 3995176
234759062 105823182
215651422 21167547
225000568 105204272
283432935 108669971
216118815 165256095
327106588 108605566
243656933 60476269
290706515 71426427
273567225 6564901
311308342 115621164
310378082 95012468
178259365 55149163
199861098 9573150
193036390 165145964
337089699 68483817
274548670 143232614
203800049 39400530
337860818 113147171
320260253 162804794
206362374 71793867
294707390 9908701
295132862 45436180
173746107 38933850
215634549 167721306
221581573 72969913
248934730 63097975
243134806 129758112
312797261 88065988
311327136 52724328
247986233 65074560
323785345 16300652
193518505 91429367
322630958 45877015
305996095 133680077
246962721 151020652
217625889 129896277
335396627 144152443
303657001 110223363
200942937 80227661
223072694 128467467
311939267 22786033
248909373 5521799
216639644 21788547
304591938 140610289
289873742 25255208
238291448 94011415
231437229 152476770
298232695 22275059
279941375 118115298
287238625 33524854
274954447 118442491
327106617 69391325
180770345 160782250
232758359 29523409
252527238 149604616
260739627 147642067
178169352 3453931
257358520 139150105
224492369 105235026
295743428 106355061
284382207 104284583
259396340 124499293
334602560 46824128
180146155 60173437
245646313 91533875
332161735 148055458
223508939 159771545
301610102 38081182
309524310 91981186
269688612 38337803
252842823 60942471
182800165 106227085
339873343 41021259
296676195 124358365
304605927 134154785
192475485 5614503
326135083 35520506
222061341 137731201
288209566 54596722
301119144 59689777
338387307 69830119
337843891 119138657
329491627 36885421
323756607 50270822
325296742 6612700
321340435 72841705
194928875 131331768
249115445 56026882
196953445 83573254
231336025 153830381
213674525 78376966
320851597 113661168
209617765 113644172
242230339 63907637
231770877 35444206
335046926 167797996
226803571 35989610
267799345 110579248
297294472 160925135
306930527 58199979
268102233 149614540
283930182 143063151
238624603 145962551
339405269 39532958
226812477 166614654
269540078 35974213
336980492 79791611
264862206 76875906
235314328 144661988
221046054 129270079
329636531 144142581
177673084 58058511
180336421 56602556
218589679 140241624
305428405 87117686
219460340 128365090
293312405 168589886
180099464 60110917
315851481 36504841
212605245 87174381
294209514 99403977
301043661 120926091
309838851 162782039
188489628 59597169
238681064 38079293
220951628 107277177
308565312 6525651
198519467 140253560
193512273 61497443
241602121 2037821
303058103 157822055
199302548 33106218
293252563 107342178
231913630 14758917
213231458 45304264
302546658 70297905
271121476 132718971
244988790 155882843
211234095 78814919
340377378 95906251
315765335 94425421
253062246 70490701
313430102 64421404
251097250 131250524
198833006 132423241
338389902 106662273
248974102 52172871
192990855 151550129
268674143 20686581
342437467 134721968
185533556 131924837
306010126 115120382
281886700 3941944
186179271 156340118
206287301 117669493
307423935 88070195
283850122 79767699
290899514 163173198
179645688 170707580
235860272 52221011
338414679 52755340
332940388 24620582
217506727 129744829
266607602 38995535
201737838 64991164
285421864 21283767
253422432 38082624
207195637 165781852
229945952 23290154
299144398 47878485
261303226 145008417
189581160 18676816
272020686 71823971
343946347 39922052
297295924 68856673
197336124 101751606
316755110 41477515
294117742 49327410
212162978 18349656
237204957 45796353
211740554 108664186
228341632 136705860
198779531 115076264
216992824 37494708
294135990 107841143
335103005 105311541
194962083 28118119
274975338 95515720
292231403 10456293
274998622 105659764
304574341 81645513
259322301 79636725
229937687 86014429
337462766 85170892
343356677 1572687
259816345 152472682
176765404 61597092
263167683 6127690
178676250 98843818
276623678 92881392
285781352 97380122
209778179 43917686
223020715 46796794
306495855 106164689
241114293 156942166
213669502 4563618
304662000 51799126
344300340 124525723
329526559 148919343
313901964 63550725
237183012 170532418
173233821 18852152
182145498 97939822
190462899 30177647
239268040 126514596
339046313 30137685
209623476 48828499
257978269 140596352
283976361 114125874
242023696 35915786
176679263 126460629
269707378 47284625
343312618 67482592
304922838 100474504
198417196 34007951
277561615 112261879
215195597 90506245
306090662 25140787
287233912 135347954
273141735 60145426
280014238 8001391
301702420 59087434
332502202 73444688
248500979 26073156
193395237 87091769
266339086 106849429
287770674 164178557
321708521 91548070
227855832 109269392
336046601 92392119
246080219 11460783
276121521 3457664
324193945 148099080
204789362 75413654
302530452 70981297
331118736 159896269
259836594 169635949
295694336 140275142
311045328 153331994
199359269 59646887
188050622 98964471
201910786 58666093
209133298 117190413
240142206 131857011
319895693 155393730
234686826 34014226
243157142 52731425
279095848 34980674
278547145 65009595
338557691 52097225
266277472 134311018
293750383 71913821
252537295 139567932
180729530 86066915
314274867 12003277
304614996 51823644
284829566 83119881
210731739 167216873
189484230 82022
311437173 160247345
282345158 12951756
208182849 96833647
292854453 47340076
341461129 33546671
300735905 139150938
242678392 141731758
175343195 102710584
305965376 145608471
300087393 71315063
293289860 25560672
255888089 98517205
173245785 41457476
303539257 159839543
307509487 157384416
334922981 45343498
293154689 17926244
175372627 119458815
238157735 27666636
225344583 28012759
211761536 126834263
232208149 164154158
271113575 129324282
311904916 140699411
172731118 125496788
193579435 5015126
205722224 24294792
335398709 63097935
250458014 71254641
270542504 126445193
311873179 53626750
181281081 85534061
239295819 61622313
196866484 4646971
201332047 146073734
221936501 26181854
288395530 166336970
230904168 162270985
186127862 38541693
308917754 29979769
324224799 170583561
240552347 108290528
329107996 112535916
200393174 136350389
194555388 40498290
209779123 41383738
239773387 61623844
241531318 136700207
225425229 140100060
315747776 117974223
200969675 171606323
212205838 135350738
183262885 140193197
176201826 145998199
328034178 163300282
264833332 22612434
331583945 8382867
338376854 99926229
331959080 95833125
191023552 2007802
293183361 148622536
256970404 159918463
214735667 142055142
257857841 49672400
230957520 22623588
302507091 109665924
232684954 140695652
186200234 55640676
323155818 127861023
318893770 160221556
284977385 149957449
251585323 29116868
211158654 147478614
241268031 161892583
267213993 30524353
214700647 129413971
275545506 93456061
190054962 134314727
217088317 121932704
304505711 109665425
183116981 101351353
231344420 122047088
310383797 35940295
317700574 102234545
271144665 158825884
209692673 70333080
185628982 42813028
326665132 1570268
178841738 115482924
303960475 124419964
334995170 14415692
219021641 44754962
257748512 67363643
172894290 57198235
298084527 131448043
187169625 162362206
304959454 150458487
318736699 76734497
223911117 1986946
287868235 88113096
264368794 101310910
303481544 168761601
254367449 50772339
234200266 109586164
331506861 109726144
286938114 155933424
324229786 94454853
310855635 44391745
285328470 133819023
218543663 88642925
215037125 76327270
216528258 170150513
339828659 38041472
254915644 103806420
320323835 148905753
331008629 99990097
338416538 44808663
199794539 94474599
278397614 118097717
279053070 43282550
335024392 111715180
196043473 56230912
326633602 104718209
246606659 123557079
180622313 100949172
256840771 138624955
181326129 102833415
248563379 50716159
305539033 169746450
221505859 137593788
302509277 85535435
263850047 33072059
268264046 105205494
178802391 62538426
256502889 23810237
245549732 116506289
319697984 32141073
175907982 39841340
338864562 13819689
238329444 23206099
315433082 48788311
338972622 50633527
200274295 88491752
291854693 15746834
285822772 42299221
266634167 134169444
182154621 26145225
320714217 128975695
331496985 27576056
296562250 144559573
279388361 126823702
206260031 98303588
318832089 131413002
327548472 114583406
227981836 76762369
185151439 108159504
174347486 9089429
198020297 169180210
213637856 168302533
225325129 128280376
234691064 95477030
296569818 128909107
344306511 25301405
295311575 32008387
278974069 12832664
311903591 16356777
309344274 6534337
259812172 80281504
236827915 136764418
321864550 65520525
181151500 51258847
297228777 72961521
324744547 107727072
279412699 76295541
333631092 164192498
233739795 101749069
251550094 37392986
173442696 121127987
218582140 38066633
342460644 132720593
195079168 10957535
337569127 38898552
250553327 86139203
211595317 58202748
198490655 5629239
211767750 35930539
243617068 88579928
219065970 99926239
306616503 9865338
335583230 152881846
310537211 109738973
279485193 46815157
283811515 47667597
290804903 164273162
195850680 59686166
220423648 13348032
316864401 1026990
273197214 11397133
297058294 118935359
175351490 120604971
273572724 139251011
331588983 170032685
178288109 156899429
256981613 144608625
253840475 167147953
227887945 97892739
289898962 125374825
322296454 20776287
272018646 111263757
182131486 35595435
241168249 11442555
330554178 40425447
267162672 119056618
340894601 1565618
280920805 86606590
250513498 155844265
260389878 171064658
251381103 150399712
339321853 80808053
281431110 70492086
310432885 75340804
257492553 13901621
267282152 6483022
198973760 105260160
237634047 109269952
195564793 67857006
344467634 125944640
264265039 56693391
188697220 118049882
173786014 14961452
240167945 119918841
208826975 6412990
341309174 137748011
275514394 131783301
285842975 160850972
259814139 20803203
205366994 80161467
296695167 164846694
276093610 66967262
282491728 20684560
276973397 133770075
276086663 152576285
231301612 1565452
304553620 76270255
319807165 60471908
188596053 63573313
247073491 123437178
320269729 131391471
184124454 145570608
227319341 160386781
247565153 142212054
343930041 76829802
204376349 100775887
195086164 167730018
258756376 125987316
242588747 69906578
269273512 52258984
258905171 63021364
242168704 95928494
338886393 69829679
192111515 136215615
183656059 73378068
340918541 1020672
214046063 101877061
226872940 53617519
270080426 123542348
284464077 127941723
330085218 147442837
234834000 548460
312839403 67563855
264635601 154514689
202291543 115099329
303470410 52134964
190430609 60939403
255439467 147158373
216492399 159393703
318891626 505019
259252914 19867077
274518329 76385310
225866150 5033253
247513970 87968810
310512034 678163
173320075 131807696
329525805 50136321
210250631 43783257
200784495 98344894
277075790 6472482
227884936 22287798
189446469 52255684
176175201 113694123
203924922 83743137
337989696 147097947
189149861 157445445
291682379 152890543
218160135 147925287
301110742 158315983
184565493 55577678
278574263 133184002
211108751 17442315
217143726 68832765
257256322 65917973
214156654 117459660
316939539 126783073
259914406 144080353
293621938 105787494
178696592 58556189
188660741 60490213
233271591 68898104
290200336 22278647
323647482 127833789
244153373 147614823
335093815 102931392
274529009 25098727
211774599 47203510
192099868 159223062
334448408 104826401
248458116 175544
276111688 167801946
213191430 90981413
262728366 145966498
340428515 62507499
318405887 27089626
245585210 156419986
234255024 23121312
268096001 112703563
192115151 31151282
256868772 130230618
228445223 98368724
178235315 22690314
248038703 130415702
228781059 133204943
279505453 123958673
201946876 97435813
277918834 138155433
301066598 16914044
232340732 137150020
326634877 30487238
195443436 92589629
184643157 36563508
232350603 50735627
250011566 24313577
217196899 74876251
323246226 159874577
254513430 4005153
225309103 77180249
273002129 36942763
292353390 146183157
210599242 23676303
334445431 145487169
211776980 1184044
204765361 166253677
186583487 104705698
307904790 74919527
275519475 169043357
330041840 88096393
207730660 153887154
318803998 131744059
191040537 88611321
273042074 115543353
219008295 149983886
322734023 137726972
223983445 95078740
314958396 69851336
321693786 73800207
317785003 18745064
196373912 3179350
307388497 167111624
193047678 110224620
181771292 25158964
267290529 48161618
182150548 18831052
195891358 97017010
215514673 43329682
199355967 28115117
315318758 101304540
319390170 38935092
204902200 125877411
289774364 52274467
189651154 171738790
182654642 90594449
214125985 2609853
300703010 117152645
228501182 144009486
298194153 80316703
186099137 21793705
318766284 147487919
338028312 132751991
290340011 118604385
307991106 136195230
329191565 30563856
333923406 48892242
204416863 129245492
257905353 167246160
187495489 115682727
288808448 132385479
264365904 58631900
220983052 121572547
213093293 151852762
202308358 149039707
315873333 30036543
211725018 124077830
207317900 143998913
328164596 120094795
287389429 30043688
204794765 162655189
246146803 4111479
299608572 133707452
333589652 120571313
229744760 124953306
188047834 72431163
