100 79
3531 89
5923 265
4967 37
4471 2167
5650 254
5213 2791
6156 22
5260 809
6227 247
3775 1896
4554 506
4870 2063
3449 272
4794 746
3605 2957
5824 422
5442 396
5503 1989
5500 2141
3694 325
5201 1593
4169 2011
3442 79
5193 238
4739 2874
5495 1274
5127 1196
4895 971
3935 1981
3783 1438
4477 2165
3675 31
6140 2155
4543 2064
4327 2723
5747 109
6216 193
3842 1034
5758 1033
4076 641
4952 1593
5018 1126
5912 3033
5820 1061
4261 116
3306 1185
5198 489
5676 632
4106 2853
5046 800
6225 2789
3382 2151
4476 423
3687 747
3374 2406
3856 1037
4954 1741
3358 795
4101 1921
5923 2629
5654 2616
5189 168
4421 2167
5364 2561
5129 2383
3833 2531
3365 1135
5345 1353
3853 1038
3459 181
5426 2315
4579 1917
4702 2135
4414 1377
3366 1679
3446 2241
3202 725
3552 1904
4087 2455
4182 2798
5969 2686
5829 2534
3394 2640
5685 568
4089 1459
4172 400
5660 1828
6161 348
4328 648
4549 417
5980 2225
4231 176
4950 807
5921 1748
4073 1593
5742 171
3538 81
4895 37
5835 2395
5198 2223
