90 67
2745 1422
2468 275
3602 1143
4337 1143
4212 1689
3077 1235
3920 1437
4272 214
3538 1543
2327 2173
3862 804
3732 939
3729 2081
2387 15
4212 277
3274 1768
3116 19
2447 1695
2337 1216
2735 1750
2662 154
2457 1635
3203 1166
2403 1943
3276 429
3728 491
3013 1679
2661 1764
4420 2086
3461 1073
3079 416
4128 1496
2745 1701
2715 5
4327 1572
2732 739
3934 498
3006 470
2811 1170
4068 900
2331 548
4017 1101
3990 1630
3191 470
3988 1957
2544 28
3995 283
2611 961
3125 1477
3656 2155
2465 1880
3281 1345
3074 1171
3795 2164
2874 2039
3935 882
4202 1500
4465 1431
3014 1497
2850 94
3871 888
2856 93
2393 1888
4206 887
3669 1213
3738 2015
3926 2147
3814 1081
4125 872
3321 203
3193 1814
3522 810
4466 1360
2451 881
3059 212
3336 1559
2997 414
3124 2152
4282 1014
2323 28
2336 147
3942 606
3257 835
3786 1543
2812 678
2738 1698
3861 1948
3333 490
2657 1227
3674 1899
